θ0,θ1,θ2,θ3,ϕ1,ϕ2
1.0,1.0,1.0,1.0,1.0,1.0
-2.16,1.0004937187957563,1.0001645376043033,2.0,0.9990125624084872,0.999603402073687
-2.16065825640006,1.000787957569154,1.0000451306410625,1.999206804147374,0.9984240848616917,1.0013345533772526
-2.1608330882102162,1.0012106968685106,1.0001316836296748,2.0026691067545053,0.9975786062629786,1.0022550911423673
-2.1613423804981853,1.0016380762244286,1.0002304421822008,2.0045101822847347,0.9967238475511427,1.0036892953371577
-2.1618685184066297,1.0019075874876529,1.0001292711069187,2.0073785906743153,0.9961848250246944,1.006900653899981
-2.162036858594572,1.002401071348869,1.000288918180069,2.013801307799962,0.9951978573022624,1.0063674280271575
-2.162689989528938,1.002806441775003,1.000306748175179,2.012734856054315,0.9943871164499939,1.0065071894497784
-2.163113189950182,1.00330172343186,1.0004781070480777,2.0130143788995567,0.9933965531362803,1.0069458111819272
-2.163779830479938,1.003657825563384,1.000514455494259,2.0138916223638543,0.9926843488732323,1.0117107189345689
-2.1641722810576427,1.0041546853028036,1.0006900991319252,2.0234214378691378,0.9916906293943927,1.0114110112090031
-2.164844784434729,1.0046536182862404,1.0008615841257837,2.0228220224180062,0.9906927634275191,1.0108791574038996
-2.165515202412024,1.0051416735820318,1.001034490625338,2.021758314807799,0.9897166528359366,1.0108108335353723
-2.1661761642073696,1.0056337329297271,1.0011996785018715,2.0216216670707445,0.9887325341405458,1.0101997229612067
-2.1668334114315986,1.0059980449177084,1.001209289578343,2.0203994459224135,0.9880039101645831,1.0109055795768054
-2.1672073344960516,1.0063142690837814,1.001148151126457,2.0218111591536108,0.9873714618324372,1.013037563821925
-2.1674624202102386,1.0068055445046034,1.0013154557787358,2.02607512764385,0.9863889109907935,1.0126655481168423
-2.168121000283339,1.007269040324435,1.0014365079301988,2.0253310962336846,0.9854619193511301,1.0131968338281931
-2.168705548254634,1.0075109399316153,1.0012920321234606,2.0263936676563863,0.9849781201367696,1.0163593659600252
-2.168802972055076,1.0079986736891222,1.001455883044224,2.0327187319200504,0.984002652621756,1.0163481352359982
-2.1694545567333465,1.008473658951057,1.001599932049023,2.0326962704719964,0.9830526820978864,1.0158306051582633
-2.1700735910000803,1.0088667749717957,1.0016131447186414,2.0316612103165266,0.982266450056409,1.0156469700248756
-2.150991503076742,1.00932184253255,1.001733635315797,2.031293940049751,0.9813563149349,1.0156313621549355
-2.132322147654714,1.0097657279747136,1.0018509771638038,2.031262724309871,0.9804685440505728,1.0158346086698222
-2.116563266434766,1.0100723555619198,1.0017457851901108,2.0316692173396445,0.9798552888761606,1.0162670319462523
-2.100656066712433,1.0105082101243577,1.0018404931764646,2.0325340638925047,0.978983579751285,1.0167231616902348
-2.0868163073794803,1.010985638147717,1.0019814550700852,2.0334463233804696,0.9780287237045666,1.0166487443308667
-2.075709654799409,1.0114689333291096,1.0021485916946355,2.0332974886617334,0.9770621333417812,1.016588100878103
-2.065785768043554,1.011898653263593,1.0022237338540576,2.033176201756206,0.9762026934728143,1.016413049816865
-2.057232776973848,1.0123594392700146,1.0023485921794593,2.03282609963373,0.9752811214599713,1.016305315569899
-2.0500038820344066,1.01284211320995,1.0024968202448221,2.032610631139798,0.9743157735801001,1.015687461178322
-2.044034150472931,1.013311942558487,1.0026407855747608,2.031374922356644,0.9733761148830259,1.017964636144426
-2.038931764548195,1.013658574602814,1.0026399513389987,2.035929272288852,0.9726828507943724,1.0201371175462977
-2.0342379202867766,1.0141185030099689,1.0027632164991707,2.0402742350925953,0.9717629939800625,1.019997762779299
-2.0303245053803893,1.0145496170236814,1.0028304238007564,2.039995525558598,0.9709007659526372,1.0202749597951795
-2.0272565556155637,1.0150123664878419,1.002975953674502,2.040549919590359,0.9699752670243164,1.0225493770299234
-2.0248863198724045,1.015381889075737,1.002977120487768,2.045098754059847,0.9692362218485262,1.0244743520001929
-2.0230482965436423,1.0158474911776474,1.0031304940189647,2.0489487040003858,0.968305017644705,1.0247978858271696
-2.0218607551147665,1.0163020366410334,1.0032583305504332,2.049595771654339,0.9673959267179332,1.024697516259967
-2.0210542884629126,1.0167335652765768,1.00335148556347,2.049395032519934,0.9665328694468466,1.02782017573249
-2.0207430448376518,1.0169061780653883,1.0030322761921158,2.05564035146498,0.9661876438692235,1.029848833336716
-2.020094706760769,1.017229130976131,1.0029568309637573,2.059697666673432,0.9655417380477382,1.031587875846974
-2.020189230308331,1.0176945238853683,1.003070322100899,2.063175751693948,0.9646109522292637,1.0311205362575406
-2.0208327324915154,1.018149078471255,1.0031813153989586,2.0622410725150813,0.9637018430574903,1.0314462585609394
-2.021673047001575,1.0185820087561193,1.0032462691858839,2.062892517121879,0.9628359824877619,1.0320126088664325
-2.0225321955217326,1.0190270981461607,1.0033282083300634,2.064025217732865,0.9619458037076792,1.0316649102212645
-2.0236517786516517,1.0195080490815998,1.0034692433578487,2.063329820442529,0.9609839018368008,1.0318518218769601
-2.0249820382529253,1.0199756507867255,1.0035947612073093,2.0637036437539202,0.9600486984265495,1.0326678860187863
-2.0263035286714044,1.0204480282440895,1.0037252568910633,2.0653357720375727,0.9591039435118213,1.0325071848736351
-2.027590054050632,1.0208805179377443,1.003776693294693,2.0650143697472703,0.9582389641245118,1.0326802093344727
-2.028806170776751,1.0213515806233093,1.0038956038608553,2.0653604186689454,0.9572968387533817,1.0323355929575841
-2.029923913049783,1.0218196370798571,1.0040354519712213,2.0646711859151683,0.9563607258402862,1.0325542600947775
-2.0310379779511396,1.0222825571730172,1.004171231446479,2.065108520189555,0.9554348856539658,1.0346602424799787
-2.032076040463124,1.0227582953868954,1.0043045678968643,2.0693204849599574,0.9544834092262091,1.0349378286212478
-2.0329213148014804,1.0231030010626199,1.0042741921454312,2.0698756572424957,0.9537939978747603,1.036647253861025
-2.0335065479072054,1.0235729112946859,1.004399896838136,2.07329450772205,0.9528541774106283,1.036660158336341
-2.0346405466090376,1.0240339607591837,1.0045313501673636,2.073320316672682,0.9519320784816326,1.0377906169869986
-2.0356855486862813,1.024023242063262,1.0040137662218696,2.075581233973997,0.951953515873476,1.0484204841758449
-2.0354217549154408,1.0244887256508788,1.004118131681471,2.0968409683516898,0.9510225486982425,1.0479781730561968
-2.0365466780882904,1.0249408091710062,1.0042122267287474,2.0959563461123936,0.950118381657988,1.0490284944738046
-2.037574636441914,1.0253839413369539,1.0042788443757074,2.0980569889476093,0.9492321173260927,1.0487129311241494
-2.0382600746977335,1.0258452851650606,1.0043890162102362,2.097425862248299,0.9483094296698794,1.0488479741040708
-2.039199664786682,1.0263182228523846,1.0045120748525518,2.0976959482081416,0.9473635542952311,1.048542425679268
-2.039934462948296,1.026581324056217,1.0043925892872279,2.097084851358536,0.9468373518875663,1.0620032131816173
-2.040032453289845,1.026991773947191,1.0044582166891727,2.1240064263632346,0.9460164521056181,1.0648280641810268
-2.0408533270495255,1.027281192752347,1.0043604837064872,2.1296561283620536,0.9454376144953062,1.0750322096732199
-2.0413865357861685,1.0277030669385212,1.0043918828279839,2.1500644193464398,0.9445938661229577,1.0749329010451623
-2.0426093327850516,1.028129337965055,1.0044855006865978,2.1498658020903245,0.9437413240698902,1.0764262469406702
-2.0441199109327632,1.028447691072308,1.0044229731081218,2.1528524938813405,0.9431046178553842,1.0796471110913533
-2.0456689356710944,1.0289297952608818,1.004560480360592,2.1592942221827065,0.9421404094782364,1.0802722807348042
-2.04804753308144,1.029119243667061,1.0043462909542837,2.1605445614696084,0.941761512665878,1.0889486546916918
-2.050002767352601,1.029500365448613,1.0043298367284226,2.1778973093833836,0.9409992691027741,1.0898735611265014
-2.0528725428264227,1.0292902675557163,1.0033833648123884,2.1797471222530027,0.9414194648885675,1.0944903227693843
-2.0539017410127087,1.0292520928096462,1.002950692587476,2.1889806455387686,0.9414958143807076,1.1162581951313573
-2.0564677086690217,1.029679675166267,1.0029683258256508,2.2325163902627145,0.9406406496674664,1.1161402311701762
-2.060901433421366,1.0300478412559586,1.0029001860487106,2.2322804623403525,0.939904317488083,1.1164829755933996
-2.065311704247295,1.0305518520595218,1.0030506043623213,2.232965951186799,0.9388962958809568,1.116792706444825
-2.0706568625155053,1.0310355698699407,1.0031827531733941,2.23358541288965,0.9379288602601192,1.1179417021709661
-2.0760211095376837,1.031536078857885,1.003345794289523,2.2358834043419322,0.9369278422842308,1.1224431826668169
-2.080753494146901,1.0319648366173617,1.0033992630309814,2.2448863653336337,0.9360703267652772,1.1243386272426754
-2.085072567519566,1.0321688716490203,1.0032250776981648,2.248677254485351,0.9356622567019601,1.1347410090036154
-2.089678588902277,1.0326736747903573,1.0033800450835915,2.269482018007231,0.9346526504192858,1.1356123952940582
-2.0962374221357734,1.0329932629765557,1.0033945240318207,2.2712247905881164,0.9340134740468892,1.1488110672206533
-2.1024976141373015,1.0335014239627474,1.0035224951207706,2.2976221344413066,0.9329971520745057,1.1482688916504522
-2.110092957275222,1.0337679682139889,1.003297481890042,2.2965377833009044,0.9324640635720228,1.149647137098815
-2.116106358254522,1.0339398944164198,1.003078538998819,2.29929427419763,0.9321202111671612,1.1607617432347805
-2.122493613685668,1.034347127076532,1.0031229064900873,2.321523486469561,0.9313057458469364,1.1675198889488625
-2.1296723489731213,1.0348398843152178,1.0032156505095446,2.335039777897725,0.9303202313695652,1.1676540049083042
-2.1371268550000804,1.0352409831022416,1.0031878592205195,2.3353080098166084,0.9295180337955177,1.1709766905184795
-2.1433157779270524,1.0357301189202712,1.0032854701802636,2.341953381036959,0.9285397621594582,1.1716358610725357
-2.1494047013865347,1.0362062043951992,1.0034172649777504,2.3432717221450714,0.9275875912096021,1.1809406259300128
-2.1559115377000113,1.0365092519150307,1.0033283956533485,2.3618812518600256,0.9269814961699389,1.1871346425041802
-2.1610102208835538,1.0370139039979145,1.0034781817418756,2.3742692850083604,0.9259721920041712,1.1894903557020828
-2.1683081225740306,1.037329619534506,1.0034509870095636,2.3789807114041657,0.9253407609309878,1.1993271832797885
-2.173286440107569,1.0377987367409236,1.00352272116412,2.398654366559577,0.9244025265181529,1.200969716907476
-2.1775162706742934,1.038333522148142,1.0037004608180655,2.401939433814952,0.9233329557037161,1.2026179373530987
-2.1815286670467926,1.0385390700125614,1.003379356447384,2.4052358747061975,0.9229218599748772,1.2095698534960417
-2.1834682391830404,1.0389861413088306,1.00340250672236,2.4191397069920835,0.9220277173823389,1.2105046904468344
-2.187155193623948,1.039300667303614,1.0034086813588197,2.421009380893669,0.9213986653927723,1.2325926950865562
-2.189166645569067,1.039830502283307,1.0035698138530633,2.4651853901731124,0.9203389954333863,1.2356867960878934
-2.1926712756467177,1.039889923114336,1.003049942224807,2.471373592175787,0.9202201537713285,1.2412038128873093
-2.1943225977647987,1.0404373608036723,1.0032221842499374,2.4824076257746186,0.9191252783926556,1.2432591079968711
-2.19726556883418,1.0409037571660051,1.0032759404227856,2.4865182159937422,0.9181924856679897,1.2451844286284879
-2.1996512304825697,1.0410891182167306,1.0030295184862976,2.4903688572569758,0.9178217635665389,1.2532460692015404
-2.2007602887024444,1.0416180151143501,1.0032072273611088,2.5064921384030807,0.9167639697712997,1.2579418792835446
-2.204335071436761,1.0421142847652187,1.0033049819082505,2.5158837585670892,0.9157714304695627,1.258959025156032
-2.2065889127681197,1.0426325558095593,1.003412021338583,2.517918050312064,0.9147348883808818,1.258931632948487
-2.2076525889214897,1.0426801638605592,1.0029348756056053,2.517863265896974,0.9146396722788821,1.2692492883486637
-2.2070093950157474,1.0430574314341745,1.003000488111835,2.5384985766973274,0.9138851371316516,1.2943786807528164
-2.2095875917520336,1.0433974313645573,1.0029434549631535,2.5887573615056327,0.9132051372708859,1.2994591090789418
-2.21205274722448,1.0436551454634961,1.0027434129979798,2.5989182181578836,0.9126897090730085,1.3048496941232532
-2.2149752558973907,1.0440919470559318,1.0027577000931556,2.6096993882465065,0.9118161058881373,1.3086046999927925
-2.2191515903696017,1.0444690956406297,1.0027157836100309,2.617209399985585,0.9110618087187414,1.3142976576317378
-2.222783628065901,1.0449466139494348,1.0028317868854628,2.6285953152634756,0.9101067721011311,1.3242019143455424
-2.227400004986249,1.0454206081427484,1.002931853661689,2.6484038286910847,0.9091587837145039,1.3291378857271356
-2.2314413459706115,1.0457060321584035,1.0027036056594727,2.6582757714542713,0.9085879356831934,1.3360635240375756
-2.235064240775534,1.0461893162398619,1.0028082116506398,2.672127048075151,0.9076213675202769,1.3444345272716394
-2.2407103021164336,1.0467286180691595,1.0029555905219436,2.6888690545432787,0.9065427638616818,1.3466049011063692
-2.2455717016233896,1.047311398442164,1.0031910469621834,2.6932098022127384,0.9053772031156726,1.3513648741697013
-2.2521091183666657,1.0475069311433234,1.0028314863802852,2.7027297483394026,0.9049861377133539,1.356422360965688
-2.2561974002312857,1.0480757710810809,1.00300438515928,2.712844721931376,0.903848457837839,1.356715109071625
-2.262691405922343,1.0486562272642121,1.0031753851923415,2.71343021814325,0.9026875454715761,1.3565953849411976
-2.2672581744742213,1.0485103418901924,1.0024805714648166,2.713190769882395,0.9029793162196157,1.3718225046488148
-2.2696717053129465,1.048975152557347,1.0025745726802098,2.7436450092976297,0.9020496948853067,1.382619964732876
-2.275238610321001,1.0495262001340235,1.0027021476614895,2.765239929465752,0.9009475997319536,1.3826950634132127
-2.2799727446199127,1.0495434303779183,1.0021097141892357,2.7653901268264254,0.9009131392441642,1.3930785232988672
-2.283503695548421,1.0498042532701237,1.0017875284214555,2.7861570465977343,0.9003914934597531,1.400739225989498
-2.2891960340599073,1.0504011020959862,1.0019725545914238,2.801478451978996,0.8991977958080282,1.4019929660711568
-2.2969951705378273,1.0501855240633902,1.000948200576872,2.8039859321423135,0.8996289518732203,1.417627605512562
-2.2998332002711517,1.0507052573032136,1.0010552313085879,2.835255211025124,0.8985894853935735,1.4203091234774834
-2.306062168599245,1.0512732808752692,1.0012084899681903,2.840618246954967,0.8974534382494626,1.4208422432349508
-2.311581006073738,1.051629308528885,1.0010598018744183,2.8416844864699016,0.8967413829422309,1.4253313519934097
-2.3151123135149696,1.0522411876901268,1.0012846135871531,2.8506627039868193,0.8955176246197476,1.42592689297869
-2.3195489863697074,1.0527266895382446,1.0013418746457454,2.85185378595738,0.8945466209235119,1.4278441164069973
-2.3219233760448548,1.0532885748443344,1.0015030401703418,2.8556882328139945,0.8934228503113324,1.4297022765276455
-2.3243970082383334,1.0537384026535674,1.00153134669792,2.859404553055291,0.8925231946928661,1.4344033620142522
-2.326017717678286,1.0543405471301976,1.0017285982962763,2.8688067240285045,0.8913189057396059,1.4348652673090454
-2.3272033946253727,1.0548094552587581,1.0017867655297756,2.869730534618091,0.8903810894824848,1.442188938656764
-2.3270854993621914,1.0546635424150586,1.0009318440005153,2.884377877313528,0.8906729151698841,1.4650665439815143
-2.3258302877387833,1.055265461598349,1.001118613819048,2.9301330879630285,0.889469076803303,1.466077021825649
-2.3292530441339787,1.0558817294040468,1.0013338244011218,2.932154043651298,0.8882365411919072,1.4702975878271007
-2.330767149998324,1.0562931731525758,1.0012873294812805,2.9405951756542015,0.8874136536948493,1.4771641752941804
-2.3314212168465427,1.056552729843764,1.0009579725818498,2.954328350588361,0.886894540312473,1.4811135818284373
-2.3334755643467995,1.0571787818705034,1.00117009745341,2.9622271636568747,0.8856424362589942,1.4818280731442113
-2.33535315262984,1.0577446733700875,1.001319520851993,2.9636561462884226,0.884510653259826,1.4832829930950584
-2.335676038398091,1.0569955477179556,0.9995729841297908,2.966565986190117,0.8860089045640899,1.5063409834191464
-2.3327578375397096,1.0576232631764508,0.9997736046587199,3.0126819668382927,0.8847534736470993,1.5065263505773256
-2.334575517550616,1.0579199525307028,0.9994858665519254,3.0130527011546513,0.8841600949385955,1.5092007656670845
-2.333646522205576,1.0585044554201215,0.999627181277303,3.018401531334169,0.8829910891597582,1.5105979880661498
-2.3358305735487495,1.0591338796591263,0.999839945473277,3.0211959761322995,0.8817322406817487,1.5148157847189228
-2.3355162205245605,1.059603747741259,0.9998673202692735,3.0296315694378455,0.8807925045174833,1.5212515446477695
-2.333359008337042,1.0602058860767478,1.0000323391079,3.042503089295539,0.8795882278465057,1.5219161741394605
-2.332161622580223,1.0604438104328076,0.9997116720838239,3.043832348278921,0.8791123791343861,1.526601115509273
-2.3289157013972637,1.0609599014860767,0.999710999411017,3.053202231018546,0.8780801970278479,1.526393691890565
-2.328496386734035,1.0615639851883447,0.9998863119752077,3.05278738378113,0.8768720296233117,1.5275986822285221
-2.3283154682683675,1.0621882795237372,1.0001061191723326,3.0551973644570443,0.8756234409525268,1.5293516561441403
-2.3280482386540085,1.0624434951374118,0.9997677255506694,3.0587033122882805,0.8751130097251776,1.5336375911062796
-2.325782410768905,1.0628894891450311,0.9997388038497979,3.0672751822125592,0.8742210217099389,1.5368101245789532
-2.3259303312933706,1.06349910364219,0.9999100277084136,3.0736202491579063,0.8730017927156213,1.5366101437379183
-2.326680329841185,1.0640946518035683,1.0000553505104157,3.0732202874758365,0.8718106963928647,1.53676592241567
-2.3248328494876,1.064519434741045,1.0000825376566576,3.07353184483134,0.8709611305179114,1.5482694174391105
-2.3229103639894535,1.065131760009995,1.0002417365475191,3.096538834878221,0.8697364799800115,1.547853725868597
-2.322710441460546,1.065756122678574,1.000433818366309,3.095707451737194,0.8684877546428538,1.548051297121994
-2.3215075482577463,1.0662656327003197,1.0005442972816805,3.096102594243988,0.8674687345993621,1.553756251658861
-2.317625040285525,1.0665879147266344,1.0002615718750938,3.107512503317722,0.8668241705467327,1.5547970390076797
-2.31444335169526,1.0671681637249986,1.0003832296117763,3.1095940780153595,0.8656636725500042,1.5554139611481477
-2.313120606170525,1.0677758646706144,1.0005626760789172,3.1108279222962953,0.8644482706587728,1.557266461292732
-2.3086760944973013,1.0674055386425991,0.9993322686166971,3.114532922585464,0.8651889227148031,1.5768174063679083
-2.3021830165988533,1.0680469695632033,0.9995642551927731,3.1536348127358167,0.8639060608735947,1.5841732365323775
-2.2997353240442084,1.0680229997261912,0.9987797040322034,3.168346473064755,0.8639540005476188,1.5900032148491245
-2.2948290203183745,1.0679157616581272,0.9980055414926013,3.180006429698249,0.8641684766837466,1.6118637192634693
-2.2930235904436604,1.0683590199260127,0.9979831136785667,3.2237274385269385,0.8632819601479758,1.6195728032769106
-2.2942014675853253,1.0690018309787863,0.9981777161006551,3.239145606553821,0.8619963380424283,1.6194366561947524
-2.296847567013059,1.069556494312292,0.9983038434237702,3.238873312389505,0.8608870113754169,1.6224432056350466
-2.2977524260319275,1.069815958895491,0.997962579473089,3.2448864112700933,0.8603680822090191,1.6254578998058804
-2.2979014762654364,1.070126458937465,0.9977080359083437,3.250915799611761,0.8597470821250709,1.6357759329622594
-2.299828069448323,1.0706645767017262,0.9977284735267282,3.271551865924519,0.8586708465965484,1.6371503597937322
-2.304030765369289,1.071088909298247,0.9975581327752535,3.2743007195874645,0.8578221814035071,1.6376614835414445
-2.3071347013169414,1.071749358243344,0.9977797104148335,3.275322967082889,0.8565012835133129,1.6373331051117137
-2.3111405907585727,1.071934602620193,0.9973971312914074,3.2746662102234274,0.8561307947596147,1.6434179255092025
-2.3137574790740207,1.072386243824169,0.997332160854405,3.286835851018405,0.8552275123516629,1.6492219821233298
-2.3187750467958277,1.0728637648291643,0.9973610399971671,3.2984439642466596,0.8542724703416722,1.6554350302748773
-2.324013833761957,1.0732943403764983,0.9972574644665525,3.3108700605497545,0.8534113192470041,1.6576627579209617
-2.330143220310785,1.0734835138337842,0.9967737462762161,3.3153255158419235,0.8530329723324325,1.6613349037496068
-2.337898811896338,1.0729157088971544,0.9952525018636094,3.3226698074992136,0.8541685822056918,1.6943545555466535
-2.345243338350789,1.073441623680088,0.9952833492585823,3.388709111093307,0.8531167526398242,1.6980946403493307
-2.3574665496548595,1.0736955416933203,0.9949509515282177,3.3961892806986613,0.85260891661336,1.7153055215697643
-2.3698783473136924,1.0742339299809378,0.994990041868284,3.4306110431395287,0.8515321400381248,1.7174010284630707
-2.385089822291242,1.0744621292870566,0.9945326998463785,3.4348020569261415,0.8510757414258873,1.7211714555678745
-2.397209503444816,1.0749936510078386,0.9945588650275538,3.442342911135749,0.8500126979843233,1.722839776999907
-2.4131269885097675,1.0756896131472824,0.9948166070575996,3.445679553999814,0.8486207737054359,1.7236334796360742
-2.4277780161077347,1.0761435557126877,0.9947451475527946,3.4472669592721483,0.8477128885746252,1.7295530457485602
-2.4382460547965943,1.0768072756913312,0.9949502712254004,3.4591060914971203,0.8463854486173384,1.7305071133948557
-2.449098414380037,1.0773171120170124,0.994919226475663,3.4610142267897115,0.845365775965976,1.731208661348071
-2.4578681875899764,1.0777489654791303,0.994772069433763,3.462417322696142,0.8445020690417402,1.7334127043060024
-2.4666051385091157,1.077903536709858,0.9942155191842506,3.4668254086120047,0.8441929265802852,1.739985173240447
-2.473771601395272,1.0785482412535303,0.9944430202386492,3.479970346480894,0.8429035174929402,1.7569687321500598
-2.4824752790031575,1.0789544581661439,0.9942079706561983,3.5139374643001196,0.8420910836677132,1.757346829661637
-2.4895180722565473,1.0794950665236096,0.9942528335973774,3.514693659323274,0.8410098669527819,1.760824911441213
-2.4917391551843053,1.0801471925333375,0.9944441742767536,3.521649822882426,0.8397056149333262,1.7604622174873632
-2.495354216710527,1.0806970763243149,0.994495517357534,3.5209244349747264,0.8386058473513711,1.7629612455839156
-2.4939644802275645,1.0801590983336733,0.9929263505349383,3.5259224911678313,0.8396818033326544,1.7805794548068252
-2.489067102711537,1.0802944083246226,0.992354154181277,3.5611589096136504,0.8394111833507557,1.7932450510648277
-2.488495006605333,1.0805449944100383,0.9918649565287482,3.5864901021296554,0.8389100111799244,1.7947112141152954
-2.488927962113817,1.0810508928961695,0.9918347570625312,3.589422428230591,0.837898214207662,1.7992987488773027
-2.4896128946691873,1.0816580466471009,0.9919308432662225,3.5985974977546054,0.8366839067057992,1.8003589076341953
-2.4871409779019595,1.0823745955645272,0.9921863968204313,3.6007178152683905,0.8352508088709467,1.8006232741637964
-2.484282463178498,1.0830673622405163,0.9924001350575802,3.601246548327593,0.8338652755189688,1.8002049890915486
-2.477747274866454,1.0835845186851698,0.9923427034475331,3.600409978183097,0.8328309626296618,1.8014181991545406
-2.469498232717437,1.0842120252055496,0.992454675870405,3.602836398309081,0.8315759495889024,1.8017945013859638
-2.4603541160705653,1.0847076264839228,0.9923841762955579,3.6035890027719275,0.8305847470321561,1.8036462700832958
-2.4503742395575743,1.0848969491321698,0.9918846607753994,3.6072925401665916,0.8302061017356619,1.8069592167635524
-2.4415068380065956,1.0853342360500235,0.9917940991665373,3.613918433527105,0.8293315278999545,1.8116896492761716
-2.434340358935447,1.0860452854625033,0.992032499710517,3.623379298552343,0.8279094290749947,1.8109936611144064
-2.4308801259164508,1.0866770979100349,0.9921985164887682,3.621987322228813,0.8266458041799317,1.8130816167445545
-2.425221354634079,1.087314853786706,0.9923299407719695,3.626163233489109,0.8253702924265897,1.8137833777413976
-2.4187240114554434,1.087417389989269,0.9916575535308645,3.6275667554827953,0.8251652200214634,1.817552752975851
-2.4091840518364744,1.088116050908436,0.9918781647060155,3.635105505951702,0.8237678981831295,1.8166950837201958
-2.4035988023358885,1.088731192611985,0.9920164363010444,3.6333901674403917,0.8225376147760318,1.8211694033159957
-2.3998136272534665,1.088723035980529,0.9912160882456487,3.6423388066319915,0.8225539280389433,1.8318723597775843
-2.3943218007715066,1.0892414535246573,0.9912135779159907,3.6637447195551687,0.821517092950687,1.838841785339066
-2.3947228159004688,1.08941769499316,0.9906634032883745,3.677683570678132,0.8211646100136815,1.8421611076737843
-2.3946862649003156,1.090040246137943,0.9907674420881587,3.6843222153475685,0.8199195077241153,1.8417403355809632
-2.3886344810660813,1.0905049100472357,0.9906625581307568,3.6834806711619263,0.8189901799055297,1.843308821366886
-2.380768313792661,1.091195406884465,0.990868382225024,3.686617642733772,0.8176091862310713,1.8428218198569006
-2.369235115272016,1.0917712657694914,0.9908852217277273,3.6856436397138013,0.8164574684610185,1.8422574413523511
-2.3568023951970436,1.092484381298975,0.9911451400925382,3.6845148827047023,0.815031237402051,1.8427506716369177
-2.3427412307468067,1.0931941833036243,0.9914130867116964,3.6855013432738355,0.8136116333927527,1.844585589883955
-2.329709064052321,1.0938401551729515,0.991548227787423,3.68917117976791,0.8123196896540983,1.8441445336532973
-2.3164876216295642,1.093861010538918,0.9907614249210578,3.6882890673065947,0.8122779789221656,1.8514481140356365
-2.3001333978657974,1.0945116150788106,0.9909017439211139,3.702896228071273,0.8109767698423803,1.850934293038016
-2.287907089126682,1.0951587102060172,0.9910381635914607,3.701868586076032,0.809682579587967,1.8502630923462744
-2.2757302119453016,1.0958500594757934,0.9912404844620661,3.700526184692549,0.8082998810484144,1.8493800471323847
-2.261522950516041,1.096120446238142,0.9908398682663319,3.6987600942647694,0.8077591075237175,1.8535501492588229
-2.245402790737697,1.0967297248847658,0.9909465117394824,3.7071002985176458,0.8065405502304699,1.8560067662064674
-2.2332173339449133,1.0973269195309558,0.9910589140580267,3.712013532412935,0.8053461609380896,1.8571432800903818
-2.221992367410291,1.0979838798378858,0.9912387915872549,3.7142865601807635,0.8040322403242296,1.8566993666417515
-2.211900426498968,1.0985850932455041,0.9913331615148467,3.713398733283503,0.8028298135089927,1.8566694681524902
-2.201151100523647,1.0991614592464483,0.9913748970737767,3.7133389363049805,0.8016770815071043,1.8562917487691946
-2.1907995132689093,1.099761503550798,0.9914655886043473,3.712583497538389,0.8004769928984049,1.857633157339024
-2.180036192736089,1.1004565908003408,0.991710870976807,3.715266314678048,0.7990868183993194,1.85865662771695
-2.1694985527439012,1.1011017920856834,0.9918652276088289,3.7173132554339,0.7977964158286344,1.8579196656024584
-2.159196158017139,1.101695437722557,0.9919325701832751,3.7158393312049167,0.7966091245548872,1.8571331342146948
-2.1515819932991542,1.1023840671040297,0.9921515751438148,3.7142662684293897,0.7952318657919416,1.85663109721695
-2.1441088185026738,1.1027625300349075,0.9919359974881639,3.7132621944339,0.7944749399301859,1.8613883367013968
-2.1375527540226926,1.1034381610900734,0.9921421744498942,3.7227766734027936,0.793123677819854,1.861076480469532
-2.1330531175919845,1.103409540753404,0.9912327612742298,3.722152960939064,0.7931809184931929,1.8641113065335377
-2.1280245879652995,1.1039219876069957,0.9911647112120178,3.7282226130670755,0.7921560247860095,1.8638443958495226
-2.125925754927185,1.1045914216704156,0.9913479820029691,3.727688791699045,0.7908171566591696,1.862945758149502
-2.1251694329317057,1.1052192508246967,0.9914961010067136,3.725891516299004,0.7895614983506075,1.8631990811189232
-2.125107655806663,1.1059018155159388,0.9917102785390346,3.7263981622378464,0.7881963689681234,1.862802379708284
-2.1247400202671183,1.1057444977632251,0.9906563653889267,3.725604759416568,0.7885110044735508,1.8705665195156134
-2.1222805877243607,1.1064299084350313,0.9908718959509882,3.7411330390312267,0.7871401831299383,1.8696856502969874
-2.121443768507748,1.1061538191800602,0.9895704789953155,3.739371300593975,0.7876923616398807,1.8775637227146424
-2.1185028277289413,1.1068191895189445,0.9897669480708918,3.755127445429285,0.7863616209621119,1.8780734511790476
-2.1185711700832655,1.1072310000124992,0.9895585395659443,3.756146902358095,0.7855379999750026,1.8780178019084597
-2.118012406343662,1.1078277753437054,0.9896754821664361,3.7560356038169194,0.7843444493125904,1.8800602920453346
-2.1183467263042943,1.1085135295605422,0.9898870452527846,3.7601205840906693,0.7829729408789168,1.8790138529313294
-2.1191113566400546,1.1091675969534662,0.9900703776779542,3.7580277058626588,0.7816648060930688,1.8785984647350773
-2.1202849128202303,1.1096151866175092,0.9899431143135805,3.7571969294701546,0.7807696267649826,1.8790241799840006
-2.1212707300919247,1.1102882832501815,0.9901360128955429,3.7580483599680012,0.7794234334996379,1.8781139090740955
-2.123125011406134,1.110945059459304,0.9903010951057525,3.756227818148191,0.7781098810813928,1.8770634555177164
-2.1251326501382226,1.1115704278061753,0.990431931866865,3.7541269110354327,0.7768591443876501,1.8765704877847629
-2.126789611877848,1.1117537326468512,0.9899000564241913,3.7531409755695258,0.7764925347062984,1.8776803422408308
-2.12754171880458,1.1123684092165051,0.9900062924758055,3.7553606844816616,0.7752631815669907,1.8768851882848023
-2.1286826338184035,1.1130160131137583,0.9901838067258293,3.7537703765696047,0.7739679737724846,1.8761454010780805
-2.1290554401408786,1.1133834797991904,0.9900022552876133,3.752290802156161,0.7732330404016203,1.8855207200106605
-2.1288788029265486,1.1140378416625552,0.9901747506510056,3.771041440021321,0.7719243166748906,1.8848560611727092
-2.1290395096017383,1.1147058362846622,0.9903624082712291,3.7697121223454184,0.7705883274306765,1.8838595440050665
-2.128949625099283,1.1153757259484396,0.9905750996984131,3.767719088010133,0.769248548103122,1.884023574824144
-2.128702134507144,1.1160239306075568,0.9907286679117097,3.768047149648288,0.7679521387848878,1.8829654743346307
-2.128185238621112,1.116684607688961,0.9909065251697459,3.7659309486692614,0.7666307846220793,1.8818919113225905
-2.127873269010903,1.117175975159605,0.9908387160800085,3.763783822645181,0.765648049680791,1.8821873320874587
-2.128180583226106,1.11778526032977,0.9909457809537013,3.7643746641749174,0.764429479340461,1.8813869451150211
-2.1292402192257964,1.117153230647305,0.9891558816116186,3.7627738902300423,0.765693538705391,1.891926374912017
-2.1259462761465056,1.1178068099757799,0.9893340013518699,3.783852749824034,0.7643863800484414,1.8911563460672585
-2.126903273024747,1.1183673740782645,0.9893723441286437,3.782312692134517,0.7632652518434722,1.8913707384142795
-2.1272315767316283,1.1189091884942892,0.9893560359677235,3.782741476828559,0.7621816230114224,1.8905936282392963
-2.1275178830695003,1.1193482661073704,0.9892176851203602,3.7811872564785927,0.7613034677852603,1.8921448697028453
-2.1279357469358016,1.1198040098228654,0.9890760034316486,3.7842897394056907,0.76039198035427,1.8916311088632127
-2.1290178177347037,1.120348220220701,0.9890824627171341,3.7832622177264255,0.7593035595585993,1.8910771224204033
-2.1293990089070522,1.12075164841357,0.9889028837705068,3.7821542448408065,0.7584967031728613,1.8912875510372718
-2.1290287286983465,1.12136727349517,0.9890261270694638,3.7825751020745435,0.7572654530096611,1.8910181337064502
-2.129833410595807,1.1216791797435175,0.9886912555011571,3.7820362674129004,0.7566416405129663,1.8918806045118268
-2.1303226396424466,1.1223122128602343,0.9888395328596203,3.7837612090236536,0.7553755742795326,1.8914640601833543
-2.1329710147087715,1.1224621728071003,0.9882227255525503,3.7829281203667087,0.7550756543858005,1.892184858319214
-2.134567473743242,1.1230500970454906,0.9883056885421293,3.784369716638428,0.7538998059090198,1.8918140985907126
-2.138045141396141,1.1236468235150292,0.9884412953573938,3.783628197181425,0.7527063529699429,1.8917928931914931
-2.141391387361902,1.1242987686572528,0.9886133353153087,3.7835857863829863,0.7514024626854957,1.8907283220662832
-2.1450732226463542,1.1247366646625157,0.9884807654090094,3.7814566441325663,0.7505266706749701,1.8924031034854165
-2.148400975263529,1.1253639021105541,0.9886142491614179,3.784806206970833,0.7492721957788933,1.8916322271479296
-2.152912889598949,1.125094649969498,0.987313058166577,3.783264454295859,0.7498107000610056,1.8948315941455098
-2.1548092387779887,1.1255699122545069,0.9872129792121356,3.7896631882910197,0.7488601754909879,1.894393116135085
-2.160103358020259,1.1262028332363891,0.9873588440982664,3.78878623227017,0.7475943335272234,1.893513843728838
-2.166006417897467,1.1265849351519108,0.9871171132434857,3.787027687457676,0.7468301296961799,1.8938452774057084
-2.172071328071936,1.1267497275909082,0.9866007585245163,3.787690554811417,0.7465005448181854,1.9016455258482075
-2.174894888287237,1.1271586705453214,0.9864154563416377,3.803291051696415,0.745682658909359,1.9025408372314403
-2.1792905528793347,1.1277037664112803,0.9864161306970846,3.8050816744628806,0.7445924671774412,1.902129595491986
-2.1843192551757813,1.1281248754646098,0.9862320945948354,3.804259190983972,0.7437502490707821,1.9019799585816326
-2.188979901907879,1.1282624129116194,0.9856254993581747,3.803959917163265,0.743475174176763,1.9035323978979932
-2.192902528586836,1.1286819446729903,0.9854418670806875,3.8070647957959864,0.7426361106540215,1.9031122967072849
-2.1998881207192293,1.1289611256171908,0.9850708405543067,3.8062245934145698,0.7420777487656208,1.9045815554584693
-2.208404698344812,1.1294667185530909,0.9850524546014904,3.8091631109169386,0.7410665628938204,1.9045242426194036
-2.2179011689102044,1.1301019029405193,0.9852109245798487,3.809048485238807,0.7397961941189637,1.9057600698471684
-2.2282404050165114,1.1303004627476054,0.9847439006419241,3.811520139694337,0.7393990745047914,1.9095099077581736
-2.2364469067356496,1.1309448280222167,0.9849198663655618,3.8190198155163473,0.7381103439555686,1.910702450956802
-2.247829597887868,1.13159266425279,0.9850909494955649,3.821404901913604,0.7368146714944219,1.9098141289159136
-2.2571692614631496,1.13208250007537,0.9850059547615376,3.8196282578318272,0.7358349998492618,1.9091999447773096
-2.2651523432679768,1.1316457497584307,0.9836035499905902,3.818399889554619,0.7367085004831403,1.919134452266865
-2.2711113316653866,1.1317813665485679,0.983037093957895,3.83826890453373,0.7364372669028659,1.925111172323361
-2.281357920370355,1.1318932075419923,0.9824030566325459,3.850222344646722,0.7362135849160172,1.9292926301095574
-2.292185602648005,1.1325431851370735,0.9825721610770892,3.858585260219115,0.7349136297258547,1.9287930605743668
-2.307020768887468,1.1330655724537901,0.9825336136737245,3.8575861211487337,0.7338688550924216,1.9282310807769112
-2.3181713368113854,1.1332846164340857,0.9821733205683574,3.8564621615538224,0.7334307671318303,1.9449078686287882
-2.328269614789832,1.1337766664184066,0.9821162655272202,3.8898157372575763,0.7324466671631885,1.9480868924764512
-2.340420453151843,1.134364677172271,0.9821930766349778,3.8961737849529023,0.7312706456554596,1.9476231713593648
-2.355779693435355,1.134831989800451,0.9821320058023897,3.8952463427187296,0.7303360203990998,1.9512471927572186
-2.3692523181693512,1.135312912752635,0.9820514315538977,3.902494385514437,0.7293741744947321,1.9549181931914772
-2.382254754355295,1.1356202796332535,0.9817416413850064,3.9098363863829544,0.7287594407334951,1.9572793160123587
-2.3948880284183756,1.1360265888823644,0.9815127577208494,3.9145586320247174,0.7279468222352734,1.9578936170120014
-2.407776139300219,1.136025557857035,0.9807054195412069,3.9157872340240027,0.7279488842859322,1.9640489844614462
-2.4184528151569245,1.1365898603989246,0.9807623417738631,3.9280979689228923,0.7268202792021532,1.96754681016177
-2.4313980682986065,1.1372495604509172,0.9809247778943727,3.93509362032354,0.725500879098168,1.9668792569299562
-2.4428923075550038,1.1370567391307298,0.979854480753077,3.9337585138599125,0.7258865217385426,1.9761197643519455
-2.4498066384937047,1.1360084169956566,0.9774121241607702,3.952239528703891,0.7279831660086892,1.9923374954580773
-2.4572476313954685,1.136599354841946,0.9774492741238703,3.9846749909161545,0.7268012903161105,1.9926225159365816
-2.4709922032633163,1.1368125671862919,0.9770097451332559,3.985245031873163,0.7263748656274186,1.9975565932441157
-2.4850431111645097,1.1374962340690986,0.977193051186947,3.9951131864882314,0.7250075318618049,1.9965367674844239
-2.5029197058283494,1.137975422110713,0.9770817700304827,3.9930735349688478,0.7240491557785761,1.9982848308899073
-2.517985311038503,1.1386496004798712,0.9772758750758346,3.9965696617798145,0.7227007990402596,1.9987110250244966
-2.5303484125619105,1.139095774067759,0.9771040635319737,3.997422050048993,0.7218084518644838,1.9992838721673927
-2.5385897153896924,1.1397759929470939,0.9772883248593004,3.9985677443347853,0.7204480141058142,1.9984594802747109
-2.5455465891133517,1.140361364206431,0.977343821607843,3.9969189605494218,0.71927727158714,1.9990992606115598
-2.5518895290399923,1.1404699093612545,0.9766560277681363,3.9981985212231197,0.719060181277493,2.0036347475576104
-2.5560470252869423,1.1407533112462003,0.976291851250219,4.007269495115221,0.7184933775076016,2.0070969085212345
-2.560480893296749,1.141293286462167,0.976232915131482,4.014193817042469,0.7174134270756682,2.0064775893188056
-2.5658591628587315,1.1418620722435728,0.9762502729294713,4.012955178637611,0.7162758555128567,2.0058161060881403
-2.571208009006128,1.141545395698609,0.9749717979331233,4.011632212176281,0.7169092086027842,2.017189191931282
-2.5732682410099335,1.142225103420134,0.9751513013708254,4.034378383862564,0.715549793159734,2.0162231691863752
-2.5799814476922385,1.1428786173213306,0.975303127890609,4.0324463383727505,0.7142427653573411,2.016867620150178
-2.58287687808047,1.1433605374637381,0.9751479049832893,4.033735240300356,0.7132789250725262,2.0162588957978116
-2.5831338276333424,1.1437472402580033,0.9749216893583784,4.032517791595623,0.7125055194839959,2.0191175863038624
-2.5809480542787755,1.1440844647862758,0.9745839623194923,4.038235172607725,0.711831070427451,2.0196071822684614
-2.5792224516419737,1.1444343153112506,0.9742619403594039,4.039214364536923,0.7111313693775012,2.0208320537300803
-2.58039743428594,1.1448641277121219,0.9740617276770117,4.041664107460161,0.7102717445757587,2.0214455770262063
-2.579699893126727,1.1452769653253636,0.9738539658260889,4.042891154052413,0.7094460693492753,2.0225960502371874
-2.574719083553533,1.1444333368803363,0.971814091263352,4.045192100474375,0.71113332623933,2.0433175975970563
-2.567380896814429,1.1449911527147016,0.9717777192021454,4.086635195194113,0.7100176945705994,2.042538808253925
-2.565828188503657,1.145102616951216,0.9711056136918346,4.08507761650785,0.7097947660975709,2.0486592241528605
-2.5648944298559915,1.1457662328145846,0.9712483708302235,4.097318448305721,0.7084675343708337,2.04794194991488
-2.5666481733099786,1.1454375419647582,0.9698652731672773,4.09588389982976,0.7091249160704864,2.0536831346792734
-2.5645083281054792,1.145176239449034,0.9685595097976993,4.107366269358547,0.7096475211019352,2.060973619444659
-2.5649336826876015,1.1456659763458492,0.9684150125813713,4.121947238889318,0.7086680473083047,2.0606474312967795
-2.5720138909867907,1.1463531144915073,0.9685932948637724,4.121294862593559,0.7072937710169885,2.0601162265271418
-2.5803508717253294,1.1465533320650454,0.9680675028353903,4.1202324530542835,0.7068933358699122,2.063977603571449
-2.583281441992873,1.1468064052314775,0.9675751836500575,4.127955207142898,0.706387189537048,2.068497734421512
-2.586610329386305,1.1474643371403346,0.9677114261970009,4.136995468843024,0.7050713257193338,2.06843113695794
-2.5923581227553334,1.1478465835781722,0.9674541843535897,4.13686227391588,0.7043068328436589,2.0703146747620176
-2.5967736515184376,1.1483840550148585,0.9674199519420243,4.140629349524035,0.7032318899702864,2.070687021693983
-2.599368361991677,1.1487005209305972,0.9670061725184637,4.141374043387966,0.702598958138809,2.070779800951363
-2.6036543044816858,1.1488631516564707,0.9663633839511753,4.141559601902726,0.7022736966870617,2.0722533295683085
-2.609761942022817,1.149144587481912,0.9659059181918833,4.144506659136617,0.7017108250361794,2.0734650707967393
-2.6175964505646245,1.1489526233102787,0.9647422212564052,4.1469301415934785,0.7020947533794462,2.0839682574293135
-2.624768600487944,1.1495040940748682,0.9647476070146989,4.167936514858627,0.7009918118502674,2.0858935866741004
-2.6356609496802794,1.1499828584206915,0.9646322546058503,4.171787173348201,0.7000342831586206,2.091322262771194
-2.6453781182655867,1.150148254110978,0.9640416527595682,4.182644525542388,0.6997034917780476,2.09518825460683
-2.654101029503937,1.1508526613418952,0.9642324985069916,4.19037650921366,0.6982946773162132,2.0941516514739784
-2.6651966394062514,1.1515071613052723,0.9643827929013221,4.188303302947957,0.6969856773894589,2.0971410756330076
-2.669800680337234,1.1521976076684417,0.9645517919015043,4.194282151266015,0.6956047846631199,2.096177840230133
-2.6734625417041245,1.1516202766167145,0.9627716781957296,4.192355680460266,0.6967594467665742,2.1063499217628103
-2.6689507280713243,1.1520874263599745,0.9626069251064466,4.212699843525621,0.695825147280054,2.1082999305546846
-2.6737410864339846,1.152360005228997,0.9621372990070797,4.216599861109369,0.6952799895420088,2.1101242708081798
-2.675009833283136,1.1522095634939453,0.9609746632459675,4.2202485416163595,0.695580873012112,2.112738150642248
-2.6731841071507567,1.1527552436087956,0.9609079521874102,4.225476301284496,0.6944895127824116,2.1127943620935454
-2.675368468461274,1.1524618994586044,0.9595409274614941,4.225588724187091,0.6950762010827936,2.1220552268273245
-2.677911594230664,1.153105014418033,0.9596213985957474,4.244110453654649,0.6937899711639365,2.121291088788048
-2.684204424419055,1.1533465974578305,0.9590859578083604,4.242582177576096,0.6933068050843415,2.1232653076140866
-2.6841744763530437,1.1539753127903631,0.9591650261010665,4.246530615228173,0.6920493744192764,2.123859879299446
-2.687490708693497,1.1546692743010074,0.9593450567328066,4.247719758598892,0.6906614513979877,2.1234107492933245
-2.6892847963171462,1.1549834896988538,0.9589640667683363,4.246821498586649,0.6900330206022949,2.125294649589205
-2.688500080407337,1.1556775630003107,0.9591397929261187,4.25058929917841,0.6886448739993811,2.125400103512397
-2.688488314877867,1.1562935571872226,0.9591905667446916,4.250800207024794,0.6874128856255572,2.124904912686762
-2.684848077084565,1.1563261916934002,0.9583005753676807,4.249809825373524,0.687347616613202,2.1264730461882935
-2.6776922674360684,1.1565056836818028,0.9576780161813524,4.252946092376587,0.6869886326363968,2.1275654493940093
-2.6701735573477894,1.15642089504194,0.9566013053628782,4.2551308987880185,0.6871582099161225,2.127956687954372
-2.6559523017042834,1.1565433769516642,0.9559286750279973,4.255913375908744,0.6869132460966739,2.1324190525490714
-2.644580621825705,1.157017070728849,0.9558063225354582,4.264838105098143,0.6859658585423045,2.1344621433310795
-2.6343568745564556,1.1567000931611187,0.9544514917548537,4.268924286662159,0.6865998136777651,2.142778295675784
-2.624454795914638,1.1561611861698338,0.9527894154640113,4.285556591351568,0.6876776276603349,2.1529084860071146
-2.6181700629237916,1.1559723981821335,0.9516474674759662,4.305816972014229,0.6880552036357354,2.167633906680534
-2.6191850088294926,1.1565913975168534,0.9516881725551183,4.335267813361068,0.6868172049662954,2.16699537873313
-2.6214184984228384,1.1571289106699507,0.9516020500900716,4.33399075746626,0.6857421786601009,2.166629781919187
-2.6227651712285156,1.1578512197991913,0.9517979772425746,4.333259563838374,0.68429756040162,2.1656593140078595
-2.6190666268130025,1.1577665661221002,0.9507890826274382,4.331318628015719,0.6844668677558023,2.176413024887001
-2.6083438785080135,1.1584941197641858,0.9510129432134197,4.352826049774002,0.6830117604716311,2.1775619658109937
-2.6023453080396735,1.1589047075595156,0.9507261683931285,4.355123931621987,0.6821905848809716,2.178070047021973
-2.5903516244312654,1.1596225062717944,0.9509289185210154,4.356140094043946,0.6807549874564138,2.1783266930759075
-2.583586034114786,1.160331188442846,0.9511011694914288,4.356653386151815,0.6793376231143106,2.177222953086175
-2.5742862063761085,1.1603016676716085,0.9500692326763215,4.35444590617235,0.6793966646567855,2.1788720931505474
-2.5612718880537955,1.1608338016118267,0.950046291666308,4.357744186301095,0.6783323967763492,2.179806024110251
-2.5454637857229088,1.1614650523715886,0.9501107342696097,4.359612048220502,0.6770698952568255,2.179780264563552
-2.529558574337102,1.1621112081568066,0.950185180622714,4.359560529127104,0.6757775836863896,2.1789728936603234
-2.515100229370665,1.1628295086931286,0.9503797728414052,4.357945787320647,0.6743409826137454,2.17795750430318
-2.501345161328617,1.1629675419729262,0.9496800907330611,4.35591500860636,0.6740649160541503,2.1803403850961574
-2.4828578931385326,1.1633551223665306,0.949339308640024,4.360680770192315,0.6732897552669413,2.181197225158446
-2.4721326958472303,1.1638600037768745,0.9492100649576916,4.362394450316892,0.6722799924462537,2.1842691681904842
-2.460981511566429,1.1644003366048714,0.9491306011530197,4.3685383363809684,0.67119932679026,2.1843899479338003
-2.4492539239251694,1.1650858131416784,0.9492783375023178,4.3687798958676005,0.669828373716646,2.1837873027833625
-2.438255408535547,1.165014956338045,0.9482737734946568,4.367574605566725,0.6699700873239129,2.1895347733282318
-2.421185234528838,1.1650444040077388,0.9473832413472383,4.3790695466564635,0.6699111919845255,2.190691608526734
-2.404234799974051,1.1656089798271407,0.9473539014752802,4.381383217053468,0.6687820403457214,2.1909855694257954
-2.389063968721919,1.1662396518968605,0.947428856848867,4.381971138851591,0.6675206962062821,2.190954947674338
-2.3751578738055614,1.1669294949244715,0.9475758656207894,4.381909895348676,0.6661410101510602,2.189888147804844
-2.3648936765057833,1.167546483721601,0.9476187604022536,4.379776295609688,0.6649070325568014,2.1892527194070297
-2.356111120785807,1.1679650236429857,0.9473755551600177,4.378505438814059,0.6640699527140318,2.194232002622857
-2.345530366506711,1.16842343884117,0.9471718745654903,4.388464005245714,0.6631531223176629,2.1944981692710566
-2.3378744768771362,1.169016131188844,0.9471614360051755,4.388996338542113,0.661967737622315,2.193551094830181
-2.331001928339628,1.1697276387041053,0.9473528855447042,4.387102189660362,0.6605447225917923,2.1925325256271098
-2.3235637785118235,1.1704314871432742,0.9475403660813656,4.3850650512542195,0.6591370257134547,2.191590961494939
-2.317367335289229,1.1710068997536371,0.9475284031271745,4.383181922989878,0.6579862004927288,2.190723479055121
-2.313938937208685,1.171688403829948,0.9476736109024709,4.381446958110242,0.6566231923401071,2.189730393675682
-2.308790932064821,1.1723922851642155,0.9478637907647517,4.379460787351364,0.6552154296715723,2.189259571659464
-2.30283977089626,1.1725727144314417,0.9472315318720486,4.378519143318928,0.6548545711371199,2.1902818644879534
-2.295294272535196,1.1731992974585967,0.9473021518082249,4.380563728975907,0.65360140508281,2.189763652916096
-2.291803703368727,1.1734643288478566,0.9467952843788071,4.379527305832192,0.6530713423042904,2.1907501418211237
-2.286417953831574,1.1741639385446878,0.9469900918857388,4.381500283642247,0.6516721229106278,2.1905391166260237
-2.2828707046715535,1.1744245081722142,0.9465228408440395,4.3810782332520475,0.651150983655575,2.19331504313385
-2.2772792922423806,1.1748708082016623,0.9463022194330579,4.3866300862677,0.6502583835966788,2.192958178061343
-2.2732308788052933,1.175523985404448,0.9464098789949962,4.385916356122686,0.6489520291911077,2.192204396006113
-2.272030691872497,1.1747540972219697,0.9443374486332052,4.384408792012226,0.6504918055560643,2.204474962079298
-2.265730364018711,1.1749258542858212,0.9437155744722535,4.408949924158596,0.6501482914283614,2.2059410948775895
-2.2632049136653656,1.175538727676291,0.9437581907430881,4.411882189755179,0.6489225446474217,2.205495924369074
-2.2629957264982283,1.175859676273701,0.9433291496681396,4.410991848738148,0.6482806474526018,2.205226959644896
-2.262310233413259,1.1765621691938546,0.9435133830912438,4.410453919289792,0.6468756616122948,2.204264810508761
-2.264079473439922,1.1772069307944233,0.9436149592595638,4.408529621017522,0.6455861384111574,2.203586269813664
-2.2650381855992268,1.1778916870416092,0.943768743252142,4.407172539627328,0.6442166259167859,2.2024642287418335
-2.265466544250616,1.178585929153504,0.9439408507006095,4.404928457483667,0.6428281416929966,2.2014751506674544
-2.264428595863781,1.177782539201569,0.9418355643578031,4.402950301334909,0.6444349215968663,2.21380913252819
-2.260618815583788,1.1774129531304605,0.9403634877632548,4.42761826505638,0.6451740937390837,2.223086453590406
-2.261223125447967,1.1775937468912383,0.9397244158508213,4.446172907180812,0.6448125062175282,2.223833155707161
-2.2664457509813767,1.178302963257297,0.9399214971935793,4.447666311414322,0.6433940734854109,2.2243133296415785
-2.2763573593365076,1.1782776499751264,0.9389913593145702,4.448626659283157,0.6434447000497521,2.2281520793658376
-2.2853000069421925,1.1787113032115513,0.9387738964895203,4.456304158731675,0.6425773935769024,2.229769234375638
-2.298355951241769,1.179179886242422,0.9385642412415885,4.459538468751276,0.6416402275151608,2.2290731953219023
-2.3113507961186275,1.179293887148577,0.937812019120316,4.458146390643805,0.6414122257028508,2.230125015831315
-2.3245723720987836,1.178633159144793,0.9358642302958242,4.46025003166263,0.6427336817104188,2.23780697278082
-2.3366176288760885,1.1780873699818006,0.9340620983115773,4.47561394556164,0.6438252600364035,2.2426157738009285
-2.3534765974094443,1.1787507044942425,0.9341729345972839,4.485231547601857,0.64249859101152,2.2421077701992664
-2.375764898089817,1.1784457134085697,0.93273640693704,4.484215540398533,0.6431085731828655,2.2463754408019327
-2.3952043763103346,1.1786070898923933,0.932058226561611,4.4927508816038655,0.6427858202152186,2.2487454642099434
-2.419517320869824,1.1793195786146573,0.9322477615781435,4.497490928419887,0.6413608427706906,2.2482420660255684
-2.4439711281044865,1.1800356732363095,0.9324415487436122,4.496484132051137,0.6399286535273859,2.247929503251348
-2.465209759590739,1.1806641838553422,0.9324996579355326,4.495859006502696,0.6386716322893204,2.2474504441204726
-2.4852646793652386,1.1813831103846704,0.9326927779190054,4.494900888240945,0.6372337792306639,2.246607371561991
-2.5039895033611934,1.1797954941218822,0.9292260253325103,4.493214743123982,0.6404090117562401,2.2636221764500077
-2.5164038670396907,1.1804847422885099,0.9293643356302514,4.5272443529000155,0.6390305154229848,2.2628204188609313
-2.5402648200280527,1.1812005722824421,0.9295558068534373,4.525640837721863,0.6375988554351204,2.2627975680663748
-2.5635448639720524,1.1817140580212606,0.9294234436000937,4.5255951361327496,0.6365718839574832,2.2647852049185704
-2.5867027471048827,1.1824039784915588,0.9295660081541897,4.529570409837141,0.6351920430168868,2.263939645987368
-2.6060047826859964,1.1824383899107256,0.9286673363646321,4.527879291974736,0.635123220178553,2.2653288111267638
-2.6185547071770796,1.1802858049963565,0.9242400376986016,4.5306576222535275,0.639428390007291,2.2829445858342874
-2.624937769558862,1.1805251183041316,0.9236568350927654,4.565889171668575,0.6389497633917407,2.284358602736288
-2.645302138780056,1.181243310043625,0.9238265319063469,4.568717205472576,0.637513379912754,2.2833470429223914
-2.6653072836266607,1.1819845338232122,0.9240364482686658,4.566694085844783,0.6360309323535795,2.2824236258376067
-2.680752569746264,1.18270212524035,0.9242150255056139,4.564847251675213,0.6345957495193039,2.2815914203538794
-2.6923135863736434,1.183374918902093,0.9243036460963602,4.563182840707759,0.633250162195818,2.2805229126984905
-2.6991787770599296,1.1840078837467864,0.9243436421772516,4.561045825396981,0.631984232506431,2.2797578490794455
-2.699747372063313,1.1838844939876931,0.9232045568775341,4.559515698158891,0.6322310120246176,2.284580967473977
-2.6893556977648556,1.184611035379436,0.9234123878349637,4.569161934947954,0.6307779292411323,2.2862294333735607
-2.6838802593946007,1.1851960482413022,0.9233615149761801,4.572458866747121,0.6296079035173997,2.2854943940665597
-2.6721837930834598,1.185628846011761,0.9230748541572468,4.5709887881331195,0.6287423079764822,2.2854707344671596
-2.6533896646753297,1.186090557735749,0.922852326462966,4.570941468934319,0.6278188845285062,2.2853248598889806
-2.6377184829642886,1.1859609836294585,0.9216994092224053,4.570649719777961,0.6280780327410872,2.289677753542953
-2.6224185284886063,1.1866132511253713,0.9217599902560889,4.579355507085906,0.6267734977492615,2.288599554596224
-2.61198173710197,1.1872236256439495,0.9217726509934789,4.577199109192448,0.625552748712105,2.288099284909411
-2.599886997851811,1.1879302772343827,0.9219641993433977,4.576198569818822,0.6241394455312386,2.2898955590281553
-2.582179151598991,1.1879536975103935,0.9210398276039883,4.579791118056311,0.6240926049792173,2.2911765771701083
-2.5645352655243325,1.1884680558161262,0.9208765025081734,4.5823531543402165,0.6230638883677516,2.2901855024190105
-2.551765477204161,1.189155063439929,0.9210111401774211,4.580371004838021,0.621689873120146,2.2892071851843134
-2.5353304215606154,1.1898663874060762,0.9211961536417291,4.578414370368627,0.6202672251878515,2.289265359660046
-2.5194203920855607,1.1902222785397147,0.920834760394031,4.578530719320092,0.6195554429205742,2.2900016728779287
-2.4988822170578953,1.1901590843430465,0.9197294409854929,4.580003345755857,0.6196818313139105,2.290443706916648
-2.473225890734355,1.1904898571755445,0.9193195188220948,4.580887413833296,0.6190202856489148,2.291637881284862
-2.4504799672287008,1.1904224711598654,0.9182803873455204,4.583275762569724,0.6191550576802728,2.29764094051251
-2.430988210201544,1.1910393648726865,0.9183174022063851,4.59528188102502,0.6179212702546305,2.296903586213689
-2.417796904844021,1.1917637308422622,0.9185385063329636,4.593807172427378,0.6164725383154792,2.297526164359714
-2.4064324006141304,1.1924124555729698,0.9186196726463041,4.595052328719428,0.6151750888540638,2.2972826497682535
-2.3947125713141735,1.193121746193382,0.9187877289203527,4.594565299536507,0.6137565076132391,2.2961682853139056
-2.3861981252842273,1.1938383313053862,0.9189782713420213,4.592336570627811,0.6123233373892308,2.295850635728568
-2.3754801341787948,1.1945414887744814,0.919142509617446,4.591701271457136,0.6109170224510405,2.2948458776024143
-2.365078455901661,1.1952509179129516,0.9193264975885178,4.589691755204829,0.6094981641741,2.2940429537582223
-2.35731248968118,1.1948682703224074,0.9178021240129897,4.588085907516445,0.6102634593551882,2.2987046714093275
-2.3458369426354304,1.1953989424668987,0.9177179743419636,4.597409342818655,0.6092021150662055,2.2990710077356358
-2.3392702988174565,1.1960936917257263,0.9178906800775729,4.5981420154712715,0.6078126165485505,2.298489322608229
-2.332142006274944,1.1962191617880311,0.9171879422410334,4.596978645216458,0.6075616764239408,2.300855253909341
-2.325660643880194,1.1954789676757829,0.9150382907912141,4.601710507818682,0.6090420646484374,2.307854651535547
-2.318859019455604,1.1960998645523195,0.9150653978745075,4.615709303071094,0.6078002708953643,2.3068457939462506
-2.3195967519255953,1.196814693466235,0.9152468019444214,4.613691587892501,0.6063706130675334,2.305775794368885
-2.317363572551459,1.1970464889507368,0.9146630795841748,4.61155158873777,0.6059070220985296,2.3063111520326407
-2.3160524216574805,1.1975837031221424,0.9146209490973412,4.612622304065281,0.6048325937557186,2.3089329415919275
-2.3176646922532496,1.1982136714155587,0.9146849397603508,4.617865883183855,0.6035726571688861,2.308307117131884
-2.3216850722908005,1.1988950049145664,0.9148168801056906,4.616614234263768,0.6022099901708706,2.307288780727651
-2.3252465387031642,1.1985257171145107,0.9133145572060484,4.614577561455302,0.602948565770982,2.31108220141898
-2.3241898488453874,1.199239371725308,0.9134921035001697,4.62216440283796,0.6015212565493876,2.3099255226462727
-2.3275910762785816,1.1999507765599005,0.9136710547674901,4.619851045292545,0.6000984468802029,2.3088246941044996
-2.3284312001711682,1.2000836935864525,0.9129606969035141,4.617649388208999,0.5998326128270987,2.309872049424925
-2.327028389956878,1.2004518463599305,0.912605184250406,4.61974409884985,0.5990963072801425,2.3099863357787185
-2.3289276173310096,1.2010913895872082,0.9126793429263127,4.619972671557437,0.5978172208255874,2.3094407247807736
-2.3288819568690724,1.2010397922752332,0.9116172910749393,4.618881449561547,0.5979204154495377,2.3101899975484805
-2.327687398764706,1.2015377545904764,0.9114743413452588,4.620379995096961,0.5969244908190512,2.309986467159911
-2.3311315307587437,1.2016269681756135,0.910729641642253,4.619972934319822,0.5967460636487769,2.3139626995490716
-2.3348613143234207,1.2023364072392608,0.9109034856400573,4.627925399098143,0.5953271855214823,2.3127752600730793
-2.342712171598152,1.2030411164670551,0.9110795853401022,4.625550520146159,0.5939177670658935,2.3118172985868393
-2.347106870377966,1.2035707774915834,0.9110140389435222,4.6236345971736785,0.592858445016837,2.312621951553921
-2.34979987148796,1.2040244214690636,0.9108008601678587,4.625243903107842,0.5919511570618764,2.312380511221573
-2.3532342468806386,1.2040704196351666,0.9098922230297479,4.624761022443146,0.5918591607296704,2.312881073525794
-2.3546125783294056,1.2047730783320019,0.9100631428083162,4.625762147051588,0.5904538433359998,2.311877038288884
-2.3562824398761313,1.2050348075155928,0.9095121905067128,4.623754076577768,0.589930384968818,2.3119434210791336
-2.3579064223311366,1.2056041395397445,0.9094718032538566,4.623886842158267,0.5887917209205142,2.3110998862014003
-2.362437569312764,1.2062886989575716,0.9096084796864612,4.6221997724028006,0.5874226020848601,2.309926221009524
-2.3634236549496657,1.2069847793729496,0.9097738251573356,4.619852442019048,0.5860304412541041,2.3089185258110563
-2.362417838635966,1.2076718193702742,0.9099284207634144,4.6178370516221126,0.584656361259455,2.308094439185702
-2.3603458135618354,1.2083308036259857,0.9100372660238584,4.616188878371404,0.583338392748032,2.3072240249492784
-2.357797839734344,1.208907467620036,0.9100110423936659,4.614448049898557,0.5821850647599314,2.3062733311395927
-2.3507607201594847,1.2095269450781339,0.9100545950325497,4.612546662279185,0.5809461098437355,2.305253632995266
-2.3449394556918013,1.210054254607732,0.9099828723390382,4.610507265990532,0.5798914907845395,2.305345028469419
-2.3380100791998477,1.210736135872464,0.9101291678848592,4.610690056938838,0.5785277282550755,2.3043097989129624
-2.3303689674944583,1.2113947237567897,0.9102484800645038,4.608619597825925,0.5772105524864243,2.30343462113112
-2.3245465540977794,1.2120164210414783,0.9103173180300022,4.60686924226224,0.5759671579170469,2.302939338640411
-2.318407482931343,1.2126556346199828,0.9104001107966742,4.605878677280822,0.574688730760038,2.3018271611195544
-2.3104947713062836,1.213247157027757,0.9104031734370579,4.603654322239109,0.5735056859444896,2.3007287712973077
-2.3019038296133676,1.2135791790631323,0.909960638812477,4.601457542594615,0.5728416418737391,2.2998888742873524
-2.2914555470346563,1.2141394889023343,0.9099118190345923,4.599777748574705,0.571721022195335,2.2991431859479787
-2.283695059623421,1.2140650995773101,0.9088684980254756,4.5982863718959575,0.5718698008453831,2.300342967174302
-2.2754466315939035,1.2145919404360155,0.908787643982471,4.600685934348604,0.5708161191279724,2.2995174922480053
-2.2702973113662184,1.215191239287435,0.9088311083146116,4.599034984496011,0.569617521425133,2.2991656757818655
-2.2653067828323037,1.2155648405999229,0.9084989231353553,4.598331351563731,0.5688703188001576,2.2992577161706125
-2.258590595092501,1.2160413310563878,0.9083294186894436,4.598515432341225,0.5679173378872279,2.298801432950057
-2.2538317521135087,1.2165162348059442,0.90817193289091,4.597602865900114,0.566967530388115,2.2981481955875864
-2.24883263354837,1.2171265434784861,0.9082332853723694,4.596296391175173,0.5657469130430309,2.2975101622668817
-2.246508512244007,1.2177156421219455,0.9082517570456679,4.595020324533763,0.5645687157561124,2.2968803164522065
-2.2452761453909007,1.2178795941859906,0.9076071521935367,4.593760632904413,0.5642408116280223,2.297590643626432
-2.2438352845373015,1.218540742271846,0.9077416087266317,4.595181287252864,0.5629185154563116,2.296632983810273
-2.2420058122117337,1.2191042033285395,0.9077180181766702,4.593265967620546,0.5617915933429244,2.2958370508687573
-2.24067456320027,1.2197524859246116,0.9078258860396445,4.591674101737515,0.5604950281507802,2.294689596020908
-2.2397595659829728,1.22033657187592,0.9078435187603765,4.589379192041816,0.5593268562481634,2.29391204588358
-2.2397914509499235,1.22002194334582,0.9064585183907304,4.58782409176716,0.5599561133083637,2.297718166024455
-2.2374432732810225,1.220494335586421,0.9062879950681977,4.59543633204891,0.5590113288271616,2.297021306387689
-2.239788722173122,1.220916495904092,0.9060614274095402,4.594042612775378,0.5581670081918202,2.296850525256281
-2.242926798655421,1.221467612794156,0.9060324912518471,4.593701050512562,0.5570647744116923,2.2961629688586265
-2.2472215262179844,1.2209310165731575,0.9042552357709713,4.592325937717253,0.5581379668536894,2.3072743918275296
-2.2492316862375894,1.2209265155920612,0.9033395529583576,4.614548783655059,0.558146968815882,2.308196614008005
-2.2549237463570595,1.2215711736487502,0.9034451326163214,4.61639322801601,0.556857652702504,2.3072367361541697
-2.2631993800364265,1.2221459187451862,0.9034751544107144,4.614473472308339,0.5557081625096321,2.3076492012122385
-2.271071278824229,1.2227405295566043,0.9034993786766299,4.615298402424477,0.5545189408867959,2.306664545349125
-2.277604277793633,1.223240756261457,0.9034030717282071,4.61332909069825,0.5535184874770906,2.307005299357512
-2.282271541932423,1.2238657936956816,0.9034775135616868,4.614010598715024,0.5522684126086411,2.3060525102225586
-2.287649123793127,1.224315074468516,0.9032834667088593,4.612105020445117,0.5513698510629722,2.305857521237295
-2.2915447746590907,1.2249669255198732,0.9034085291993771,4.61171504247459,0.550066148960258,2.304870729811354
-2.2959758487945936,1.225583869639443,0.9034759860206397,4.609741459622708,0.5488322607211185,2.3038154731506344
-2.2989280130488536,1.2262312479263964,0.9036023668981134,4.607630946301269,0.5475375041472117,2.302973635125099
-2.301712959379341,1.2266277484061814,0.9033038881618695,4.605947270250198,0.5467445031876416,2.3031591803500238
-2.3028274665431168,1.2271651572093585,0.9032393731559102,4.6063183607000475,0.5456696855812873,2.3023535502831045
-2.307776782103399,1.2277458560503147,0.9032438980915792,4.604707100566209,0.5445082878993746,2.3014007156138048
-2.313695379471317,1.2279193895439848,0.9026441553848682,4.6028014312276095,0.5441612209120343,2.301722971789791
-2.3183236250290893,1.2285539455583203,0.9027460482786182,4.603445943579582,0.5428921088833631,2.3007574370358306
-2.3258347439239997,1.2290652886176239,0.902650682566572,4.601514874071661,0.541869422764756,2.299839209921676
-2.331804650261529,1.2297021849382228,0.902755849637554,4.599678419843352,0.5405956301235582,2.2987386315196834
-2.3336187231915893,1.2303193182375134,0.902831939423618,4.597477263039367,0.5393613635249769,2.2976284666563362
-2.333653261704281,1.230909824828212,0.9028923959997093,4.5952569333126725,0.5381803503435798,2.2971204994349885
-2.3322932652094264,1.2314951748574157,0.9029314612051987,4.594240998869977,0.5370096502851723,2.2962112772087986
-2.330320890063222,1.231508775711601,0.9020585446522484,4.592422554417597,0.5369824485768016,2.298897027589501
-2.3239297876724154,1.2318200358476734,0.9016415810599366,4.597794055179002,0.5363599283046565,2.298400092658605
-2.3180841541644672,1.232442723356638,0.9017312231558833,4.59680018531721,0.5351145532867274,2.297437950751044
-2.314307014301217,1.2330277400089933,0.9017901267611593,4.594875901502088,0.5339445199820169,2.2972221956970307
-2.3097943951025655,1.2336132873776655,0.9018101522412146,4.594444391394061,0.5327734252446725,2.296160778334266
-2.30658702167626,1.2341335483136584,0.9017462020194574,4.592321556668532,0.5317329033726869,2.295331057739299
-2.301470441061759,1.234698260162937,0.9017460974054639,4.590662115478598,0.5306034796741298,2.294412937331647
-2.296944164684132,1.23478242391938,0.9009901061506653,4.588825874663294,0.5304351521612436,2.2949655237422406
-2.2906584957838607,1.234358660181732,0.899463225423395,4.589931047484481,0.5312826796365396,2.299396708568554
-2.2852718431551717,1.234950718531697,0.8995247486511754,4.598793417137108,0.5300985629366094,2.301740306293652
-2.2848762543834686,1.2355026410827863,0.899507530900071,4.603480612587304,0.5289947178344306,2.3008975052725864
-2.2849767338810993,1.2361220215266113,0.8995941955748924,4.601795010545173,0.5277559569467808,2.2998008215579255
-2.28467109933729,1.2364183628601315,0.8991695420583499,4.599601643115851,0.5271632742797404,2.2998116859188134
-2.2825146672659864,1.2370120789060717,0.899222099688124,4.599623371837627,0.52597584218786,2.298961794216996
-2.282083699645894,1.2376249646179316,0.8992987731551775,4.597923588433992,0.5247500707641399,2.297855132892307
-2.2803764328557747,1.2380249004878272,0.8990320476918344,4.595710265784614,0.5239501990243487,2.2971899363738952
-2.278662073179003,1.2375078475610628,0.8973835019970231,4.5943798727477905,0.5249843048778775,2.3031200643424614
-2.2769843659820572,1.2376204937474529,0.8966817610792833,4.606240128684923,0.5247590125050973,2.303260885740152
-2.2799889854729276,1.236579992621066,0.8941025702992664,4.606521771480304,0.5268400147578706,2.308109011382848
-2.2817400827359844,1.2371384742997387,0.894095936858488,4.616218022765696,0.5257230514005252,2.307400715175028
-2.290959444815112,1.2373411875699007,0.8935303370591161,4.614801430350056,0.5253176248602012,2.31029221369079
-2.29975825786073,1.2379494270962317,0.8935979497219925,4.62058442738158,0.5241011458075391,2.3092876203055557
-2.3095357388914364,1.2384485478777718,0.8935016250740269,4.618575240611111,0.5231029042444589,2.3086477793908067
-2.3171719235873964,1.2390012258162224,0.8934756371272774,4.617295558781613,0.5219975483675576,2.3076440290856444
-2.325923691641085,1.2396046804674263,0.8935415154625127,4.615288058171289,0.5207906390651497,2.3068699955271565
-2.335166332690228,1.2400136056429654,0.8933034912898286,4.613739991054313,0.5199727887140714,2.3079703991222527
-2.3451555603666563,1.2405905545860594,0.8933411960932377,4.615940798244505,0.5188188908278835,2.307031372850203
-2.356193303741834,1.2405691144836453,0.8924245230349612,4.614062745700406,0.5188617710327115,2.3077512551065458
-2.3656770622038428,1.2408008003653777,0.891882984693048,4.6155025102130915,0.5183983992692466,2.3072390458301215
-2.3760875023097334,1.241188182403565,0.8916044411468679,4.614478091660243,0.5176236351928717,2.30778242625052
-2.3810528073035613,1.2414363535982416,0.8911081526561002,4.61556485250104,0.517127292803519,2.307410469349222
-2.3865144355730044,1.2418486729213039,0.8909016451241308,4.614820938698444,0.5163026541573945,2.3087773830679654
-2.393439844028753,1.2423799418733703,0.8908407507495341,4.617554766135931,0.5152401162532617,2.307744565210973
-2.4023249529442223,1.2428983086651941,0.8907911283991506,4.615489130421946,0.5142033826696142,2.3071551170097244
-2.407781260645423,1.2431608194182564,0.8903278014102763,4.614310234019449,0.5136783611634896,2.3078249498928787
-2.4128085228503755,1.2437504074680839,0.8903755172656209,4.615649899785757,0.5124991850638346,2.3067983535791647
-2.420309058310199,1.2443606314229672,0.8904611587459488,4.6135967071583295,0.5112787371540678,2.3060354558555733
-2.4251550612780615,1.2448251619232904,0.8903047928813456,4.612070911711147,0.5103496761534213,2.305128738516523
-2.425255227774452,1.245330105385226,0.8902331800722116,4.610257477033046,0.5093397892295501,2.304909101498895
-2.4208607042553694,1.2447450508019373,0.8883937360142938,4.60981820299779,0.5105098983961271,2.3072965463089767
-2.409591429182863,1.2448863890414785,0.8877431498742122,4.6145930926179535,0.5102272219170447,2.307698476029883
-2.40307124550115,1.2454532697431455,0.8877528242685041,4.615396952059766,0.5090934605137106,2.3067514439619536
-2.397505879486555,1.2459333289753574,0.8876288451618481,4.613502887923907,0.508133342049287,2.306369521369453
-2.3927643231872144,1.2463571200312142,0.8874196768267392,4.612739042738906,0.507285759937573,2.305640058063757
-2.3877127383428975,1.2468680773943426,0.8873348112748581,4.611280116127514,0.5062638452113161,2.304671839628751
-2.383308465791837,1.24744111868756,0.8873536222349698,4.609343679257502,0.5051177626248813,2.3036204702252037
-2.3795700096601355,1.2475035346177386,0.8865869577062984,4.607240940450407,0.5049929307645243,2.304540388134765
-2.372234681702436,1.2480878214157312,0.8866339600618715,4.60908077626953,0.5038243571685391,2.3035339483022246
-2.3680610544031,1.24791617142453,0.8854956115461183,4.607067896604449,0.5041676571509416,2.3065905581496757
-2.3596964299574865,1.2484795661849846,0.8855088166300663,4.6131811162993515,0.5030408676300324,2.305574833255909
-2.3583695474892497,1.2475671516657405,0.883104846096141,4.611149666511818,0.5048656966685208,2.3095356213427825
-2.352254054984762,1.247934411028029,0.8828262874614596,4.619071242685565,0.5041311779439438,2.3093941481788365
-2.3517016580926366,1.2485358858313347,0.8829037434095466,4.618788296357673,0.5029282283373326,2.308588782121373
-2.351941252873764,1.2487674250989467,0.8823753866165038,4.617177564242746,0.5024651498021085,2.308478801788277
-2.3524996924812895,1.249319195020749,0.8823681515234114,4.616957603576554,0.5013616099585041,2.3075287783020824
-2.3550241760338615,1.249556083515471,0.8819052002687382,4.615057556604165,0.5008878329690598,2.3078507419014946
-2.355676568586034,1.2500642904358539,0.8818218501317359,4.615701483802989,0.4998714191282941,2.306884692369792
-2.3596917012080034,1.2505287588372747,0.8816720418597066,4.613769384739584,0.49894248232545235,2.3059651458227917
-2.364691526774752,1.251048732787604,0.8816317214746902,4.611930291645583,0.49790253442479343,2.305128348725733
-2.3701002961694644,1.251603757613725,0.8816491514410146,4.610256697451466,0.4967924847725516,2.3044572935783623
-2.375646161789167,1.2516937798096792,0.8809004969006472,4.6089145871567245,0.49661244038064334,2.30420171018687
-2.376986716755036,1.252084816683472,0.8806434409681044,4.60840342037374,0.4958303666330581,2.3035633584319344
-2.3793022072452317,1.2526423722983528,0.8806501015074222,4.607126716863869,0.49471525540329614,2.3025616333252734
-2.3829867370726667,1.2528498215064012,0.8801019423527003,4.605123266650547,0.4943003569871992,2.3026768256490135
-2.3852274072949786,1.253038241800012,0.8795166346689222,4.605353651298027,0.49392351639997745,2.302349107799606
-2.388140667332311,1.2535871848990434,0.8795193229908539,4.604698215599212,0.492825630201915,2.3017495366053518
-2.388615215677739,1.2536131710494263,0.8787190639299272,4.6034990732107035,0.4927736579011492,2.303265102857602
-2.3876388767395906,1.254052290359981,0.8785311072461148,4.606530205715204,0.4918954192800401,2.302480897069446
-2.387719613295892,1.254552861492043,0.8784744214487539,4.604961794138892,0.4908942770159162,2.3019277772218834
-2.3888654752197915,1.2551354577198726,0.8785404222168334,4.603855554443767,0.4897290845602571,2.3011192464786165
-2.3880671187420788,1.2541718019959864,0.8761770459379155,4.602238492957233,0.49165639600802946,2.3083780299688925
-2.382770704195842,1.2547504845920583,0.876221380308458,4.616756059937785,0.4904990308158856,2.307473782093107
-2.3814073589890827,1.2553416506676633,0.8763004773355006,4.614947564186214,0.48931669866467536,2.3075383109432654
-2.3778559120935503,1.2559241345315568,0.8763587841267494,4.615076621886531,0.48815173093688824,2.306744789836759
-2.3740515338463863,1.2560461516880992,0.875725696458431,4.613489579673518,0.48790769662380346,2.308927399200423
-2.367250971490213,1.256504038207739,0.875585202161786,4.617854798400846,0.48699192358452376,2.308252950274736
-2.362869262877684,1.2570315199377504,0.8755434240807856,4.616505900549472,0.48593696012450105,2.3073042448889467
-2.357853005610007,1.257593935693748,0.8755802396201282,4.614608489777893,0.48481212861250605,2.3064982002364474
-2.3511635375597484,1.258146426746977,0.8755884200856954,4.612996400472895,0.4837071465060481,2.3055324091812874
-2.3462695228951125,1.2581750669098,0.8747802242464197,4.611064818362575,0.4836498661804024,2.3063445340266413
-2.3386586506629325,1.2586105710862476,0.8746188064581841,4.612689068053283,0.48277885782750724,2.3063659570250095
-2.3339942912457765,1.2591803622711708,0.8746518176168044,4.612731914050019,0.4816392754576607,2.3053377540769073
-2.328772569745922,1.2596694172515748,0.8745839781072358,4.610675508153815,0.4806611654968529,2.30475878131258
-2.3224911841540767,1.2602205334083452,0.874593580684332,4.60951756262516,0.47955893318331205,2.303914706479576
-2.3169198204866346,1.2606642802772154,0.8744300962870135,4.607829412959152,0.4786714394455716,2.3031092180308055
-2.30994375626845,1.261143190732348,0.874317604757911,4.606218436061611,0.4777136185353066,2.3021538334323086
-2.3062896167309876,1.2617065869975135,0.8743465700883774,4.604307666864617,0.47658682600497554,2.301118394859537
-2.3027860062554537,1.2618609537969934,0.8737509654192059,4.602236789719074,0.4762780924060158,2.302197240615479
-2.2966092153842856,1.2622956570993344,0.8735905354091881,4.604394481230958,0.47540868580133344,2.3015428682316554
-2.292160511035074,1.2628462539431997,0.8736063118998791,4.603085736463311,0.47430749211360274,2.3005809374968744
-2.286425084607036,1.2629877361810466,0.8729758797036595,4.601161874993749,0.4740245276379091,2.3006362447102946
-2.280151864344881,1.2635387356617938,0.8730063471543763,4.601272489420589,0.4729225286764149,2.299943328442965
-2.2702817896829988,1.264081571686826,0.8730098787513083,4.59988665688593,0.47183685662635,2.2989182385955735
-2.2616172896405597,1.2643910353189263,0.8726343449575199,4.597836477191147,0.47121792936214957,2.2986651424491003
-2.2532394602174644,1.2647011797953482,0.872270906904505,4.5973302848982005,0.4705976404093056,2.297927092143392
-2.2463844864803746,1.2643655801222402,0.8708754600617027,4.595854184286784,0.4712688397555218,2.29846421594622
-2.237888417730472,1.2648520268785708,0.870803367525654,4.59692843189244,0.47029594624286064,2.2977352408956224
-2.233294637168735,1.265413823476788,0.8708388961820113,4.595470481791245,0.46917235304642635,2.296678906772098
-2.230395877982436,1.265931221112148,0.8708030342474224,4.593357813544196,0.46813755777570615,2.2956793448958885
-2.2274190999512045,1.2664864094474642,0.8708326099801744,4.591358689791777,0.4670271811050739,2.294680263476253
-2.2256606768478537,1.2670098495466047,0.870822089698515,4.589360526952506,0.46598030090679304,2.294030285808984
-2.2224203685151775,1.2670519139639669,0.870057446592947,4.588060571617968,0.46589617207206874,2.2980888431221884
-2.2178408456818177,1.2675177436480431,0.8699557482692435,4.596177686244377,0.46496451270391637,2.2973311980244624
-2.2158664455605392,1.2673109885313598,0.8687684983314801,4.594662396048925,0.465378022937283,2.2986576721558154
-2.2123890964236894,1.2678442400023524,0.8687700975826675,4.597315344311631,0.46431151999529796,2.2976880695087765
-2.212466260647729,1.2679318087642957,0.8680679486702041,4.595376139017553,0.4641363824714116,2.298871413661736
-2.2105855205910387,1.2683996763933985,0.8679746396139185,4.597742827323472,0.463200647213206,2.298342172170369
-2.2118331342017155,1.2688595152232904,0.8678706146449827,4.596684344340738,0.4622809695534221,2.297637065028756
-2.2136559190450287,1.2694078579786425,0.8679012851544217,4.595274130057512,0.46118428404271783,2.2967797885643138
-2.2152308979520905,1.2689231873199138,0.8662637101861026,4.5935595771286275,0.46215362536017524,2.2979782963893762
-2.2151764420027527,1.2685775237939636,0.8648412013425096,4.5959565927787525,0.46284495241207585,2.299087088080586
-2.2174778829635127,1.2690128669958067,0.8646745972178583,4.598174176161172,0.4619742660083897,2.298207084220942
-2.225503529482669,1.2694867253932134,0.8645681968780642,4.596414168441884,0.46102654921357655,2.297243121403463
-2.234604582723574,1.2690040733899866,0.8629758794484322,4.594486242806926,0.46199185322003017,2.2995974595613013
-2.2420776958094004,1.2694849642508255,0.8629102438974235,4.599194919122603,0.46103007149835223,2.299536974279443
-2.2538091147736705,1.2700177220431015,0.8628988772198115,4.599073948558886,0.45996455591380003,2.298521323752841
-2.2656255428769674,1.2703792557542701,0.8626521741223745,4.597042647505682,0.45924148849146285,2.298279559559856
-2.274535311509746,1.27041922632714,0.8618845866152631,4.596559119119712,0.4591615473457227,2.3003370646055137
-2.2832440470925817,1.2706179734262673,0.8613730195561691,4.600674129211027,0.45876405314746854,2.301130176793402
-2.2945230675545325,1.2709110412360423,0.8609783536629272,4.602260353586804,0.4581779175279184,2.3006488296635226
-2.307433026303735,1.2709943426787356,0.8602669938022633,4.601297659327045,0.4580113146425317,2.300834109153773
-2.3218719743955254,1.27154713831004,0.8602960674070252,4.601668218307546,0.45690572337992247,2.2998510650327924
-2.3394998402085356,1.2717221962366139,0.859743785415188,4.599702130065585,0.45655560752677493,2.299602165855297
-2.354290538595636,1.2721797429165447,0.8596308810697655,4.599204331710594,0.45564051416691354,2.2987592843554574
-2.371007939763939,1.272357294559045,0.8590821373981928,4.597518568710915,0.4552854108819132,2.2990023017433296
-2.385072558647949,1.2724409292972139,0.8583920884128692,4.598004603486659,0.45511814140557544,2.2998196730371063
-2.4016171933530592,1.2728233826857973,0.8581486650688355,4.599639346074213,0.45435323462840843,2.2990002739305533
-2.418855729403916,1.273239284489741,0.8579887379068197,4.598000547861107,0.45352143102052084,2.299344848677619
-2.433260585801704,1.2736029828974065,0.8577299134321207,4.598689697355238,0.45279403420519027,2.2988910158507667
-2.4473560923552147,1.27386860974637,0.8572903356904529,4.597782031701533,0.4522627805072632,2.2982208545433007
-2.462181448827347,1.2742080081769869,0.8569845683104003,4.596441709086601,0.45158398364602975,2.2977382404264635
-2.4746986238899176,1.274266211780191,0.8562842211690946,4.595476480852927,0.4514675764396216,2.2999092335465203
-2.4838144096107326,1.2744126162167324,0.8556966487254573,4.599818467093041,0.451174767566539,2.3006836279166296
-2.4938884520492772,1.2745868688050395,0.8551198162792318,4.601367255833259,0.45082626238992485,2.3002040524836467
-2.5047908488111226,1.2746421250697606,0.854398445253726,4.600408104967293,0.4507157498604827,2.3023489871375946
-2.512921459840239,1.2742947594500278,0.8530002032278267,4.604697974275189,0.45141048109994825,2.303436693267175
-2.5211063298117216,1.2746971170751211,0.8527990701941673,4.60687338653435,0.45060576584976164,2.3030955908054227
-2.535504859189758,1.2751269031182018,0.8526375846018059,4.606191181610845,0.4497461937636003,2.302708752149603
-2.5491330276980957,1.2756759000013047,0.852658934424908,4.605417504299206,0.44864819999739464,2.3016973229885416
-2.5606921053203493,1.275712596777415,0.8518805366360497,4.603394645977083,0.44857480644517395,2.3020787709769572
-2.5671535992604197,1.2762187629271133,0.8518435595887254,4.6041575419539145,0.4475624741457773,2.301234110804469
-2.5750091672312934,1.2767557246926076,0.8518465334507572,4.602468221608938,0.44648855061478876,2.3002673360900108
-2.5798863536474737,1.2765637070795204,0.8507080387027529,4.6005346721800215,0.44687258584096295,2.301101613871664
-2.5824258911411864,1.2757689181081233,0.8486805702840622,4.602203227743328,0.4484621637837571,2.3070048673749457
-2.5839406900119,1.2759437415456094,0.8480906876919976,4.614009734749891,0.4481125169087848,2.3063485738180955
-2.5913296813228337,1.2763308043113843,0.8478618469981332,4.612697147636191,0.44733839137723486,2.305704209071997
-2.5926919695694015,1.2759885349273632,0.8464402175578878,4.611408418143994,0.4480229301452774,2.3064100360111595
-2.5901694275466727,1.2754461005710624,0.8447900046321652,4.612820072022319,0.4491077988578789,2.310887357660483
-2.5933017241392866,1.2759127457251473,0.8446691393280996,4.621774715320966,0.44817450854970897,2.3099672413143417
-2.601849651139376,1.275668300779348,0.8434737908156043,4.6199344826286834,0.448663398441308,2.3123444017960537
-2.607556654095969,1.2762280811884503,0.8435175223503965,4.624688803592107,0.44754383762310307,2.3117501972767522
-2.61671768251003,1.2767800644342737,0.8435426467213097,4.6235003945535045,0.44643987113145633,2.310747902416832
-2.6231319503747703,1.2771139449319768,0.8432277706668787,4.621495804833664,0.4457721101360503,2.3103903530609204
-2.624643500271958,1.2776268325087266,0.8431881247844022,4.620780706121841,0.44474633498255095,2.309493889870241
-2.625374915808499,1.2773155455469263,0.8418470145166513,4.618987779740482,0.44536890890615166,2.3108026590552853
-2.6215418425993358,1.2775525853370246,0.841356894864208,4.6216053181105705,0.44489482932595487,2.310209215627524
-2.619911883018416,1.2774658832738264,0.8403792282866702,4.620418431255048,0.4450682334523515,2.312226492948789
-2.615226624218662,1.2770683258548021,0.838926792128456,4.624452985897578,0.44586334829040025,2.316261081278441
-2.611557348090315,1.2776187023391352,0.8389484655741504,4.632522162556882,0.4447625953217339,2.315408923555842
-2.613226878742291,1.2780756933658597,0.8388164329744571,4.630817847111684,0.44384861326828495,2.314540120452103
-2.614194344476712,1.2782525712149235,0.8382755507328852,4.629080240904206,0.44349485757015716,2.314755293639921
-2.6123094710524284,1.2780453202950242,0.837196143317988,4.629510587279842,0.44390935940995613,2.319842544340845
-2.6114002494777173,1.2777859046564881,0.8359790640200758,4.63968508868169,0.44442819068702827,2.323943944143497
-2.6140388210425884,1.2779346523961994,0.8353581979704708,4.647887888286994,0.44413069520760573,2.3241323300993324
-2.617817047821629,1.2782097870858624,0.8349368025784654,4.648264660198665,0.4435804258282795,2.323580736744858
-2.619208062439379,1.278722336329315,0.8349020863066402,4.647161473489716,0.44255532734137426,2.3230668082035977
-2.626990828071716,1.2791238089634882,0.8346820457386285,4.646133616407195,0.4417523820730278,2.3222799679859065
-2.6334884201787276,1.2796678013108047,0.8346893847478842,4.644559935971813,0.44066439737839463,2.321319157741819
-2.637459758620611,1.2801555604044341,0.834629150604591,4.642638315483638,0.439688879191136,2.321184069804318
-2.6351103309435726,1.2807103978139578,0.8346570692964214,4.642368139608636,0.4385792043720885,2.3201991163915308
-2.632605975001431,1.2812259314741095,0.8346289491626037,4.6403982327830615,0.4375481370517854,2.319340600587482
-2.6250766258910416,1.2813795226671387,0.834058507021606,4.638681201174964,0.4372409546657267,2.3200331896591804
-2.617681852577324,1.2818984176390817,0.8340359211238197,4.640066379318361,0.43620316472184073,2.319181464936342
-2.6147979241803587,1.2815535591382867,0.8326632600317408,4.638362929872684,0.43689288172343077,2.320156619030916
-2.6082879088525046,1.2812377841845413,0.8312681215008321,4.640313238061832,0.4375244316309218,2.320650705888945
-2.605526103672894,1.2809683461074266,0.829982821350253,4.64130141177789,0.4380633077851509,2.3222949374616784
-2.6029614571364013,1.281464109705461,0.8299152224584118,4.644589874923357,0.43707178058908186,2.321505525585951
-2.6041255607584346,1.2801832011531504,0.8270592973499608,4.643011051171902,0.4396335976937031,2.3339246532144156
-2.597987887234033,1.2801254161231825,0.8261394118771158,4.667849306428831,0.4397491677536389,2.3358859837922052
-2.5969158981432714,1.2806937052184326,0.8261811899024947,4.6717719675844105,0.438612589563139,2.3348722342513417
-2.60191066073474,1.2808001956071808,0.8254846262255179,4.669744468502683,0.4383996087856426,2.3348133730982745
-2.6042554981313804,1.2811516606121378,0.8251620210730577,4.669626746196549,0.4376966787757286,2.3340018276281564
-2.607546230707728,1.2817135691927797,0.8251963075712707,4.668003655256313,0.4365728616144451,2.3329738371021826
-2.6093334989800447,1.2822672891494469,0.8252306195168088,4.665947674204365,0.43546542170111063,2.332228484887073
-2.6068466663043517,1.282618030098103,0.8249352038913422,4.664456969774146,0.4347639398037987,2.3320576715655505
-2.601106311813575,1.28255086181437,0.8239966089177047,4.664115343131101,0.43489827637126477,2.3333981611298786
-2.5939646422568208,1.2822053183734936,0.8226216667409686,4.666796322259757,0.43558936325301745,2.3361420610439976
-2.5889908765519682,1.2827640620520655,0.8226511500807765,4.672284122087995,0.4344718758958738,2.3351274584546897
-2.5891386774609857,1.2833003056002001,0.8226599312183955,4.670254916909379,0.4333993887996047,2.3350921800755122
-2.590381202898489,1.2812727310023522,0.8185176224044265,4.6701843601510244,0.43745453799530054,2.3451661062390525
-2.5845029784516846,1.2818396232225229,0.8185525462692271,4.690332212478105,0.43632075355495903,2.3442099399618748
-2.593781340777562,1.2819406767040327,0.8178832360944376,4.6884198799237495,0.43611864659193933,2.345013857492073
-2.6014704614377644,1.2817778453124011,0.8167880967313947,4.690027714984146,0.43644430937520223,2.347072738138958
-2.6088532056339804,1.2819469983812775,0.816246018331189,4.694145476277916,0.43610600323744964,2.349215948781899
-2.620647363089189,1.2825031180799964,0.8162719796671603,4.698431897563798,0.43499376384001165,2.3482929347502766
-2.631893497816154,1.2811804373733373,0.8132549506383087,4.696585869500553,0.4376391252533299,2.353399036944278
-2.6340935664521616,1.2814808605531278,0.8128597966916546,4.706798073888556,0.437038278893749,2.3529882679542817
-2.6429504638428467,1.2819523860335873,0.812756633362671,4.7059765359085635,0.43609522793283023,2.3525992809404905
-2.6537153120345103,1.281832130540318,0.8117528127024248,4.705198561880981,0.4363357389193689,2.3545810605260016
-2.6574341394599137,1.2817323229049862,0.8107518911715015,4.709162121052003,0.43653535419003237,2.356059159785102
-2.6612672237771484,1.2821630368504056,0.810574757019658,4.712118319570204,0.43567392629919355,2.3555916447092455
-2.6706224329423955,1.2826896171684217,0.8105441216613193,4.711183289418491,0.4346207656631611,2.3547328562786505
-2.678522892548912,1.2829929136628346,0.810163995843104,4.709465712557301,0.43401417267433534,2.354629299812771
-2.6844289383509863,1.2834768806556112,0.8100755429600395,4.709258599625542,0.4330462386887825,2.354028142086436
-2.693170322016616,1.2839308106475233,0.8099210137918118,4.708056284172872,0.4321383787049583,2.353187480058918
-2.7027949860549114,1.2826252105186302,0.8069706354692842,4.706374960117836,0.43474957896274447,2.3573472475779496
-2.707067524002989,1.282884809783747,0.8065134734505275,4.714694495155899,0.4342303804325106,2.3575454630383907
-2.7184245564546172,1.2834490373561482,0.8065484143284704,4.7150909260767815,0.43310192528770813,2.356612978329332
-2.7281449980697974,1.2830937764667227,0.8051025172307784,4.713225956658664,0.43381244706655925,2.3578541775048816
-2.735460091938263,1.2836771113327252,0.805162812053494,4.715708355009763,0.43264577733455406,2.3569174431401274
-2.74951304958192,1.284150037549725,0.8050616805274002,4.713834886280255,0.4316999249005544,2.356709619626074
-2.753467299189555,1.2843589265844846,0.8045137284908352,4.713419239252148,0.4312821468310355,2.356323902532728
-2.7576672882573208,1.2846022844139824,0.8040137147872939,4.712647805065456,0.4307954311720399,2.3558174521938957
-2.7610537293006434,1.2848833109110265,0.8036099339375796,4.711634904387791,0.4302333781779516,2.3558567941509563
-2.7625079132702743,1.2854594518667892,0.8036616270572249,4.711713588301913,0.4290810962664263,2.35536070906872
-2.7637495203415865,1.286036995292786,0.8037136552051946,4.71072141813744,0.4279260094144329,2.3543958737504416
-2.763434640726688,1.286285225475139,0.803255134441793,4.708791747500883,0.4274295490497267,2.3545069153522595
-2.753905036916297,1.2866587182050446,0.8030164736150783,4.709013830704519,0.42668256358991535,2.356190466821871
-2.7446790460436676,1.2861333670564044,0.8012969574734563,4.712380933643742,0.4277332658871958,2.357576716289789
-2.733520186851719,1.2858559635772413,0.8000061500452545,4.715153432579578,0.42828807284552195,2.3585927064114216
-2.7240638919429108,1.2853567496266105,0.7983737138843361,4.717185412822843,0.4292865007467835,2.361803946540527
-2.7144464023057435,1.2858719113445325,0.7983142584781617,4.723607893081054,0.42825617731093946,2.360789188849298
-2.710943298700427,1.285675489347412,0.7971928145159124,4.721578377698596,0.42864902130518034,2.3633947413558407
-2.705691673310722,1.2860914140236361,0.7970056405518594,4.726789482711681,0.42781717195273206,2.3633879830513194
-2.703893961898453,1.2862927923873197,0.7964543749709325,4.726775966102639,0.42741441522536466,2.3629218726512984
-2.70200604991214,1.2866445706419698,0.7961276104466741,4.725843745302597,0.42671085871606446,2.3621442034218694
-2.701930142254902,1.2869919537228178,0.7958434893959058,4.724288406843739,0.4260160925543685,2.361613128692015
-2.696869063042111,1.2868833538797133,0.7948268918762136,4.72322625738403,0.42623329224057765,2.3626873345350456
-2.6901603835478705,1.287213041478065,0.794488651694804,4.725374669070091,0.4255739170438744,2.3622849987641747
-2.6884707808227994,1.2870586130023722,0.7933399946227779,4.7245699975283495,0.42588277399525987,2.362366515130125
-2.6829774775849144,1.2876310150931476,0.7933852365233314,4.72473303026025,0.424737969813709,2.3614073690027806
-2.684380506111144,1.2881363356198514,0.7933241865047196,4.722814738005561,0.42372732876030117,2.3605317898346203
-2.684455408573739,1.288714187341756,0.7933770966423048,4.721063579669241,0.4225716253164918,2.3595497971278596
-2.679984371052176,1.2891129888717974,0.7931960356247715,4.719099594255719,0.4217740222564091,2.3607665067700196
-2.672179167812465,1.2890990766460444,0.7923094174210751,4.721533013540039,0.4218018467079152,2.361559726405649
-2.662805316613083,1.2891835018401823,0.7915767445096622,4.723119452811298,0.42163299631963963,2.3624771305705865
-2.658406332732767,1.2891140745473024,0.790602653559178,4.724954261141173,0.42177185090539954,2.3633862043144127
-2.657615029855801,1.2892268196141243,0.7899073178188118,4.726772408628825,0.42154636077175567,2.363780889407589
-2.6587752686481325,1.2873995811175916,0.7860924047896015,4.727561778815178,0.4252008377648212,2.36921348592904
-2.656357513726796,1.2877395516825285,0.7857505681387437,4.73842697185808,0.4245208966349473,2.3688356350212105
-2.662519509721328,1.2883251502049062,0.7858187982367186,4.737671270042421,0.42334969959019186,2.3680026588845227
-2.6671748940988578,1.288820204876405,0.7857630644781712,4.736005317769045,0.42235959024719444,2.370378658526075
-2.6658441783154947,1.2894024452929822,0.7858345404957882,4.74075731705215,0.42119510941404015,2.3700249837191354
-2.665035361457781,1.2899375186510218,0.7858105227979246,4.740049967438271,0.4201249626979609,2.369034653179544
-2.65963389835761,1.2897154630417393,0.7845856666479937,4.738069306359088,0.420569073916526,2.3697907789967845
-2.6489754055874575,1.2898864010674336,0.7839953946400057,4.739581557993569,0.4202271978651374,2.3699301139700446
-2.641004282186614,1.2903266176765238,0.7838630933426622,4.739860227940089,0.4193467646469569,2.3703255466531252
-2.6347814468306794,1.2904044397517036,0.7831345737124682,4.7406510933062505,0.4191911204965972,2.370531673849547
-2.6271996871189396,1.2909329156393445,0.783105983560893,4.741063347699094,0.4181341687213152,2.3697380410111126
-2.6203071995393565,1.2914804937813098,0.7831109888819862,4.739476082022225,0.4170390124373847,2.3689678501975573
-2.612233131893183,1.2919830123534686,0.7830391716497984,4.737935700395115,0.416033975293067,2.3683457491308944
-2.600744255677587,1.2915945613349202,0.7815791517783447,4.736691498261789,0.4168108773301636,2.3712356241263515
-2.588182933942516,1.291064029366184,0.7798846535608129,4.742471248252703,0.41787194126763644,2.375133617349597
-2.5819239907835403,1.2915220227618096,0.7797470194288438,4.750267234699194,0.416955954476385,2.374523761153314
-2.583728122220698,1.2920513043958453,0.7797226789348412,4.749047522306628,0.4158973912083138,2.3740415234972425
-2.585590271609206,1.2917211657361893,0.7783357923966536,4.748083046994485,0.4165576685276255,2.379009470427101
-2.582672200135414,1.2916864962100787,0.7774439336299493,4.758018940854202,0.4166270075798467,2.37980263664488
-2.582002451108524,1.2917298162063944,0.7766723519380054,4.75960527328976,0.41654036758721535,2.3817271809756604
-2.5816028829517954,1.2923159137344744,0.7767356911915968,4.763454361951321,0.4153681725310551,2.380763820362943
-2.5830174402945625,1.2923861557939895,0.7759917412730695,4.761527640725886,0.41522768841202506,2.3812833491135224
-2.5751888640293057,1.2929711002008637,0.7760516407775895,4.762566698227045,0.41405779959827677,2.380280721524237
-2.5700044282507672,1.2934819514058737,0.7759808071994406,4.760561443048474,0.41303609718825657,2.3792582001488025
-2.5651516124525733,1.293053426621194,0.7744165219033664,4.758516400297605,0.413893146757616,2.3798960988999096
-2.555268607092197,1.2934745370563512,0.774238876654297,4.759792197799819,0.41305092588730136,2.3800965226853097
-2.5526393778770675,1.2940441828911426,0.7742775602931499,4.760193045370619,0.41191163421771837,2.3792265869818947
-2.5537180183626047,1.2944110000913946,0.773980862762094,4.758453173963789,0.41117799981721415,2.378348961386399
-2.5506184860506025,1.2943525306505423,0.7730563020331498,4.756697922772798,0.4112949386989188,2.3811664312632232
-2.545805666679203,1.2947875338430321,0.7729024790482608,4.7623328625264465,0.4104249323139393,2.380602198443855
-2.5445500056166357,1.294889679834996,0.7722091218005819,4.76120439688771,0.4102206403300114,2.380474634096586
-2.541014985979225,1.2953483204973297,0.7720791820002437,4.760949268193172,0.4093033590053441,2.3798354039537943
-2.540850564972768,1.29556572539228,0.7715823314108005,4.759670807907589,0.4088685492154434,2.3803868686872343
-2.541079553082004,1.29593071885233,0.771302384861119,4.7607737373744685,0.40813856229534395,2.3798061764045433
-2.5434327852102623,1.2961021183939374,0.7707020527627557,4.759612352809087,0.4077957632121291,2.379463102624895
-2.5428416521956954,1.2962020284038898,0.7700540406391411,4.75892620524979,0.4075959431922246,2.382368243057491
-2.5401802772942608,1.2967505213163248,0.7700628423259208,4.764736486114982,0.40649895736735453,2.3815862698614603
-2.5403654036284653,1.2973281591704044,0.770116056262485,4.7631725397229205,0.40534368165919515,2.3805587530630112
-2.5404475502734325,1.2978995725472147,0.770166864576938,4.7611175061260225,0.4042008549055748,2.3799222945328076
-2.535948847116888,1.2983045359429597,0.7699461467069552,4.759844589065615,0.40339092811408483,2.3792767275094486
-2.527005511259524,1.2987704599436405,0.7698297519701985,4.758553455018897,0.4024590801127231,2.3783925189181225
-2.51294761849047,1.299251300664591,0.7697316441670878,4.756785037836245,0.4014973986708224,2.377613111255947
-2.500967030162627,1.2996053126939704,0.7694655228494761,4.755226222511894,0.4007893746120637,2.3771617674159717
-2.4871002391821024,1.3000958922307857,0.7693817974196864,4.7543235348319435,0.39980821553843326,2.376167901819622
-2.475944666200456,1.3006580600102495,0.7694219618145101,4.752335803639244,0.3986838799795058,2.3751739886215297
-2.467804507028853,1.3007434040505108,0.7687356645009884,4.7503479772430595,0.3985131918989832,2.376272573587817
-2.454591764596266,1.3009173091837867,0.768156742714656,4.752545147175634,0.39816538163243165,2.3763615569742247
-2.4432445544962347,1.3013363339087574,0.7679553799821772,4.752723113948449,0.3973273321824902,2.375553227312955
-2.4351030570404646,1.300360052815972,0.7655188666068087,4.75110645462591,0.39927989436806094,2.3788264249487674
-2.4233338415505896,1.300907173428504,0.7655296187098318,4.757652849897535,0.3981856531429967,2.377867185129347
-2.417763594503923,1.3014158081153206,0.7654765600989903,4.755734370258694,0.39716838376936336,2.376868389205099
-2.410197830380186,1.3012758498922237,0.7644205777211521,4.753736778410198,0.3974483002155572,2.37727005116052
-2.397508967547968,1.30103763537022,0.7632111451156252,4.75454010232104,0.39792472925956457,2.378200741418562
-2.3870397287357576,1.3003370802772274,0.7612587190611103,4.756401482837124,0.39932583944554967,2.381874022829717
-2.3769858622800886,1.3003382873509715,0.76044306849231,4.763748045659434,0.3993234252980613,2.382667073149566
-2.3718251061660123,1.2997607746965825,0.758626807125936,4.765334146299132,0.40047845060683923,2.384396838437108
-2.3659370874420604,1.300042781982756,0.7582131512591711,4.768793676874216,0.39991443603449195,2.3843170672329617
-2.3641988738228426,1.3005047040351019,0.7580787979761008,4.768634134465923,0.3989905919298,2.383345482202945
-2.364739094135539,1.300975739445338,0.7579703097029256,4.76669096440589,0.3980485211093274,2.382523464986908
-2.3643561731902474,1.3014916919284816,0.7579513472313945,4.765046929973816,0.3970166161430405,2.3821425999592716
-2.3660033038555537,1.3017146927825745,0.7574382683465191,4.764285199918543,0.3965706144348546,2.3816264929307653
-2.3698050131963284,1.3022578596004772,0.7574441876318774,4.763252985861531,0.3954842807990492,2.3806699769746498
-2.375875768361821,1.302614638455716,0.7572036073097155,4.7613399539492995,0.3947707230885717,2.3805964501168213
-2.379990175774876,1.3030760186588974,0.7570944304530643,4.761192900233643,0.39384796268220873,2.379786880770169
-2.3846208559906747,1.3032133012516356,0.7564562440944222,4.759573761540338,0.39357339749673254,2.379622644706045
-2.3888531027935507,1.303008249198276,0.7552582771159719,4.75924528941209,0.39398350160345197,2.3800527917482643
-2.3948491217025474,1.3029483648706441,0.7543296978054197,4.760105583496529,0.39410327025871555,2.3824443639855835
-2.4022884585399287,1.3025436495590201,0.7528352570779479,4.764888727971167,0.3949127008819638,2.385459501918086
-2.409749606119502,1.3029018445137686,0.7525665048882335,4.770919003836172,0.39419631097246693,2.385854193243128
-2.4220081753418534,1.303183689165852,0.7521527771586922,4.771708386486256,0.3936326216683001,2.385530337483189
-2.4308711730968984,1.3036320166666637,0.7520178229187365,4.771060674966378,0.39273596666667654,2.3852897034552267
-2.4433080796654383,1.304184853989833,0.752047013068203,4.7705794069104535,0.3916302920203377,2.384629799278178
-2.458822425417276,1.304658032163835,0.7519442453841884,4.769259598556356,0.3906839356723336,2.3837393428115874
-2.4710379515680967,1.3047045777831476,0.7511864127129138,4.767478685623175,0.3905908444337085,2.3839289231782557
-2.4794208068714605,1.3052659082781977,0.7512265812962587,4.767857846356511,0.38946818344360856,2.3829341429856603
-2.487070724924755,1.3054243028542765,0.7506297120702091,4.765868285971321,0.3891513942914509,2.3825686000271697
-2.4902683789283984,1.3057982829102586,0.7503788932569506,4.7651372000543395,0.38840343417948686,2.381951038986288
-2.4916703796392072,1.3049834543326337,0.7482192764631858,4.763902077972576,0.39003309133473635,2.383430319288015
-2.4891407144764264,1.3054596540809484,0.7481393858200276,4.76686063857603,0.38908069183810684,2.3835926328637522
-2.4967833496802445,1.3056844640794911,0.7476209652937058,4.7671852657275045,0.38863107184102136,2.382728173359495
-2.5033567364020426,1.3054485562896274,0.7463884591765738,4.76545634671899,0.3891028874207486,2.383000747831565
-2.504464589287007,1.3048678498813653,0.7446509320779082,4.76600149566313,0.3902643002372729,2.3843253005577707
-2.5058097489099067,1.3049329386857709,0.74389666591201,4.768650601115541,0.3901341226284617,2.384055575388559
-2.514412897581317,1.3054083130885765,0.7437878826373708,4.768111150777118,0.3891833738228506,2.383142350553073
-2.5250115430231945,1.3059779048652251,0.7438452518921058,4.766284701106146,0.3880441902695536,2.382324291527803
-2.535494067140969,1.3059937428583612,0.7430350393889171,4.764648583055606,0.3880125142832815,2.383047920915205
-2.5408613289851125,1.305959660442011,0.7421274258521938,4.76609584183041,0.38808067911598215,2.3835383360686535
-2.545005511593547,1.3051421321245333,0.7399878363437499,4.767076672137307,0.3897157357509375,2.386168597191268
-2.5466520285851075,1.3039428872275183,0.7372283884998401,4.772337194382536,0.3921142255449678,2.3926070008623137
-2.547868962336026,1.3039855203158617,0.7364420159837258,4.785214001724627,0.3920289593682811,2.3932905259861554
-2.5563665074961492,1.3045507492371042,0.736474908904464,4.786581051972311,0.3908985015257959,2.392262828038093
-2.566913911260551,1.3051087721199097,0.7364985311635059,4.784525656076186,0.3897824557601851,2.3912645217375883
-2.5760022999058485,1.3051790609189986,0.7358044056123137,4.782529043475177,0.3896418781620075,2.39520686343616
-2.5820863134535594,1.305757356810346,0.7358598200626457,4.79041372687232,0.3884852863793129,2.394184357393236
-2.5912449363897236,1.3061917626041268,0.7356720026384759,4.788368714786472,0.3876164747917511,2.3933008818673547
-2.5956331538584854,1.3067131844587225,0.7356559777928047,4.786601763734709,0.3865736310825598,2.3924879281162816
-2.601549092087901,1.307233988022854,0.7356246466096141,4.784975856232563,0.38553202395429664,2.3916017298409
-2.60499249224904,1.3066438255507211,0.7338327244552546,4.7832034596818,0.3867123488985627,2.39433600254165
-2.6041470223983207,1.3060492135788306,0.7320204476329081,4.7886720050833,0.3879015728423438,2.3954812876018847
-2.6024288960580586,1.3066299901481113,0.732089580947126,4.7909625752037694,0.3867400197037824,2.3948529312942997
-2.6076133100194503,1.306243508558599,0.730618921317696,4.789705862588599,0.38751298288280683,2.3968164791694537
-2.6131502350468883,1.306541516784337,0.730266039177059,4.7936329583389075,0.3869169664313308,2.3968348166725164
-2.620691100524924,1.3067599022825707,0.729826702470358,4.793669633345033,0.3864801954348636,2.3985596175835115
-2.6248276654141938,1.3065417308262144,0.7286404874859107,4.797119235167023,0.38691653834757617,2.4001996289131857
-2.6268568162720083,1.3060760342467979,0.7270622741105408,4.8003992578263714,0.3878479315064093,2.403430686414333
-2.6311524950514826,1.3057153930254488,0.7256254638857272,4.806861372828666,0.38856921394910754,2.4057081495068426
-2.6412137903309363,1.3062780681347197,0.7256554941211631,4.811416299013685,0.38744386373056594,2.404814981462383
-2.654778528044426,1.306531276149533,0.7252173266356875,4.809629962924766,0.3869374477009396,2.404991818468196
-2.6639125180838805,1.3065762737691453,0.7244366202048609,4.809983636936392,0.38684745246171476,2.405055423319547
-2.6688088826059184,1.307150370099395,0.7244822753898222,4.810110846639094,0.3856992598012154,2.4041151100292106
-2.6713373122193302,1.3071533549579692,0.7236479822221479,4.808230220058421,0.38569329008406655,2.4050322415305536
-2.668561119455349,1.3076117753651022,0.7234943375446506,4.810064483061107,0.38477644926980076,2.404052482543108
-2.670206919888737,1.3078858048156126,0.7230719920620684,4.808104965086216,0.3842283903687801,2.404927604901537
-2.674017032390782,1.30786756838195,0.7221920514128837,4.809855209803074,0.3842648632361052,2.4056433823519567
-2.675927130586966,1.308374584939989,0.7221296660313736,4.8112867647039135,0.38325083012002714,2.404789881259112
-2.6836821620602027,1.3081228032182455,0.7208795117001952,4.809579762518224,0.38375439356351415,2.405354602628745
-2.6887107106946915,1.3085383208987396,0.7206581997294402,4.81070920525749,0.3829233582025262,2.404437545624786
-2.699162580264275,1.3090410906536183,0.7205971034354607,4.808875091249572,0.38191781869276853,2.4035831319382153
-2.7058651111413234,1.3089000965670927,0.7195313860969831,4.8071662638764305,0.3821998068658197,2.404579942224629
-2.706003820290781,1.3077474575451942,0.7168377510092744,4.809159884449258,0.38450508490961666,2.4089404634876534
-2.7018488955234212,1.308280625438276,0.7168280529132289,4.817880926975307,0.3834387491234532,2.40811898587761
-2.7095346361257864,1.3088656900134974,0.7168899653035554,4.81623797175522,0.38226861997301026,2.4072624040977506
-2.7127027789156326,1.308571880099154,0.7155106585280843,4.814524808195501,0.382856239801697,2.407686031381727
-2.7097171580423165,1.3088619936814174,0.7151371050643623,4.815372062763454,0.38227601263716987,2.4076146262076175
-2.710043877019215,1.30936910183669,0.7150705686851987,4.815229252415235,0.3812617963266246,2.406650024497064
-2.708589695257753,1.309409366907648,0.7142921207931682,4.813300048994128,0.38118126618470827,2.407945133670741
-2.6980123525072073,1.3079164466481632,0.7109971606257289,4.815890267341482,0.3841671067036781,2.411960979936396
-2.681875810333535,1.3084983041110663,0.7110538894269894,4.823921959872792,0.3830033917778721,2.4111636015029676
-2.678479045544544,1.308690091956785,0.7105158476547268,4.822327203005935,0.3826198160864347,2.411422189315293
-2.6713357033386735,1.3059861810829299,0.7052858701070588,4.822844378630586,0.3880276378341449,2.420536388750162
-2.6559813527098797,1.3065879457870657,0.7053703443068308,4.841072777500324,0.38682410842587317,2.419720409682071
-2.6589580456779944,1.3064669194526346,0.7042816808884846,4.839440819364142,0.3870661610947356,2.4194177534239047
-2.65605794866174,1.3068202670123368,0.7039638291883404,4.8388355068478095,0.38635946597533116,2.4187998237797634
-2.657209405859815,1.306015882131557,0.7017534123682038,4.837599647559527,0.3879682357368904,2.420626374507258
-2.654974660831702,1.3057402764797728,0.7004522129268385,4.841252749014516,0.3885194470404589,2.422335136199203
-2.656527878264387,1.3060990392200507,0.7001618954766484,4.844670272398406,0.38780192155990284,2.4223359475115642
-2.6635350794289385,1.30649422712891,0.6999244330337766,4.8446718950231284,0.38701154574218444,2.4220715957906016
-2.6682771615887644,1.3058413584148527,0.6980045604105513,4.844143191581203,0.38831728317029895,2.4250028040431717
-2.6754336379561403,1.306385913680938,0.6979879104612575,4.850005608086343,0.3872281726381285,2.4240973994194945
-2.69071940241175,1.3065472969346783,0.697361845974567,4.848194798838989,0.3869054061306475,2.4237857069000457
-2.701667792211551,1.3065404042829207,0.6964880676976752,4.847571413800091,0.38691919143416265,2.424341482881647
-2.7083863784100046,1.3070112827708396,0.696353267207999,4.848682965763294,0.3859774344583252,2.4236540448227752
-2.7196003310800947,1.3067864128233886,0.6951427378183246,4.8473080896455505,0.38642717435322727,2.4257768036666962
-2.7317778247836046,1.306708799545855,0.6941905426030182,4.8515536073333925,0.3865824009082945,2.4281924953782847
-2.7442614601825825,1.3066774579002254,0.6932496789379198,4.8563849907565695,0.38664508419955385,2.4293397558810765
-2.7585775776294863,1.3070964605402744,0.6930620840035644,4.858679511762153,0.3858070789194557,2.4300173129655303
-2.780964146092363,1.307556877991153,0.6929284166536341,4.8600346259310605,0.3848862440176982,2.4297800680295967
-2.8016796633925383,1.3073562461389274,0.6917609697529953,4.859560136059193,0.38528750772214954,2.4317101706506348
-2.8139098743781794,1.3078382901307684,0.691635558124508,4.8634203413012695,0.3843234197384678,2.4308965140921783
-2.832733737904432,1.308067488583198,0.6911241158380785,4.861793028184357,0.38386502283360846,2.432500848152723
-2.8489502942284655,1.308522051638973,0.6909572042992019,4.865001696305446,0.3829558967220581,2.43167792313652
-2.857492083565881,1.3090707609947538,0.6909541105693308,4.86335584627304,0.38185847801049655,2.4309785197402385
-2.867967992539481,1.309584825463734,0.690878496470217,4.861957039480477,0.38083034907253654,2.4300166820303337
-2.8738437344514014,1.310189573657983,0.6909598370661046,4.860033364060667,0.3796208526840386,2.4290093738194316
-2.878124306854416,1.3107980077450079,0.6910537839800992,4.858018747638863,0.37840398450998886,2.4280921433615203
-2.873352372969366,1.311404949605915,0.6911577532263615,4.856184286723041,0.3771901007881746,2.4276521827900637
-2.861928131010583,1.3108698246835948,0.6894663153657926,4.855304365580127,0.3782603506328151,2.429939077714804
-2.843841458846378,1.3102130748139214,0.6875869032291999,4.859878155429608,0.37957385037216207,2.43391892080567
-2.828991951104582,1.3102767393862753,0.6867973536941262,4.86783784161134,0.379446521227454,2.434026916704165
-2.815577787030173,1.309811908479109,0.6852404274528731,4.86805383340833,0.3803761830417863,2.438465913079557
-2.8036231072897784,1.3099525482146563,0.6846165894313787,4.876931826159114,0.3800949035706917,2.4411915800514667
-2.7952715798057173,1.310378574385363,0.6844662207210664,4.8823831601029335,0.3792428512292782,2.4421572667491964
-2.7868228131877024,1.3109624742980612,0.6845099618561604,4.884314533498393,0.3780750514038821,2.441190769510803
-2.7789266841936335,1.3114486782909884,0.68442591765643,4.882381539021606,0.3771026434180276,2.4404979229843504
-2.7660784392096587,1.3114419327263434,0.6835026954907744,4.880995845968701,0.37711613454731796,2.440611574815845
-2.748953902163931,1.3115952587190502,0.6828729372007865,4.88122314963169,0.37680948256190394,2.440926966070277
-2.732291167441415,1.311804033185176,0.6823943250860064,4.881853932140554,0.3763919336296526,2.4426679180206317
-2.7174492298482544,1.312152430322301,0.6820581032283641,4.885335836041263,0.37569513935540216,2.44219102154918
-2.7046002890106635,1.3127189959213783,0.6820830806981805,4.88438204309836,0.3745620081572479,2.4415214061532096
-2.690329909404772,1.3133037878586413,0.6821446296494229,4.883042812306419,0.3733924242827219,2.440576222150513
-2.67564145683796,1.3134079017038023,0.6814149237835319,4.881152444301026,0.37318419659240015,2.4402384979215674
-2.6575237006671015,1.3134335250874576,0.6805851135930058,4.880476995843135,0.3731329498250896,2.440935704717278
-2.641624371712524,1.3138821957724658,0.6804307543023038,4.881871409434556,0.37223560845507303,2.440707033629346
-2.630333929773047,1.314289981042893,0.6801927622568715,4.881414067258692,0.3714200379142189,2.4400213471609296
-2.6200238407008114,1.3143403975671757,0.679373040482581,4.880042694321859,0.37131920486565356,2.439629302654965
-2.6123659880267263,1.3144939497596642,0.6787334121601662,4.87925860530993,0.3710121004806764,2.4392149091626547
-2.6096345112780486,1.314745566538141,0.6782740156900915,4.878429818325309,0.370508866923723,2.4401712000512297
-2.611481840261268,1.314545974539471,0.6770740157064256,4.880342400102459,0.3709080509210629,2.4407840504518457
-2.610053199301257,1.314891250850588,0.6767564830510273,4.881568100903691,0.3702174982988289,2.4409998853628765
-2.6093019108111903,1.315200046494838,0.6763749258339431,4.881999770725753,0.36959990701032897,2.4407455151511863
-2.6076694984488467,1.3158081234476915,0.6764695359488534,4.881491030302373,0.368383753104622,2.439865882949305
-2.6045373314598548,1.3160051556243728,0.6758895599279751,4.87973176589861,0.36798968875125937,2.4396064097596133
-2.5969804899003783,1.3161426171205537,0.6752427119150686,4.879212819519227,0.36771476575889755,2.4395275053000867
-2.5908847767251775,1.315655781828552,0.6735922433204182,4.879055010600173,0.368688436342901,2.4405528991463052
-2.586375367106735,1.316190453212723,0.6735683039084265,4.8811057982926105,0.36761909357455874,2.440381258842792
-2.5887265685794447,1.3163924643258633,0.673020696278487,4.880762517685584,0.36721507134827847,2.4405360742919946
-2.5847815353761527,1.3166932478046056,0.6726153847834256,4.881072148583989,0.366613504390794,2.439842490711172
-2.5812153445886588,1.3172953680545554,0.6726957650401998,4.879684981422344,0.3654092638908944,2.438790418739854
-2.5783208567795897,1.3178637127885775,0.6727328472326665,4.877580837479708,0.36427257442285016,2.4379017192519528
-2.573178923491584,1.318216491671472,0.6724341967086338,4.8758034385039055,0.3635670166570609,2.4374182924934433
-2.5676374640964457,1.3188169976074957,0.6725216762812226,4.874836584986887,0.3623660047850137,2.436429476953787
-2.564823459062553,1.3193896697544987,0.6725597095002794,4.872858953907574,0.36122066049100776,2.4354485350973403
-2.558280973394698,1.3197237753552882,0.6722263282597081,4.8708970701946805,0.3605524492894288,2.4362223644165795
-2.546452761377018,1.3196276362630257,0.6712295823254125,4.872444728833159,0.3607447274739537,2.4370758968044854
-2.5344263073999143,1.320203341548302,0.6712746980233556,4.874151793608971,0.359593316903401,2.43605409520232
-2.5264136200730727,1.3205467496412444,0.6709770369446267,4.87210819040464,0.35890650071751623,2.4357343885594096
-2.513466510680416,1.32112467950994,0.6710471395904526,4.871468777118819,0.35775064098012493,2.435586902649367
-2.5006005973075034,1.3207584421229297,0.6695878918901054,4.871173805298734,0.3584831157541456,2.437779472866264
-2.4833085817294878,1.3212148079750112,0.6694386825329138,4.875558945732528,0.3575703840499826,2.4369575210994494
-2.469039801896487,1.3217976403881397,0.669498968670172,4.873915042198899,0.35640471922372546,2.435968648610257
-2.4549271285004273,1.3223122942668166,0.6694468310435838,4.871937297220514,0.35537541146637186,2.435039770295039
-2.439065630866186,1.3228301614869102,0.6693945726033245,4.870079540590078,0.3543396770261845,2.4340698439751676
-2.425109586407961,1.323312610395497,0.6692974194114335,4.868139687950335,0.35337477920901095,2.4331707052786093
-2.409964677367575,1.32366523214374,0.6690080365774953,4.866341410557219,0.35266953571252474,2.4332184773491004
-2.393536838715476,1.323244078212759,0.6674607055296429,4.866436954698201,0.3535118435744867,2.4339420388240165
-2.373323239811855,1.3236621876346935,0.667284520423637,4.867884077648033,0.3526756247306177,2.4336333353765145
-2.361686803692867,1.3242420143774278,0.6673503906584136,4.867266670753029,0.35151597124514883,2.432625417111775
-2.3501473889298654,1.3244004314997846,0.6667441255781505,4.86525083422355,0.35119913700043537,2.432294614121893
-2.3362199205601017,1.3248957496445448,0.6666736055849699,4.864589228243786,0.3502085007109149,2.431332728676219
-2.3263598463637334,1.325079338124703,0.666078487439078,4.862665457352438,0.34984132375059845,2.4306508885473304
-2.3167801076721104,1.3253728928585802,0.6657074203291011,4.861301777094661,0.34925421428284403,2.430375076692516
-2.308714750370898,1.3256862976112769,0.6653505843825704,4.860750153385032,0.3486274047774505,2.429738056518818
-2.303506104425627,1.3251869694958731,0.6637206705756462,4.859476113037636,0.34962606100825805,2.433583063119479
-2.299485742507396,1.3257302505016861,0.6637286432348696,4.867166126238958,0.34853949899663184,2.432642297950424
-2.3007836197185436,1.32620860036404,0.6636328894978214,4.865284595900848,0.34758279927192404,2.4318949204010583
-2.2999274599315838,1.3262838409144646,0.6628417651141354,4.8637898408021165,0.34743231817107517,2.4312086557501287
-2.3003424727323916,1.326564846951622,0.6624553662345571,4.862417311500257,0.3468703060967603,2.4309398704520238
-2.3026931664320913,1.3269886927826307,0.6622501255653959,4.8618797409040475,0.3460226144347428,2.4300515817872386
-2.307524876359637,1.327534040838203,0.6622600529832402,4.860103163574477,0.3449319183235981,2.429013038734271
-2.310794602556237,1.3274211872497441,0.6612080936890524,4.858026077468542,0.3451576255005161,2.42918442406519
-2.311974954286816,1.3278423933262995,0.6610351573025917,4.85836884813038,0.3443152133474054,2.428373525833799
-2.317896897006386,1.3284091331706274,0.6610829017394534,4.856747051667598,0.3431817336587498,2.4274143983550567
-2.321781518489562,1.3289689406790188,0.6611175928398734,4.854828796710113,0.3420621186419667,2.4263810015742875
-2.3252337823759737,1.3292935197408993,0.6607905765853499,4.852762003148575,0.34141296051820563,2.425852141694424
-2.3264865521682743,1.3289950062412341,0.6595125072326827,4.851704283388848,0.3420099875175357,2.4283022906379887
-2.3264222349190677,1.3287624382117937,0.6583098332200984,4.8566045812759775,0.3424751235764167,2.4284441073405123
-2.3263638152519106,1.3290046379724227,0.6578514447002479,4.856888214681025,0.34199072405515857,2.428238333477886
-2.3296660340220643,1.3295448212803822,0.6578718022442327,4.856476666955772,0.34091035743923964,2.4274225754810304
-2.3359245175009273,1.3293891703159035,0.6567840875581802,4.854845150962061,0.3412216593681972,2.4276275214921097
-2.3384886153780156,1.329622575190976,0.6563216678205834,4.855255042984219,0.34075484961805225,2.427280637211559
-2.3444506891546686,1.3298929701186974,0.655933410395714,4.854561274423118,0.34021405976260954,2.427112207795678
-2.3503276019921797,1.3301584730995935,0.6555096209931197,4.854224415591356,0.3396830538008176,2.4268970439618784
-2.3561890364155538,1.330641788950287,0.65542373179522,4.853794087923757,0.3387164220994305,2.4259187951285917
-2.36269645933967,1.3310792272055587,0.6552629707410981,4.851837590257183,0.3378415455888873,2.4250088020075693
-2.3657196974778656,1.3309308957492194,0.6541347159222487,4.850017604015139,0.33813820850156573,2.424978432346382
-2.364522871446723,1.3312570099638605,0.6538216941601015,4.849956864692764,0.3374859800722834,2.4247225774458636
-2.3667493004641624,1.3317676772670235,0.6537821814682389,4.849445154891727,0.3364646454659575,2.423773372709779
-2.3683005937381503,1.3321976510053626,0.6536154185657697,4.847546745419558,0.3356046979892794,2.422903726126356
-2.3681175957392058,1.3327589224844383,0.6536602501763861,4.845807452252712,0.33448215503112794,2.421874657383623
-2.367993909268533,1.3333217909750308,0.653716761835839,4.843749314767246,0.3333564180499431,2.4210439581675756
-2.3672432012846563,1.3338846460052558,0.653772490775231,4.842087916335151,0.33223070798949283,2.4200872295479083
-2.3624968470573933,1.3340482892534127,0.6531989173778671,4.840174459095817,0.3319034214931791,2.419887862440842
-2.3584029967878943,1.3346059099277425,0.6532472428583136,4.839775724881684,0.3307881801445193,2.4189464132143814
-2.357532397783118,1.3345058313786573,0.6522591282996959,4.837892826428763,0.33098833724268983,2.4197132110177453
-2.3551475065218477,1.334869177297813,0.6519935208453814,4.839426422035491,0.3302616454043786,2.418900405749053
-2.355221172862324,1.3353161747844937,0.6518809436619227,4.837800811498106,0.32936765043101696,2.418499079161272
-2.353333159062354,1.335849344513994,0.6518943417627948,4.836998158322544,0.3283013109720163,2.417636850740734
-2.349163429617002,1.3361808986021193,0.6515827400842586,4.835273701481468,0.3276382027957657,2.417033048636278
-2.342638422337287,1.3365185162587314,0.6512872402091711,4.834066097272556,0.32696296748254167,2.4164270988063716
-2.337358362171001,1.337069448366711,0.6513293889803149,4.832854197612743,0.32586110326658246,2.415436866850984
-2.3310314731748716,1.3375960527601372,0.6513487926444569,4.830873733701968,0.3248078944797298,2.414717500011259
-2.3225454132018704,1.3381136432439826,0.6513471897844082,4.829435000022518,0.323772713512039,2.4140182383321154
-2.3125961497070406,1.3380477908320931,0.6504429003294256,4.828036476664231,0.3239044183358181,2.4146091370403413
-2.299907519002466,1.3385852365633255,0.6504630753455428,4.829218274080683,0.32282952687335353,2.41360253448623
-2.2909706682522692,1.338864015985814,0.6501083863804873,4.82720506897246,0.32227196802837654,2.413835025150137
-2.283535162386761,1.3393634015613234,0.6500757094701427,4.827670050300274,0.32127319687735795,2.4128799716188425
-2.2756524777037517,1.3392711115131426,0.6490706015778305,4.825759943237685,0.32145777697371974,2.4125019731352224
-2.2654785592538964,1.3396908794880604,0.6489195909072821,4.825003946270445,0.3206182410238843,2.411858551411369
-2.2590874012422644,1.3390290190653709,0.6470661257343098,4.823717102822738,0.3219419618692635,2.414557120480497
-2.250167322168133,1.3394838588577058,0.6469622428783213,4.829114240960994,0.32103228228459346,2.413928283260738
-2.248163599651736,1.3400306343906,0.6470061863082006,4.827856566521476,0.3199387312188047,2.41306055004977
-2.2479542430049118,1.3405695074447566,0.6470358067301177,4.82612110009954,0.31886098511049177,2.4121115397427704
-2.2479498068345607,1.3408769955559954,0.6466960594177267,4.824223079485541,0.31824600888801435,2.4115928294524585
-2.245596760773,1.3408399944565206,0.6457651394609978,4.823185658904917,0.31832001108696384,2.410968437702158
-2.2445337366710674,1.3407963154771136,0.6448756392098189,4.821936875404316,0.31840736904577766,2.410846397040228
-2.2380861451526632,1.3399157566152422,0.642639536076486,4.821692794080456,0.3201684867695205,2.4117665629479377
-2.230905135996346,1.3389077772876186,0.6401223147016746,4.823533125895875,0.32218444542476754,2.413004451259422
-2.2266472472203085,1.3380526262328205,0.6379032404954322,4.826008902518844,0.3238947475343638,2.41395033992419
-2.2269911352785394,1.338442863913133,0.6377081597640633,4.82790067984838,0.3231142721737389,2.413191442586426
-2.2334616689686513,1.337594498983824,0.6355613006289844,4.826382885172852,0.32481100203235663,2.417547166372522
-2.233874803354293,1.3380071892853023,0.6353999618927384,4.835094332745044,0.3239856214293999,2.4168304529409554
-2.2419360909553636,1.33832650429766,0.6350881719539239,4.833660905881911,0.3233469914046846,2.416134736940496
-2.250904227122781,1.3388727178917426,0.6351231035258738,4.832269473880992,0.32225456421651943,2.4152030630109116
-2.261929314566644,1.339386484631688,0.635113372913228,4.830406126021823,0.3212270307366286,2.414378971144555
-2.2697350119079434,1.33975728671674,0.634879938511127,4.82875794228911,0.32048542656652484,2.41387605691678
-2.2776940386506586,1.3401811957183052,0.6347224704659356,4.82775211383356,0.31963760856339457,2.4130055077050825
-2.2855392013967366,1.3405390783674629,0.6344821568892646,4.826011015410165,0.3189218432650792,2.4127226377392543
-2.293872477693107,1.3410406986144765,0.6344622473632454,4.825445275478509,0.3179186027710519,2.4120798463456343
-2.301149148525071,1.3410774740755163,0.6336878943487793,4.824159692691269,0.31784505184897244,2.4118686658940165
-2.3066144838383305,1.3416095327853608,0.6337030564956535,4.823737331788033,0.31678093442928323,2.410858963443549
-2.3116891623336944,1.3418517620599697,0.6332840736261939,4.821717926887098,0.3162964758800652,2.410401668988898
-2.3140775274541894,1.3423945769566819,0.6333227214275335,4.820803337977796,0.31521084608664085,2.4094355261701383
-2.319321658723671,1.3425940059368822,0.6328145547052365,4.818871052340277,0.3148119881262402,2.4089123854942374
-2.3234226329329766,1.3429270454669138,0.6325220844577282,4.817824770988475,0.31414590906617723,2.4086253870393013
-2.328108424717943,1.3430846609438805,0.6319676991490455,4.817250774078603,0.31383067811224374,2.4086731650127624
-2.3373689283447425,1.34360765394156,0.6319739296817436,4.817346330025525,0.31278469211688475,2.407678119311386
-2.346794738286983,1.3441492176972427,0.6320181597499113,4.815356238622772,0.3117015646055195,2.4071559005291805
-2.3514703024820345,1.3445478096482473,0.6318252630302176,4.814311801058361,0.3109043807035103,2.406291736097422
-2.350020696852291,1.344695447271573,0.6312418754063459,4.812583472194844,0.3106091054568588,2.4061308419617333
-2.344066740354762,1.3451799743904058,0.63119705230038,4.812261683923467,0.3096400512191936,2.4053172208619427
-2.343141350985337,1.3451496607949445,0.630364487414729,4.810634441723885,0.3097006784101161,2.4052957617237
-2.3365213658838346,1.345533769823538,0.6301601199151055,4.8105915234474,0.30893246035292937,2.404567201591163
-2.3322849577444993,1.3458358154077246,0.6298090986519789,4.809134403182326,0.30832836918455603,2.40401222158982
-2.3271919163938426,1.3455734825598207,0.6285465233557416,4.80802444317964,0.3088530348803638,2.4036336268887757
-2.3229203498576902,1.3460136010993382,0.6284455782518332,4.807267253777551,0.3079727978013288,2.403066388859582
-2.323260947589773,1.3459818213810906,0.62757220118905,4.806132777719164,0.308036357237824,2.402863162591092
-2.321723877258436,1.3464949832270376,0.6275879804264783,4.805726325182184,0.30701003354593004,2.4025567294904997
-2.323164793816652,1.3467254633128596,0.6271425133930988,4.805113458980999,0.30654907337428633,2.4023488859647215
-2.3225406560692763,1.347138929878622,0.626986770485283,4.804697771929443,0.3057221402427612,2.4017425984747023
-2.3237060252460826,1.3476083237446772,0.6269192576406772,4.803485196949405,0.30478335251065064,2.400809278035034
-2.323400135112279,1.3475728330641277,0.6260906852290214,4.801618556070068,0.3048543338717496,2.4014046068160426
-2.323388212747083,1.3478574535146408,0.6257039584473596,4.802809213632085,0.3042850929707233,2.400520518147184
-2.3249545951297663,1.3483757786968786,0.6257101330552297,4.801041036294368,0.30324844260624784,2.3995534975377657
-2.324764275897745,1.3488555894092997,0.6256521346747685,4.799106995075531,0.30228882118140565,2.3986059050454
-2.322439682749159,1.3492934770670562,0.6255240332856558,4.7972118100908,0.301413045865893,2.397691354504916
-2.31900809135327,1.3496955802299344,0.6253586461659512,4.795382709009832,0.30060883954013645,2.396868512813938
-2.314193170291616,1.3502189409900325,0.6253810819963523,4.793737025627876,0.2995621180199405,2.39590218632641
-2.310630209149333,1.3502407570086772,0.6246343975261897,4.79180437265282,0.2995184859826509,2.3957499385101433
-2.3059846767364696,1.3506528519041288,0.6245145567184568,4.791499877020287,0.2986942961917476,2.3954038679846037
-2.303830904263722,1.3509275348231562,0.6241352933493931,4.790807735969207,0.2981449303536928,2.395106555446614
-2.3001981208234934,1.3513366251152328,0.6239935812651264,4.790213110893228,0.2973267497695398,2.394637763784494
-2.2981226850184413,1.3518219316978042,0.623958394783868,4.789275527568988,0.29635613660439697,2.393699557391117
-2.2946474574405453,1.3522585154715494,0.6238452917002657,4.787399114782234,0.29548296905690646,2.3930115707352835
-2.2903349685514574,1.3526212733309904,0.6236215334806624,4.786023141470567,0.2947574533380248,2.392438035142527
-2.2851734855375616,1.3529989146627306,0.6234122171851093,4.784876070285054,0.2940021706745442,2.3915745590361497
-2.278207550596493,1.3526033735064404,0.6219805601499504,4.783149118072299,0.29479325298712467,2.392412042151062
-2.2696603136784277,1.3530921076252769,0.6219593135605197,4.784824084302124,0.2938157847494519,2.3914916959174115
-2.264364921230367,1.3535211111415184,0.6218572204011771,4.782983391834823,0.29295777771696885,2.391478386476633
-2.257916050004103,1.3531262273030404,0.6204431431565216,4.782956772953266,0.29374754539392467,2.3927804647585718
-2.248581541716621,1.3523407825137603,0.6183947643826299,4.7855609295171435,0.29531843497248483,2.394451165193167
-2.2407213952140483,1.3528410025706112,0.6183872032429159,4.788902330386334,0.2943179948587828,2.3934889183324755
-2.23968773333866,1.3532913240749846,0.6182928444915033,4.786977836664951,0.2934173518500358,2.392548208048718
-2.235428778627986,1.3537375903436821,0.6182037085783152,4.785096416097436,0.292524819312641,2.391709427780305
-2.2322612933017387,1.353572949066347,0.6171438643405894,4.78341885556061,0.29285410186731115,2.3922345357347354
-2.2282937470001825,1.3534845208744548,0.6162078186727995,4.784469071469471,0.29303095825109554,2.392387560620783
-2.226926200763279,1.3539068304289061,0.6160873696845277,4.784775121241566,0.29218633914219305,2.3915902400946574
-2.228829379307574,1.3542099575263096,0.615764854540637,4.783180480189315,0.2915800849473861,2.390753153149205
-2.230457105836351,1.3545537427720467,0.6155084609304866,4.78150630629841,0.2908925144559118,2.3899056653599784
-2.2305995689416416,1.3548835855802945,0.6152572236454446,4.779811330719957,0.29023282883941626,2.389418754291674
-2.229834452726802,1.3553933404608463,0.6152697094795886,4.778837508583348,0.289213319078313,2.388577620818277
-2.2300268629911053,1.3558923295596867,0.6152636545439094,4.777155241636554,0.2882153408806321,2.387635240032353
-2.2283775567029687,1.3562859327050758,0.6151076681109665,4.775270480064706,0.2874281345898538,2.387012198106089
-2.225815245066345,1.3567877056031814,0.6151107820487175,4.774024396212178,0.2864245887936427,2.3861162916022813
-2.2242405200227013,1.357249987881403,0.615052298202155,4.772232583204563,0.2855000242371992,2.3853730787031706
-2.2219734575990446,1.3575804194692165,0.614792419087291,4.770746157406341,0.28483916106157237,2.3847846333813534
-2.218880250393058,1.357381695976202,0.6136873318834222,4.769569266762707,0.28523660804760137,2.385426433207255
-2.214732295592647,1.3575796594150968,0.6132105599364794,4.77085286641451,0.28484068116981176,2.3849240330637427
-2.2113493726885616,1.3580234786738583,0.6131291561274146,4.769848066127485,0.2839530426522888,2.384059321922502
-2.2112571216473222,1.358525662497355,0.6131356493508938,4.768118643845004,0.28294867500529564,2.3831101282470732
-2.2112633105473285,1.35887471298133,0.6129134171062419,4.7662202564941465,0.2822505740373458,2.382428267202727
-2.207616453494448,1.3592990866831742,0.6127917856281917,4.764856534405454,0.28140182663365715,2.381542911236193
-2.201682993821239,1.3597609265070287,0.6127324345574389,4.763085822472386,0.2804781469859481,2.3806246383207124
-2.1974080138381056,1.3592672950417788,0.6111898240221345,4.761249276641425,0.28146540991644814,2.382296324633609
-2.191065146864098,1.3590501743531727,0.6100638614911934,4.764592649267218,0.2818996512936604,2.3825311117951276
-2.1879825896405345,1.359305290187313,0.6096874802096632,4.765062223590255,0.2813894196253796,2.3820218370290758
-2.186297201725461,1.3589155113972622,0.6082565553093304,4.7640436740581515,0.2821689772054812,2.3815296591179944
-2.1820761647507956,1.3588740453256185,0.6074122679844486,4.763059318235989,0.2822519093487684,2.3820130378772824
-2.1809973632040816,1.3587809145093852,0.6064969503162164,4.764026075754565,0.282438170981235,2.3828089870934943
-2.183877602372916,1.3592539493833729,0.606451809026684,4.765617974186989,0.28149210123325974,2.3818959976154988
-2.1895497336410608,1.359725116261375,0.6064082442866675,4.7637919952309975,0.28054976747725535,2.3809517739656654
-2.194516964559154,1.3598638252355577,0.6058275038109876,4.761903547931331,0.28027234952889013,2.380323298147194
-2.1995133006212932,1.3603629990128863,0.6058345802918158,4.760646596294388,0.27927400197423285,2.379463866770835
-2.207328931962411,1.3596715780334252,0.60394862523236,4.75892773354167,0.2806568439331551,2.380124807056208
-2.210953422051647,1.3598291516305927,0.603415842591568,4.760249614112416,0.28034169673882026,2.379690113367674
-2.2205571806450104,1.3599969311240034,0.6029089624410615,4.759380226735348,0.2800061377519987,2.379297019582813
-2.2318037733440534,1.3598864223610638,0.6019319585617005,4.758594039165626,0.2802271552778777,2.3791839762347893
-2.2431432646437885,1.360127827432376,0.6015389340994517,4.7583679524695786,0.27974434513525326,2.3785769756630475
-2.255422322120601,1.360064575448769,0.6006714011076333,4.757153951326095,0.2798708491024674,2.378589707877451
-2.2669158009077437,1.3604170689468493,0.6004554633143767,4.757179415754902,0.2791658621063067,2.378610921080691
-2.281629661900255,1.3602349301273169,0.5993662242691912,4.757221842161382,0.27953013974537133,2.378566353841495
-2.2967570998051925,1.3607103833066874,0.5993335699131717,4.75713270768299,0.27857923338663054,2.3776361606502308
-2.3156360486959158,1.360894306434471,0.5988463974123845,4.7552723213004615,0.27821138713106347,2.37723833305856
-2.3320650073104043,1.3601581938307061,0.5968452441671552,4.75447666611712,0.2796836123385929,2.378069071289488
-2.3494388513339914,1.3603718249372763,0.596423742583159,4.756138142578976,0.27925635012545286,2.3783742554534424
-2.369969777139908,1.360443370436361,0.5957495758880529,4.756748510906885,0.27911325912728324,2.37824764555902
-2.3886757242690155,1.360861873706596,0.5956352414934651,4.75649529111804,0.27827625258681316,2.377733038025637
-2.4089175758603965,1.3602475940272578,0.5938919282291021,4.755466076051274,0.2795048119454898,2.3791990204559186
-2.4230987680457297,1.3603509634846758,0.593287652805229,4.758398040911837,0.27929807303065407,2.3792926903623246
-2.4402979476393747,1.3600618884857907,0.5920437118762736,4.758585380724649,0.279876223028424,2.379425748215887
-2.4553120171580005,1.3603342747386002,0.5916957646080215,4.758851496431774,0.2793314505228048,2.378852981910926
-2.474932047371782,1.3604627130556515,0.5911261647430082,4.757705963821852,0.2790745738887025,2.3784126306851525
-2.49532821824648,1.3606549496057423,0.5906685345174081,4.756825261370305,0.27869010078852097,2.3782027942487796
-2.515461458394688,1.36033880811331,0.589336599398635,4.756405588497559,0.2793223837733856,2.378079433621286
-2.536792947557912,1.3608295977912594,0.5893227347668025,4.756158867242572,0.27834080441748693,2.377201614937114
-2.5586696403749225,1.3606954989600626,0.588341198633794,4.754403229874228,0.2786090020798807,2.37829816786706
-2.5756964494323564,1.3609746696417775,0.5879807851482793,4.75659633573412,0.278050660716451,2.3775395609099914
-2.594208848004199,1.3613115730179846,0.5877393515422241,4.755079121819983,0.2773768539640367,2.377376647375011
-2.6102956139613056,1.3614692932422299,0.5872077966750826,4.754753294750022,0.2770614135155461,2.3772351956989266
-2.624416232148262,1.3611078576036255,0.5858460734485188,4.754470391397853,0.2777842847927547,2.3780297063679825
-2.6352683834921296,1.3604116405772058,0.5839494022713776,4.756059412735965,0.27917671884559425,2.379866241906436
-2.6475051240680774,1.360921947970561,0.5839655405812684,4.759732483812872,0.27815610405888375,2.3790377081786143
-2.6635443571954216,1.3611997767209492,0.5836157886763663,4.7580754163572285,0.2776004465581073,2.3785633637565637
-2.6793004082663643,1.3612800479932559,0.5829407531923184,4.7571267275131275,0.277439904013494,2.378800897526216
-2.6931224886682927,1.3617017874706585,0.5828327901201795,4.757601795052432,0.2765964250586888,2.3786657968197416
-2.7040734654055316,1.3614219988810519,0.581584783813056,4.757331593639483,0.27715600223790215,2.378937090996568
-2.7107025126134903,1.361847381253553,0.581474560613898,4.757874181993136,0.27630523749289976,2.3783460379534502
-2.7196640234993668,1.3609055686807174,0.5792166744058902,4.7566920759069005,0.27818886263857096,2.3804772984759257
-2.7241937910848715,1.3609085682239126,0.5784591253876488,4.760954596951851,0.2781828635521806,2.381005141460759
-2.7312189928872876,1.3613736189102503,0.5784195784256494,4.762010282921518,0.27725276217950534,2.380765291650708
-2.7390796475569266,1.3613905902748087,0.5777288308659168,4.761530583301416,0.2772188194503884,2.382221237376276
-2.7407324243535385,1.361492673984774,0.5771219038802626,4.764442474752552,0.2770146520304579,2.3820756163050256
-2.743136698903243,1.3618428694955778,0.5768929910312874,4.764151232610051,0.27631426100885026,2.381466452882302
-2.745572697701012,1.3622802523782613,0.576796322460622,4.762932905764604,0.2754394952434831,2.3807398298532534
-2.746516954929366,1.360357588261482,0.5729355909471088,4.761479659706507,0.27928482347704164,2.3854964523327857
-2.7366330351046155,1.359861891492616,0.5713425148402766,4.7709929046655715,0.28027621701477384,2.3861953209895654
-2.7390063228698605,1.360048469466738,0.5708420620678517,4.772390641979131,0.2799030610665296,2.385737763547616
-2.7439816155594925,1.3605334566103557,0.5708096620030153,4.771475527095232,0.27893308677929407,2.3848053437905565
-2.7499153762845148,1.360410923923572,0.5698315970400932,4.769610687581113,0.2791781521528615,2.386026597878762
-2.749935343484372,1.3606576656402127,0.5694357232073421,4.772053195757524,0.27868466871958,2.3854134469141197
-2.7518635644074023,1.3601410362934374,0.5678822271308708,4.770826893828239,0.27971792741313056,2.3887512729264566
-2.7488667896857626,1.360425369040008,0.5675468752906789,4.777502545852913,0.2791492619199891,2.388220415189222
-2.7470354975938305,1.3609484918550245,0.5675759575816687,4.776440830378444,0.2781030162899564,2.3872938401403316
-2.7484052039576277,1.361034726245624,0.5669467626102119,4.774587680280663,0.27793054750875773,2.3874819204497846
-2.745026161396228,1.3612940225368766,0.5665760035913443,4.774963840899569,0.2774119549262525,2.3872478362937524
-2.7419013331457,1.3603467481004239,0.5642529755564393,4.774495672587505,0.27930650379915795,2.3893551871587935
-2.736842071158167,1.3608055719834733,0.5641773562143473,4.778710374317587,0.2783888560330593,2.3885238854057325
-2.7373848905876166,1.3612463550889249,0.5640869022241463,4.777047770811465,0.27750728982215606,2.388012489816693
-2.737586689703983,1.3615867907140093,0.5638472810288665,4.776024979633386,0.276826418571987,2.3878698740695072
-2.7315853643296544,1.361704838867756,0.5632474771814764,4.7757397481390145,0.2765903222644939,2.387537431451423
-2.723130318207444,1.362178329925694,0.5632081527290024,4.775074862902846,0.2756433401486179,2.386734515978136
-2.7182252103533746,1.3621925830683081,0.5624304813756601,4.773469031956272,0.2756148338633894,2.3870032037452877
-2.7090988454999048,1.362318375834137,0.5618414950138951,4.7740064074905755,0.2753632483317315,2.387665292650727
-2.70078087028324,1.3621386032402554,0.5607660248162278,4.775330585301454,0.27572279351949475,2.388353620924487
-2.6931647125331857,1.3619867067967155,0.5597083877500691,4.776707241848974,0.2760265864065744,2.3893880668805716
-2.689206832400548,1.3616328428061242,0.5583661107959348,4.778776133761143,0.27673431438775686,2.3914680691023946
-2.6802566988490604,1.3616149705509744,0.5575661834852269,4.782936138204789,0.2767700588980565,2.392548270395755
-2.671869018292762,1.36207664015156,0.5574972707895358,4.78509654079151,0.27584671969688535,2.391990050158764
-2.6658213624633538,1.3617387379462484,0.556173014237805,4.783980100317528,0.27652252410750866,2.392661554039859
-2.6606835232575916,1.361946016646416,0.5556960416196461,4.785323108079718,0.2761079667071738,2.392029661433907
-2.657906116072482,1.3622453301772683,0.555366437877758,4.784059322867814,0.27550933964546875,2.3914126086653367
-2.655815879119643,1.3627555369109248,0.5553844845508472,4.782825217330673,0.27448892617815596,2.3906235795905513
-2.6511779695935846,1.3627209034045842,0.5545082349275989,4.7812471591811025,0.2745581931908371,2.3900016779186823
-2.643129796997204,1.3623508760599397,0.5531782306078425,4.780003355837365,0.27529824788012613,2.3927541937612635
-2.6393355795805244,1.3627462400794659,0.5530136441946155,4.785508387522527,0.2745075198410735,2.3920890892991316
-2.639435432990034,1.3632580993267707,0.5530252516219162,4.784178178598263,0.2734838013464637,2.3911786190268183
-2.639153052982698,1.363778373546083,0.5530563433369157,4.7823572380536366,0.27244325290783905,2.390365142004095
-2.631021015813762,1.3640687319108726,0.5527363519285775,4.78073028400819,0.27186253617825934,2.389967226914607
-2.620553025974301,1.3641555829452476,0.5520995166111266,4.779934453829214,0.27168883410950945,2.39034070417587
-2.611017610720033,1.3638755927947077,0.5508588612404334,4.78068140835174,0.27224881441058923,2.39103568463744
-2.6021980546090875,1.3641869485871723,0.5505486364368528,4.78207136927488,0.2716261028256602,2.3904120813016645
-2.596733456209412,1.3644818977616597,0.5502292526760834,4.780824162603329,0.2710362044766851,2.3899012600450478
-2.5929332618269267,1.3649297754629628,0.5501348218768979,4.7798025200900955,0.2701404490740789,2.389031560117796
-2.5884176613344585,1.3654377732232459,0.5501479101048957,4.778063120235592,0.26912445355351267,2.388130518683255
-2.5822716547477564,1.3656574297938096,0.5497054057692559,4.77626103736651,0.2686851404123854,2.3875682727903698
-2.57149090501386,1.3657714534600256,0.5490957890071818,4.7751365455807395,0.2684570930799531,2.3873397549295805
-2.5591971238608378,1.3662895253558445,0.5491243958928037,4.774679509859161,0.2674209492883154,2.386428943484157
-2.5466080028217988,1.3664283942518294,0.5485599959610763,4.772857886968314,0.2671432114963455,2.386077283780043
-2.5291168895585465,1.3640881720566083,0.544074105670117,4.772154567560086,0.2718236558867879,2.397395568130173
-2.5077100663570735,1.3645435466511522,0.5439854630657129,4.794791136260346,0.2709129066976999,2.3965106187195553
-2.4981375534666466,1.364752799255151,0.5435330317186636,4.793021237439111,0.2704944014897024,2.396430288407414
-2.486780132981232,1.3643167053893543,0.542024836847774,4.792860576814828,0.2713665892212957,2.3966937726277675
-2.4746431033565033,1.3648352867151772,0.5420527209830279,4.793387545255535,0.27032942656965,2.3958419476859363
-2.470002500664682,1.3653110770009356,0.5420054034983668,4.791683895371873,0.2693778459981331,2.394926403326475
-2.4622453323672135,1.3657513942287305,0.5419133618237707,4.78985280665295,0.26849721154254336,2.3941791070744225
-2.4486469870864895,1.3657085593773877,0.5410526194163657,4.788358214148845,0.2685828812452289,2.394571790678961
-2.43399126185912,1.3660446511265152,0.5408054617977435,4.789143581357922,0.26791069774697374,2.3941249083489695
-2.425431427041066,1.3662940121793024,0.5404131242288098,4.788249816697939,0.2674119756413993,2.39365455336132
-2.4197676634109655,1.3659938853322642,0.5391592244803468,4.78730910672264,0.26801222933547586,2.3955913821924404
-2.413379729173955,1.366400006308093,0.5390167954896129,4.791182764384881,0.2671999873838181,2.395401315649813
-2.4105219522688968,1.3661054859009707,0.5377178103802076,4.790802631299626,0.2677890281980629,2.395065231816208
-2.4034702140501407,1.3665784591583987,0.5376890810377486,4.790130463632416,0.266843081683207,2.394400175936344
-2.40113014001732,1.365900697940875,0.5358122723068175,4.788800351872688,0.2681986041182546,2.396549589456218
-2.394980844058254,1.3663494986230431,0.5357345889448092,4.793099178912436,0.2673010027539182,2.395815740493589
-2.3963024056944104,1.3658003635561369,0.534103944761004,4.791631480987178,0.26839927288773086,2.3971441458213865
-2.396322183341842,1.365863606489511,0.5334084928268085,4.794288291642773,0.2682727870209824,2.397244360653957
-2.4007669959221394,1.3662140492121915,0.5331792167952389,4.794488721307914,0.2675719015756218,2.396684578780821
-2.4066045751210674,1.3663724163021236,0.5326300340892277,4.793369157561642,0.2672551673957575,2.3962902624074034
-2.4146564361021357,1.3666755669313841,0.5323326916599639,4.792580524814807,0.2666488661372365,2.3961657682771897
-2.4234424363877314,1.3669183396854034,0.5319222064654864,4.7923315365543795,0.26616332062919784,2.3954983967490255
-2.426054657312288,1.3665783359844141,0.5305571184856538,4.790996793498051,0.26684332803117633,2.3950739532116363
-2.4286747347172577,1.3666594216626031,0.5298975176423056,4.790147906423273,0.2666811566747983,2.3949051067998575
-2.4345079848283504,1.366207871432219,0.5283760344327079,4.789810213599715,0.26758425713556644,2.395753059000695
-2.4374564156676435,1.3664014504753041,0.5279060366696393,4.79150611800139,0.26719709904939604,2.3957546514958095
-2.4468652510310553,1.3659307354892936,0.5263554914422088,4.791509302991619,0.2681385290214172,2.396769771089546
-2.459021043052407,1.366044195976169,0.525756759962371,4.793539542179092,0.2679116080476663,2.3969774858752513
-2.4767500508624307,1.3662935373224234,0.5253634500982562,4.793954971750503,0.26741292535515787,2.3964819406209377
-2.4944579844322137,1.366602879183879,0.5250645791468637,4.792963881241875,0.26679424163224685,2.3960840043969296
-2.5129873758400416,1.3668501957822015,0.5246591299004443,4.792168008793859,0.26629960843560163,2.395900944061066
-2.531110438129517,1.3673821773987411,0.5247147721456964,4.791801888122132,0.2652356452025223,2.395434243202115
-2.5477925774771313,1.3676452154610108,0.5243400163138164,4.79086848640423,0.26470956907798304,2.3949750750696577
-2.561766638665223,1.367715945197883,0.5236346823143349,4.789950150139315,0.2645681096042383,2.3944710102881275
-2.5726718913398834,1.3680263014099743,0.5233368312899056,4.788942020576255,0.26394739718005594,2.3938774070895326
-2.5865099186249463,1.3685528621749639,0.5233745933999012,4.787754814179065,0.2628942756500769,2.392916548429132
-2.59676618976514,1.368995792322914,0.5232985062351138,4.785833096858264,0.2620084153541767,2.3922365763713183
-2.604274846781701,1.3694619164611275,0.523248108861695,4.7844731527426365,0.26107616707774955,2.3914522368346525
-2.606784729527681,1.3687186989106528,0.5213026939272044,4.782904473669305,0.2625626021786991,2.393635869757083
-2.6029674551888706,1.3692426714534465,0.5213485300187354,4.787271739514166,0.2615146570931119,2.3928621169536552
-2.6060624273156385,1.3689983442591405,0.5201445087102023,4.7857242339073105,0.26200331148172384,2.3927854078513104
-2.603342517221173,1.3685101869816974,0.5186113865864955,4.785570815702621,0.2629796260366101,2.396273992191593
-2.601940238951239,1.3675910544856293,0.5163422121453054,4.792547984383186,0.2648178910287461,2.3976597215826962
-2.6017204486899908,1.367712774818884,0.5157326329861435,4.7953194431653925,0.2645744503622368,2.3972604143882865
-2.6053556124933444,1.368249121875905,0.5157820944698489,4.794520828776573,0.26350175624819505,2.3963056238316582
-2.6094171395377583,1.3686933605055196,0.5156894660120276,4.7926112476633165,0.2626132789889659,2.395470805810559
-2.6067065513066345,1.3692232360799252,0.5157364106846432,4.790941611621118,0.2615535278401546,2.3945856795230327
-2.602039704798299,1.3694892896699982,0.515352180097931,4.789171359046065,0.26102142066000883,2.3939512937701557
-2.590570852319199,1.3689104958733538,0.5136431582998907,4.787902587540311,0.26217900825329743,2.3951502327717793
-2.575836052954971,1.369319447460457,0.5135010719477677,4.790300465543559,0.26136110507909077,2.3943975003778717
-2.566516926082138,1.3690090487000934,0.5121832431945459,4.788795000755743,0.26198190259981796,2.394032003338517
-2.5544268580769307,1.3691700626450753,0.5116837765683715,4.788064006677034,0.26165987470985425,2.3946311699265803
-2.545777308394801,1.3690261576406886,0.5106737167536254,4.789262339853161,0.261947684718628,2.394898342310785
-2.539635216907272,1.369392676978519,0.5104515325062134,4.78979668462157,0.26121464604296724,2.3942116341643698
-2.5365489274132793,1.3694237534411955,0.5097188935587537,4.7884232683287395,0.26115249311761435,2.3943865431685825
-2.5310977816491302,1.369682662669619,0.5093229052408244,4.788773086337165,0.2606346746607671,2.3937678132454447
-2.527661451309007,1.3694399216785629,0.5081451416854604,4.7875356264908895,0.2611201566428794,2.394413589968956
-2.5264002681677358,1.3693416920216201,0.5071733408799245,4.788827179937912,0.26131661595676486,2.3943143348601357
-2.5290154478582867,1.3685981151882556,0.5051602634028163,4.788628669720271,0.26280376962349417,2.3949525908123794
-2.5332860936758244,1.3685781146715332,0.5043495386560871,4.789905181624759,0.26284377065693876,2.395242250141166
-2.5396974004651334,1.3690722636949404,0.50434505506364,4.790484500282332,0.2618554726101243,2.3945719098866154
-2.55155810859151,1.368680582093563,0.5029504435756031,4.789143819773231,0.26263883581287895,2.3953279876329283
-2.5574066237128013,1.3691982853749933,0.5029704475818733,4.790655975265857,0.2616034292500184,2.3943895711516405
-2.565446135757822,1.3696444320398828,0.502887174899204,4.788779142303281,0.2607111359202393,2.3937090298352146
-2.5653722383961677,1.3679172549716272,0.4993110059216248,4.787418059670429,0.26416549005675066,2.3988533888763532
-2.557663112849995,1.3681184443567365,0.4988192041559931,4.7977067777527065,0.2637631112865321,2.3982241471658834
-2.56400720208894,1.3682294023651949,0.4982147057686644,4.796448294331767,0.2635411952696154,2.39843434620843
-2.571977921580166,1.3673279481420824,0.49596995501980995,4.79686869241686,0.2653441037158402,2.4034143550682443
-2.5810438570712995,1.3663282337459395,0.4936229663157174,4.806828710136489,0.2673435325081261,2.40681356655565
-2.594242212547582,1.3661749885228838,0.4925680525493431,4.8136271331113,0.2676500229542377,2.407946596019085
-2.610923637388404,1.365443276086543,0.4905923727027344,4.81589319203817,0.2691134478269194,2.4095958343389183
-2.629283788418766,1.3648554927741265,0.4888288320118058,4.819191668677837,0.27028901445175213,2.4103698552273407
-2.649495825817052,1.364439732900469,0.48734994311383717,4.820739710454681,0.2711205341990673,2.412341803550408
-2.673208388897751,1.363879627631235,0.4856341121847941,4.824683607100816,0.2722407447375351,2.412976431096648
-2.697689384759026,1.3643207242765516,0.4855419085189101,4.825952862193296,0.271358551446902,2.4124849237618773
-2.729144790338996,1.36488100867051,0.4856170752860958,4.824969847523755,0.27023798265898513,2.411578181224898
-2.7585343447989237,1.364767166771037,0.4846196979165047,4.823156362449796,0.2704656664579313,2.411837701335019
-2.783006092578454,1.3646255139874641,0.48357713278273623,4.823675402670038,0.27074897202507725,2.4121793550142647
-2.806649140859303,1.3647756710701637,0.48299979314343944,4.8243587100285295,0.27044865785967825,2.412230947586524
-2.8309110156368007,1.3652534619615224,0.4829694606971108,4.824461895173048,0.2694930760769609,2.411962897431776
-2.8520400505659667,1.3651896209169296,0.48202430465460216,4.823925794863552,0.26962075816614645,2.4115406979607816
-2.8678059934016646,1.3654108766156545,0.4815546100203807,4.823081395921563,0.26917824676869645,2.410986122439303
-2.8877764453484747,1.3658447149643154,0.48143006113827924,4.821972244878606,0.26831057007137465,2.410463284790541
-2.9047884053045925,1.3649632675480563,0.47926186822428074,4.820926569581082,0.27007346490389256,2.4157664175947704
-2.9213701899385223,1.3654975909849436,0.47930010242141463,4.831532835189541,0.26900481803011783,2.415033665952886
-2.9474754211748584,1.365947962793473,0.4792199933866988,4.830067331905772,0.26810407441305917,2.414552346140956
-2.9597414648667826,1.3651250638028978,0.4770824597994702,4.829104692281912,0.2697498723942095,2.41597557304417
-2.9657691281173344,1.3638434013362377,0.47426476205199514,4.83195114608834,0.2723131973275297,2.419672786626952
-2.9734863041404296,1.3635589392114222,0.47301725430077896,4.839345573253904,0.27288212157716046,2.420281520754926
-2.9838757211490963,1.3635161313223978,0.47215007093379535,4.840563041509852,0.2729677373552093,2.4205446544374785
-2.9913541871574596,1.3622555902050533,0.4693123671602785,4.841089308874957,0.27548881958989824,2.423916934393873
-2.994121759656305,1.361736967043796,0.4676845078088028,4.847833868787746,0.27652606591241286,2.4257307071630523
-2.99945445772994,1.3617098669657652,0.4668185185304931,4.851461414326105,0.2765802660684744,2.4257401229778903
-3.004834870973779,1.361543074335699,0.46569670485408493,4.851480245955781,0.2769138513286067,2.42539372861215
-3.007230221481472,1.362132792976098,0.4657982421796384,4.8507874572243,0.2757344140478088,2.424401626733625
-3.009164741489395,1.3621085428561106,0.464935670576655,4.84880325346725,0.27578291428778356,2.4248652348048405
-3.00628051655169,1.3626848369326001,0.4650218257138605,4.849730469609681,0.27463032613480437,2.4239561925113575
-3.0095308264787817,1.3630552029013612,0.4648008332064314,4.847912385022715,0.2738895941972823,2.4233010827933357
-3.0061069223766377,1.3636403752055746,0.46490585163728204,4.846602165586671,0.2727192495888554,2.4224183211746064
-2.9996845758688293,1.363683906489775,0.46415495107248,4.844836642349213,0.27263218702045455,2.422965374787459
-2.986779372387552,1.3642346161464525,0.46420593663269105,4.845930749574918,0.2715307677070994,2.4220761551104855
-2.9780915557116767,1.3646240320827765,0.4640120506064276,4.844152310220971,0.2707519358344513,2.421526633202188
-2.9611399544772414,1.3647074616809107,0.46333061667977615,4.843053266404376,0.2705850766381829,2.4216030066499923
-2.9420921201509653,1.3645394262813555,0.4622288845270611,4.843206013299985,0.27092114743729323,2.4213450079044097
-2.9248487296472074,1.3644981006234533,0.46132326439749116,4.842690015808819,0.27100379875309755,2.4214096463901797
-2.9054081225818025,1.3645622834657203,0.4606134197068324,4.8428192927803595,0.2708754330685636,2.421267305547789
-2.8936402713213383,1.3647012084670194,0.46002246034668837,4.842534611095578,0.2705975830659654,2.4212322776495423
-2.8849336507123633,1.365158746058868,0.45992651322053085,4.842464555299085,0.2696825078822683,2.42053569121897
-2.873440413714264,1.3656912469469682,0.4599637750600289,4.84107138243794,0.2686175061060676,2.420134838133633
-2.855085249425086,1.3662630025180331,0.46005315096644295,4.840269676267266,0.2674739949639378,2.419266939069063
-2.8321593868935864,1.3667911116037936,0.4600806006265083,4.838533878138126,0.26641777679241674,2.418763692932206
-2.804811181457449,1.3658575743423256,0.4577319409269729,4.837527385864412,0.2682848513153526,2.419165868029896
-2.766520857470063,1.3661938264976883,0.45747381764792466,4.838331736059792,0.2676123470046273,2.418744242755381
-2.7338621073391565,1.3663258675137968,0.45686232886943084,4.837488485510762,0.2673482649724101,2.418397551800465
-2.699795930460216,1.3664273110814693,0.4562218104487614,4.83679510360093,0.26714537783706505,2.4186992602194874
-2.665580796565131,1.3667240975170696,0.45591301852875055,4.837398520438975,0.26655180496586434,2.418727648729391
-2.6373205007081117,1.3672144403175792,0.455865043823831,4.837455297458782,0.26557111936484484,2.4177746864298544
-2.609149518512721,1.3676070727114005,0.455659326865696,4.835549372859709,0.2647858545772022,2.4169665450490343
-2.5831221562814837,1.3680534661562502,0.4555550471573865,4.833933090098069,0.26389306768750265,2.4164069107790724
-2.558320707311351,1.366880719211384,0.4528498451211842,4.832813821558145,0.266238561577235,2.4178467557118526
-2.5324461973646732,1.366739874433669,0.45179355715894065,4.835693511423705,0.26652025113266514,2.4181500908185227
-2.514001346104942,1.3673203863977803,0.4518987386515178,4.8363001816370454,0.2653592272044424,2.417332522005177
-2.504737295762583,1.367858975407881,0.4519321858126801,4.834665044010354,0.26428204918424125,2.4164093193454215
-2.493769315869674,1.3679464715360194,0.45125497887863936,4.832818638690843,0.26410705692796427,2.4176807989154887
-2.4774323798624214,1.3685229339243303,0.45135201603182185,4.835361597830977,0.2629541321513424,2.4166941004502904
-2.4625248899518377,1.368446840136418,0.4504041131454181,4.833388200900581,0.26310631972716697,2.4163835122850164
-2.4424031292483424,1.3690128174181206,0.45049620402896684,4.832767024570033,0.26197436516376155,2.4155623881740795
-2.4256487810571574,1.3692304360357803,0.4500393020693616,4.831124776348159,0.2615391279284422,2.414929014173653
-2.406062381345977,1.369303057386587,0.44936946976035064,4.829858028347306,0.2613938852268288,2.4154096343634905
-2.3886687896719696,1.3694044355142134,0.448729146342386,4.830819268726981,0.26119112897157615,2.41497532177066
-2.3750980424309662,1.368703065417658,0.4468023035076001,4.82995064354132,0.2625938691646871,2.4166337683172285
-2.363638421162956,1.3692681985644701,0.44688346133331674,4.833267536634457,0.2614636028710629,2.4157669380956346
-2.36120602462414,1.369738048909072,0.44681782481960086,4.831533876191269,0.2605239021818591,2.4150126540480628
-2.3535654148264835,1.370285060171477,0.4468836615200924,4.8300253080961255,0.25942987965704917,2.4142344242408313
-2.3461478964030347,1.3703421790981691,0.44614281170891057,4.828468848481663,0.25931564180366534,2.413490156621019
-2.3356749177252545,1.3697076310818095,0.44431826873808955,4.826980313242038,0.2605847378363846,2.4154238707100415
-2.3243918632951526,1.3702019629340016,0.44427931442292523,4.830847741420083,0.2595960741320001,2.4144651757850326
-2.3196644275789904,1.3703434756084543,0.4437113268531894,4.828930351570065,0.25931304878309475,2.414962553760755
-2.314668207283125,1.3695440671665704,0.4416784795555903,4.82992510752151,0.26091186566686236,2.4173497484063633
-2.3090463951510154,1.3699885780182643,0.44157081634541,4.834699496812727,0.2600228439634747,2.416568431554597
-2.311263711860522,1.3702358184671828,0.44113067954512886,4.833136863109194,0.25952836306563787,2.4159000225327314
-2.3049988101629553,1.3695023689225936,0.43913542358741897,4.831800045065463,0.2609952621548161,2.4178314216422443
-2.2953401749762854,1.3693946828757393,0.438152136241041,4.835662843284489,0.26121063424852475,2.4182240112452402
-2.293538228276374,1.3699554008627293,0.43823001320830823,4.8364480224904804,0.26008919827454474,2.4174610876130687
-2.299051183885401,1.3697256694830968,0.4370417231522706,4.834922175226137,0.26054866103380975,2.417510986092356
-2.298770033628994,1.368674149000424,0.4345504690708236,4.835021972184712,0.2626517019991556,2.4210258096264656
-2.301424465782542,1.36925007917024,0.4346455024140742,4.842051619252931,0.26149984165952356,2.420031428268179
-2.3110730996481603,1.369644905824345,0.4344659202056816,4.840062856536358,0.26071018835131365,2.4193327509386218
-2.3196653485957563,1.3699995317516416,0.4342095149527727,4.8386655018772435,0.2600009364967203,2.418563999295888
-2.327605141404068,1.3704820201437138,0.4341811390586389,4.837127998591776,0.2590359597125759,2.418272374363532
-2.3349327117045684,1.3707112601723042,0.433713307168974,4.836544748727064,0.258577479655395,2.41749732230921
-2.3397718459467827,1.371250467848548,0.4337575038839635,4.83499464461842,0.2574990643029072,2.416752474056516
-2.342706508642844,1.3710199796048819,0.43257210408759866,4.833504948113032,0.2579600407902395,2.4166927500645925
-2.344157159004942,1.3709402578508043,0.4316340512470387,4.833385500129185,0.2581194842983946,2.4178611137921533
-2.3490608120221372,1.3713740778073753,0.4315115230022155,4.835722227584307,0.2572518443852528,2.4170636096141247
-2.3587681148265363,1.371861563807928,0.4314769575120771,4.834127219228249,0.2562768723841474,2.4162822333571286
-2.3668506862287955,1.3721794817826192,0.431176786534014,4.832564466714257,0.25564103643476477,2.4156478739694114
-2.3701605144601983,1.3720035453065909,0.43013510859347026,4.831295747938823,0.2559929093868214,2.4159889157047325
-2.3733219583277543,1.3724829503387728,0.4300770009597514,4.831977831409465,0.25503409932245774,2.415084461817487
-2.3791175817082104,1.3728854521872071,0.42992492028680734,4.830168923634974,0.25422909562558904,2.415005406430887
-2.379910066528234,1.373242982050366,0.42969566416927957,4.830010812861774,0.2535140358992712,2.4143503044053496
-2.3846110543592265,1.3737327851458705,0.42966470973831095,4.828700608810699,0.25253442970826234,2.4135570234875283
-2.388869050743769,1.3737743033507082,0.4289312913420064,4.827114046975057,0.25245139329858723,2.413999977596316
-2.3870786726105004,1.373474018209,0.42768706177145543,4.827999955192632,0.2530519635820035,2.4150221596308326
-2.383630649418915,1.3739022742642317,0.427576370160279,4.830044319261665,0.2521954514715401,2.4144526047495782
-2.387629804267299,1.373936136190827,0.4268013295533173,4.8289052094991565,0.2521277276183495,2.4140473052527573
-2.3875085634503606,1.3744894612006435,0.4268703629297418,4.828094610505515,0.25102107759871656,2.41311147476407
-2.385537923639871,1.3750505677671545,0.42696393856470116,4.82622294952814,0.2498988644656944,2.4125035324302013
-2.383129349764676,1.3756000577718417,0.42703917487573806,4.825007064860403,0.24879988445632004,2.4117227767176592
-2.37867627116582,1.3754419301657266,0.42596859955910005,4.8234455534353184,0.24911613966855012,2.411204047745717
-2.3704057493619923,1.3758940090988319,0.42589210480365036,4.822408095491434,0.24821198180233978,2.411035789576908
-2.3665359483314417,1.376459138982338,0.42599329350979903,4.822071579153816,0.2470817220353274,2.410121096415246
-2.361530805085286,1.3770083616276105,0.4260667603265838,4.820242192830492,0.24598327674478226,2.409255407075342
-2.3555718580320875,1.3775682892997498,0.42615316884679644,4.818510814150684,0.24486342140050385,2.408343670704085
-2.344246519250581,1.3773626562345769,0.4250281934430976,4.81668734140817,0.24527468753084972,2.408877450380472
-2.326581093543634,1.3774170607449665,0.4243100965019674,4.817754900760944,0.24516587851007035,2.408516378131819
-2.3123655851156313,1.3777539631931035,0.4240352311362506,4.817032756263638,0.24449207361379632,2.4077455200100015
-2.301205295871645,1.3778325229663089,0.42337983476489,4.815491040020003,0.24433495406738565,2.407364911308812
-2.289487172156778,1.3783415129960173,0.42339191566268747,4.814729822617624,0.24331697400796884,2.4065319660981417
-2.278301913561458,1.3787135322257236,0.4231900687752847,4.813063932196283,0.24257293554855608,2.4059134937126943
-2.2666906358647156,1.378499980764459,0.42205761978011525,4.8118269874253885,0.2430000384710852,2.4068862826976845
-2.2540243495438728,1.3787035024966707,0.42155086931979385,4.813772565395369,0.24259299500666143,2.4061437479788053
-2.244762927196192,1.378903425343059,0.42107174042592804,4.8122874959576105,0.2421931493138848,2.4059546267630503
-2.237363198967029,1.3789128849970773,0.42029862451292777,4.8119092535261005,0.24217423000584834,2.4056832965118673
-2.2292546332256187,1.3793280578649396,0.42017094993365806,4.811366593023735,0.24134388427012357,2.4051097102190337
-2.221697806629467,1.3793739473815951,0.4194513270255014,4.8102194204380675,0.24125210523681245,2.405495217147104
-2.2135834882023993,1.3796331402387936,0.4190772407701701,4.810990434294208,0.24073371952241535,2.405129531608855
-2.206377262912623,1.3794752836608515,0.4180652872459168,4.81025906321771,0.24104943267829962,2.405493203050834
-2.2016615335255874,1.3799410243128287,0.41799629849788317,4.810986406101668,0.24011795137434522,2.404548630462676
-2.202315904972998,1.380326646868379,0.4178104871254389,4.809097260925352,0.23934670626324464,2.403822117854305
-2.2011715243662846,1.3807289308868496,0.4176762020519589,4.80764423570861,0.2385421382263037,2.4033659418626683
-2.1985038206268293,1.381197031394518,0.4176223727786859,4.8067318837253366,0.23760593721096665,2.402556955043452
-2.1965976148556896,1.381694805846764,0.41764715313836914,4.805113910086904,0.23661038830647493,2.402351651336534
-2.196337445796682,1.3817410928759783,0.41693392316364103,4.804703302673068,0.23651781424804613,2.401955717793211
-2.1968594943698654,1.3822837394253251,0.4170035562999829,4.803911435586422,0.2354325211493526,2.4010192002682795
-2.202463822857415,1.3819831759616228,0.41577212291693527,4.802038400536559,0.23603364807675714,2.40246075525363
-2.2027109952273953,1.3811276203509042,0.4136465501421207,4.80492151050726,0.2377447592981941,2.4043530635586126
-2.202750793487249,1.3813135806528694,0.413146437976102,4.808706127117225,0.23737283869426393,2.4037361588005295
-2.2089845309616765,1.3815922831448346,0.4127915254136653,4.807472317601059,0.2368154337103335,2.4032859043415478
-2.2153270401169673,1.3821368462371388,0.41286433394862454,4.8065718086830955,0.23572630752572502,2.402394716931409
-2.2239859151194326,1.3825605020354401,0.4127432237269875,4.804789433862818,0.23487899592912231,2.4015332477604105
-2.230961929985484,1.3827585168175418,0.4122692077073547,4.803066495520821,0.23448296636491875,2.401025854659318
-2.2350357667573197,1.3829331212926887,0.4117752516498404,4.802051709318636,0.23413375741462508,2.4008244563012795
-2.2391213705725574,1.3833555237504602,0.41165031353410847,4.801648912602559,0.23328895249908205,2.400276523484593
-2.243925196391418,1.3830683544641869,0.410405555167741,4.800553046969186,0.23386329107162895,2.4006871513023857
-2.2450636399174377,1.3834489788297744,0.41020909202969097,4.8013743026047715,0.23310204234045404,2.3998352905200258
-2.25046167374987,1.383563795513519,0.4096000444387135,4.7996705810400515,0.2328724089729651,2.3993830633733624
-2.2536675533275297,1.3823556407201063,0.40688823765163196,4.798766126746725,0.23528871855979047,2.401661614852743
-2.253904355375154,1.3825409828950315,0.40641367284418023,4.803323229705486,0.23491803420994017,2.401878282293052
-2.260003699323225,1.3830488987178517,0.4064298976242686,4.803756564586104,0.23390220256429942,2.4010016456714274
-2.2713027969378983,1.3835244312542412,0.4063873693807088,4.802003291342855,0.23295113749152044,2.400114892795689
-2.2814680710282156,1.3840444382434511,0.406424100762789,4.800229785591378,0.2319111235131006,2.3991748456933495
-2.2910755656832484,1.3837055107771623,0.4051097453247335,4.798349691386699,0.23258897844567816,2.400415489691069
-2.2977212712271724,1.3837181537463494,0.40437265087413476,4.800830979382138,0.23256369250730397,2.400380113910817
-2.3087368704215794,1.384263380788457,0.4044529835505755,4.800760227821634,0.2314732384230888,2.3995985969557214
-2.321057327142609,1.3848077466625333,0.4045342248685474,4.799197193911443,0.23038450667493648,2.3990739095652414
-2.332267650280696,1.3851254858033024,0.4042713406583821,4.798147819130483,0.2297490283933981,2.398740935876445
-2.338184311088298,1.3853830633240964,0.4038809831859252,4.79748187175289,0.22923387335180984,2.398286907194132
-2.339828137080471,1.3855510549761505,0.4033455838070928,4.796573814388264,0.22889789004770175,2.3976792189744867
-2.3404965496437242,1.3860695952443227,0.40337567982064043,4.795358437948973,0.22786080951135715,2.3967327919103094
-2.3421977789614985,1.3864803074892118,0.403241997391968,4.793465583820619,0.22703938502157886,2.396025639736491
-2.343658829407481,1.3869935765845192,0.40328244543683966,4.792051279472982,0.226012846830964,2.3952303563085082
-2.3451112067897695,1.3871378872243074,0.402727269276465,4.7904607126170164,0.2257242255513873,2.3947250680377525
-2.3430575316266187,1.3876566941660395,0.402779306897347,4.789450136075505,0.2246866116679232,2.3939381188505626
-2.3417793634829205,1.3881959137689832,0.402856933975513,4.787876237701125,0.2236081724620359,2.393149358285058
-2.3391764354280102,1.3887227466180183,0.4029241310546749,4.786298716570116,0.22255450676396552,2.3925518193773225
-2.3316367547358086,1.3881804106705833,0.4012851427631415,4.785103638754645,0.22363917865883565,2.3927498538911256
-2.3195462589434124,1.3882899459264002,0.40068581589842606,4.785499707782251,0.22342010814720178,2.392637055407469
-2.3109827206186897,1.3888280109244826,0.40075859730367,4.785274110814938,0.22234397815103718,2.3917044154565965
-2.2999796042823837,1.3893461538501863,0.40080306622290207,4.783408830913193,0.2213076922996298,2.390958567719461
-2.2859807312194227,1.3897813973495718,0.40073121792964805,4.781917135438922,0.22043720530085892,2.3904026822835434
-2.271504435545433,1.390295684016849,0.40076591592847616,4.780805364567087,0.21940863196630472,2.3894575597796126
-2.2575901074135927,1.3908067875288033,0.4008039521700562,4.778915119559225,0.21838642494239635,2.388546205870785
-2.2437410630255066,1.3911699521049465,0.40063062263571225,4.77709241174157,0.21766009579010995,2.3881374570983125
-2.2260726007161815,1.3914258850286263,0.40025910610212523,4.776274914196625,0.21714822994275057,2.387546617382525
-2.2070900760310526,1.3918086539956107,0.40009424610432576,4.77509323476505,0.21638269200878157,2.3868524545244867
-2.1917825277715774,1.3922913346015242,0.40008255200663095,4.773704909048973,0.21541733079695463,2.3859281613240673
-2.1786340029138533,1.3924892886286344,0.3996357836979459,4.7718563226481345,0.21502142274273423,2.38551718541841
-2.16413895716355,1.3925184025998634,0.3989217109600175,4.77103437083682,0.21496319480027615,2.38509321817455
-2.149972713007878,1.3930173972542457,0.3989437776469288,4.7701864363491,0.2139652054915115,2.3842254885624983
-2.138017775021119,1.3935309248006906,0.39899111326907355,4.7684509771249965,0.2129381503986217,2.38337823638747
-2.1267003497011814,1.3937773223061751,0.398625549512409,4.76675647277494,0.21244535538765286,2.383006996198027
-2.113484012939218,1.3940751124987691,0.398346369177884,4.766013992396054,0.21184977500246502,2.3824665023263627
-2.1025143875285917,1.3940649521746653,0.39756394668468714,4.764933004652725,0.2118700956506727,2.3822083961368126
-2.090789809961274,1.3942171000937962,0.3970391333245876,4.764416792273625,0.21156579981241116,2.381600546170856
-2.0823973685457693,1.3944854611669595,0.3967073117337399,4.763201092341712,0.21102907766608445,2.3812865967695624
-2.0771424200291286,1.3948119033848019,0.39646995120905854,4.762573193539125,0.21037619323039985,2.3805853290303776
-2.0741106163357546,1.394929485871472,0.3958915570790203,4.761170658060755,0.2101410282570597,2.3799691088735893
-2.0688086309412013,1.3948401242845625,0.39500349425057185,4.7599382177471785,0.21031975143087858,2.380028837903275
-2.0634581427539374,1.3953386870705196,0.39503539781974256,4.76005767580655,0.20932262585896427,2.3792263668493225
-2.062958675116057,1.3954270247016098,0.3944261957901278,4.758452733698645,0.20914595059678368,2.3796478865973465
-2.0619093338480736,1.3959427352331586,0.3944798485693644,4.759295773194693,0.2081145295336863,2.3787001436147337
-2.0636842711202523,1.3961972773463855,0.39412497695807347,4.757400287229467,0.20760544530723227,2.378254493516642
-2.0646762665200056,1.3961027150190657,0.39319855554507094,4.756508987033284,0.20779456996187187,2.3775987467508086
-2.066544070246278,1.3963070640887985,0.3927544111350733,4.755197493501617,0.20738587182240628,2.3769229904563463
-2.071007634416856,1.3955595387248616,0.3908164564636637,4.7538459809126925,0.20888092255028018,2.3785071880204627
-2.0735497237424756,1.3958547788766935,0.390525439202642,4.757014376040925,0.2082904422466165,2.377787778461646
-2.0820089905265213,1.3963661735849597,0.39057404635686943,4.755575556923292,0.20726765283008386,2.3768552274700836
-2.0924430322434926,1.395728467423322,0.3887545124564179,4.753710454940167,0.20854306515335957,2.376528711930458
-2.0982226118468765,1.3962370092151477,0.38879861142252453,4.753057423860916,0.2075259815697079,2.375631016685755
-2.1087835947263844,1.3960543385136948,0.38771536146533936,4.75126203337151,0.2078913229726137,2.3753058002506675
-2.1175125067860616,1.3965639937472534,0.3877654191293794,4.750611600501335,0.20687201250549633,2.374417899555442
-2.1321783308034266,1.3966183902756324,0.3870777962616937,4.748835799110884,0.20676321944873846,2.373870346653033
-2.1433583033237924,1.396630502648893,0.3863259657119324,4.747740693306066,0.20673899470221735,2.3733138948382955
-2.155459118786399,1.3965699670134428,0.38549352697830536,4.746627789676591,0.20686006597311757,2.3735898405439233
-2.167415724813532,1.39534521159098,0.3828366166106654,4.747179681087847,0.20930957681804344,2.3767233104005787
-2.177088595170508,1.3958009402855949,0.3827977333021133,4.753446620801157,0.20839811942881356,2.375857565898114
-2.194795316266136,1.396037673580922,0.38241092144682104,4.751715131796228,0.2079246528381595,2.375195120036038
-2.21112988349422,1.3958098511549848,0.38132525334211853,4.750390240072076,0.20838029769003352,2.376321599647662
-2.2257639588516627,1.3955983024215097,0.38023774935999044,4.752643199295324,0.20880339515698382,2.376480725116985
-2.2406741396428114,1.3956608736225442,0.3795773944003146,4.75296145023397,0.20867825275491506,2.3761656115783416
-2.2596309816046523,1.3961633248949017,0.3796106621848095,4.752331223156683,0.20767335021020022,2.3753250771592445
-2.27968086169832,1.3956609887685532,0.3780693382519567,4.750650154318489,0.20867802246289752,2.376637559294725
-2.2977010536697335,1.3960799365506091,0.3779776490685919,4.75327511858945,0.2078401268987857,2.3759741274606823
-2.3204396141071704,1.3965847767871682,0.3780109486197359,4.7519482549213645,0.20683044642566753,2.3750789999722706
-2.3406517561872753,1.39698350560466,0.3778935334602391,4.750157999944541,0.2060329887906838,2.374710712429194
-2.356383477219264,1.3972617803448035,0.3775898174777823,4.749421424858388,0.2054764393103968,2.3741411788704423
-2.366906766374526,1.3977801710148796,0.3776512689245825,4.748282357740885,0.20443965797024458,2.3732556894586794
-2.377365695856368,1.3980848772973662,0.3773708706069562,4.746511378917359,0.20383024540527123,2.372546967284402
-2.3862458926098777,1.3981707695026493,0.3767422616549213,4.745093934568804,0.20365846099470483,2.3722027617750854
-2.3903137906955383,1.3983072608703344,0.3762188072354222,4.744405523550171,0.20338547825933478,2.3719496824291895
-2.396866106277804,1.398485924700545,0.37573822108745747,4.743899364858379,0.2030281505989135,2.3712357614094137
-2.401450272732351,1.398832537318841,0.3755227308729575,4.7424715228188274,0.20233492536232134,2.37064704206841
-2.4093986077352416,1.399217999058734,0.3753867935684823,4.74129408413682,0.20156400188253565,2.370182554089173
-2.415178326718293,1.3992412322732841,0.3746351704584395,4.740365108178346,0.20151753545343526,2.3694666860131006
-2.4172123919225603,1.3996229450012188,0.37448359482483634,4.738933372026201,0.20075410999756582,2.3687261437399814
-2.4191152661645807,1.3999003698300343,0.3741850900061062,4.737452287479963,0.20019926033993474,2.3686121035643586
-2.414568949822481,1.399568330230386,0.37291233103568605,4.737224207128717,0.20086333953923116,2.3684220935862657
-2.40907341414413,1.3999692624496185,0.37281420787587055,4.736844187172531,0.20006147510076633,2.3678763151062276
-2.407075798723167,1.3996532778180262,0.3715822047522524,4.735752630212455,0.20069344436395092,2.3685236962918546
-2.399676588961173,1.399480462310542,0.37056266547373556,4.737047392583709,0.20103907537891927,2.3685186720760565
-2.3924646881891016,1.3998091456110608,0.37031816114529903,4.737037344152113,0.20038170877788156,2.367777262650856
-2.3869662279802353,1.3992330974987401,0.36867084569131553,4.735554525301712,0.20153380500252302,2.3683905077075633
-2.3804396173977995,1.3990428294930812,0.3676340033184677,4.736781015415127,0.20191434101384081,2.3692642343568817
-2.37480920023503,1.3989683015764902,0.366743270400318,4.738528468713763,0.202063396847023,2.3688880574476086
-2.372096961285788,1.3994737115636304,0.36680046413366385,4.737776114895217,0.2010525768727425,2.368531593022862
-2.3757750034508525,1.3998949803225127,0.36669947899227556,4.737063186045724,0.2002100393549779,2.367696925427667
-2.3777858455733716,1.3998886800134533,0.36595657306605783,4.735393850855334,0.20022263997309636,2.3676254058929853
-2.377635393143363,1.3999703125777974,0.3653470169974543,4.735250811785971,0.20005937484440833,2.3673220852868595
-2.381540892593401,1.399382387738668,0.3636975804422386,4.734644170573719,0.20123522452266718,2.3684653884405478
-2.384837881458842,1.3998114643855952,0.36362232971801645,4.7369307768810955,0.20037707122881263,2.3676507854737685
-2.3929668887546853,1.4003043554640737,0.36365640167279767,4.735301570947537,0.19939128907185583,2.367213256046461
-2.3994906924779493,1.4002683268863554,0.3628449643743972,4.734426512092922,0.1994633462272925,2.367262044127905
-2.4022145622121673,1.4003330168931178,0.36219185944432003,4.73452408825581,0.19933396621376742,2.367103137653739
-2.407083051030991,1.400469997842035,0.3616562742549443,4.734206275307478,0.1990600043159332,2.3665791959982903
-2.4139512174440108,1.400920852647178,0.36161510308326494,4.7331583919965805,0.19815829470564747,2.3658296961621916
-2.4211675835191455,1.4010872738190083,0.3611443966444465,4.731659392324383,0.19782545236198681,2.365829322238871
-2.4270517367779334,1.4015938023163255,0.36119782252898686,4.731658644477742,0.19681239536735273,2.3649783251781775
-2.4344084352391544,1.402098239490849,0.36125742400804123,4.729956650356355,0.19580352101830556,2.364300968763416
-2.436865103197207,1.402346747755703,0.360897307580574,4.728601937526832,0.1953065044885977,2.3637300759
-2.4371233107185657,1.402808226508143,0.360883103727857,4.7274601518,0.19438354698371774,2.3629383590285213
-2.4355124288130967,1.4031215112180844,0.3606199016302761,4.725876718057043,0.19375697756383503,2.3621735568963915
-2.4298470745979412,1.4033091421475639,0.36017364902865534,4.724347113792783,0.19338171570487592,2.3616379510240444
-2.423835765638033,1.4034884693231848,0.35973172234837064,4.723275902048089,0.1930230613536339,2.3623453723808217
-2.4149628752934817,1.4025254358347052,0.3574507788556523,4.724690744761643,0.19494912833059297,2.3641430542219464
-2.4015122998220795,1.4023895897919145,0.3564870887319328,4.728286108443893,0.19522082041617442,2.3646039187081698
-2.3926930968565916,1.4026279364555134,0.35613418138594555,4.7292078374163395,0.19474412708897682,2.3642422965598557
-2.3887383070414585,1.4028609929031242,0.3557556844335383,4.7284845931197115,0.19427801419375526,2.3641565147211927
-2.3859190769980136,1.403085163839631,0.35539071471096434,4.728313029442385,0.19382967232074116,2.3639812970216543
-2.381969200647307,1.4035946581745355,0.35544846917946066,4.7279625940433085,0.19281068365093237,2.363161742768702
-2.3780113428192426,1.4034314482609842,0.3544432210361305,4.726323485537404,0.19313710347803492,2.363332058863105
-2.3662434729220454,1.4034866425706003,0.35379567625715025,4.72666411772621,0.19302671485880293,2.363159516435316
-2.35803148500925,1.4036831821395634,0.3533831991922231,4.726319032870632,0.19263363572087686,2.3626520039846737
-2.3531566629104894,1.4041843057835883,0.3534303544284839,4.725304007969347,0.19163138843282704,2.3619080047045924
-2.348147355854864,1.404478768210989,0.3531702858805153,4.723816009409185,0.19104246357802596,2.3615450314516653
-2.3395937893009604,1.4049857318102,0.35322793027903143,4.7230900629033306,0.190028536379604,2.3606893837198255
-2.3309329984715057,1.4051410694619992,0.35274889021385464,4.721378767439651,0.18971786107600536,2.361078795339612
-2.320203412905126,1.404985590447256,0.35175685009272806,4.722157590679224,0.1900288191054918,2.3609145967553498
-2.3089579817234247,1.405226858287824,0.3513894783210639,4.7218291935106995,0.18954628342435562,2.360275458333992
-2.302885617670542,1.4053637514676969,0.35089990081057254,4.720550916667984,0.18927249706461005,2.3603541613518755
-2.2991294687776453,1.4050061874717479,0.34963765145728326,4.720708322703751,0.18998762505650804,2.361394704535549
-2.294912684059145,1.405220903407495,0.34924623045629627,4.722789409071098,0.18955819318501388,2.3613878385283393
-2.2961666649892196,1.4050433688479544,0.34821782583861516,4.722775677056679,0.1899132623040949,2.3614741998992126
-2.2972247526551675,1.4054756989648087,0.3481733657889101,4.722948399798425,0.18904860207038632,2.361123755390467
-2.30155870169739,1.405553656119544,0.3475303884892077,4.722247510780934,0.18889268776091553,2.3606060971635228
-2.3036550154284927,1.4059504247978554,0.3474154857695371,4.7212121943270455,0.18809915040429287,2.359831744262075
-2.3038962694494463,1.4058195980765011,0.34645228170245074,4.71966348852415,0.18836080384700116,2.3594388340294565
-2.3004762816278257,1.4061096979687497,0.34617408624332946,4.718877668058913,0.18778060406250377,2.358785156216461
-2.299813032053649,1.4059947774741524,0.3452535242050529,4.717570312432922,0.1880104450516984,2.3590844898838426
-2.297964296441895,1.4057430739526462,0.3441113180376316,4.718168979767685,0.18851385209471086,2.35948449147579
-2.2972765858549202,1.4054968558700414,0.3429814770485965,4.71896898295158,0.18900628825992036,2.3592505889070075
-2.301602811758419,1.405822902657065,0.3427521051072061,4.718501177814015,0.18835419468587314,2.3586187600611876
-2.307862545018359,1.4062393423395372,0.3426836170696273,4.717237520122375,0.18752131532092858,2.358043395977224
-2.3132156813511364,1.4061996994914558,0.34188544153233674,4.716086791954448,0.18760060101709147,2.3578534138859046
-2.3161161993658026,1.4061558245483574,0.3410487152792158,4.715706827771809,0.18768835090328848,2.358271326164491
-2.3225611505425707,1.4055839012281184,0.3393660207877168,4.716542652328982,0.1888321975437666,2.3582173196132916
-2.329261267254732,1.405856772825677,0.3390553238226524,4.716434639226583,0.18828645434864952,2.357636284335415
-2.3440476545104154,1.40633979987242,0.33908464855583753,4.71527256867083,0.1873204002551635,2.3568179127548317
-2.358952442193462,1.4062135978883832,0.3381459158934151,4.713635825509663,0.1875728042232374,2.356828171217283
-2.3686715074875284,1.4065658362689668,0.3379682295106803,4.713656342434566,0.18686832746206997,2.356300373634883
-2.381165581203457,1.4065321408476898,0.33717482084383493,4.712600747269766,0.18693571830462374,2.3558851833474583
-2.3913544127437065,1.4069701505217007,0.33714127597651644,4.711770366694917,0.18605969895660196,2.3553313594071335
-2.4015018793618697,1.4068109450587136,0.33615816444215546,4.710662718814267,0.18637810988257605,2.355447242062114
-2.408276639035056,1.4064385739795826,0.3348448339297543,4.710894484124228,0.187122852040838,2.3563067963839166
-2.4141812565497753,1.406402428233446,0.3340483837056997,4.712613592767833,0.18719514353311137,2.356232672257021
-2.424568936320955,1.4060425625824118,0.3327513628447055,4.712465344514042,0.18791487483517993,2.3573071178956497
-2.4343900546803847,1.4060512236094884,0.33201408632979,4.7146142357912995,0.18789755278102657,2.3568440821109276
-2.4484898679177007,1.4052968482957682,0.3301084821043087,4.713688164221855,0.18940630340846704,2.359894607558029
-2.4598876608003977,1.4057236492338598,0.3300394704733889,4.719789215116058,0.18855270153228354,2.359174155895252
-2.4780598223276096,1.4050175517905112,0.328193404111257,4.718348311790504,0.18996489641898073,2.36049706308082
-2.4900230001103156,1.4053043810025845,0.32793018786513145,4.72099412616164,0.18939123799483434,2.3604290398617347
-2.505638652950057,1.4054150068416835,0.32738471194600394,4.720858079723469,0.1891699863166363,2.3607030086437564
-2.517932034141803,1.4052975402465115,0.32643140447913505,4.721406017287513,0.18940491950698018,2.3608578918503227
-2.530439103520559,1.4054656024373404,0.3259530276149999,4.721715783700645,0.1890687951253224,2.36048872182718
-2.546393185753878,1.405981441447846,0.32602295477129806,4.72097744365436,0.18803711710431129,2.359742947883556
-2.561808304858905,1.4064337473761903,0.32598961715820174,4.719485895767112,0.18713250524762282,2.3589531386488134
-2.572023150188348,1.4067116167380151,0.32568373252004695,4.717906277297627,0.18657676652397315,2.3585757248310264
-2.5760026705333927,1.4062982410713658,0.3243184504895271,4.717151449662053,0.18740351785727186,2.359971936261177
-2.577552571959154,1.40616639259877,0.3233712349514649,4.719943872522354,0.18766721480246348,2.3609305111998706
-2.5844342843581316,1.4064555337887084,0.32307137950322357,4.721861022399741,0.1870889324225869,2.36062050823907
-2.5918522149154315,1.4065637402312907,0.3225268454314095,4.72124101647814,0.18687251953742234,2.360587117440696
-2.5988133742295463,1.4066121794113928,0.32187338178429,4.721174234881392,0.18677564117721798,2.360555356299058
-2.604391061651084,1.406730775606057,0.3213078913658263,4.721110712598116,0.18653844878788964,2.360116003071456
-2.6123780248823034,1.4055123920419221,0.31866440038551247,4.720232006142912,0.18897521591615932,2.363963749285783
-2.6151647478736137,1.4056896677183819,0.31818939922633155,4.727927498571566,0.18862066456323962,2.3634696251895106
-2.623520810367107,1.406143456114468,0.3181522622514313,4.726939250379021,0.1877130877710675,2.362903434880518
-2.6310309355726886,1.4066613197424367,0.3182300964623022,4.725806869761036,0.18667736051512968,2.362555249751781
-2.633625190369805,1.4071366581033156,0.3182270380339598,4.725110499503562,0.18572668379337204,2.3617271014756254
-2.6312001145272625,1.4063234890737513,0.3161666417549218,4.723454202951251,0.18735302185250047,2.3621410469598767
-2.618747358328113,1.4064352406597416,0.3156140109624714,4.724282093919753,0.18712951868052,2.3617826161197617
-2.6140586420702747,1.4069518037362079,0.3156798472965516,4.723565232239523,0.18609639252758728,2.3609314586474603
-2.606886807553016,1.4073107489883618,0.31552268652166915,4.721862917294921,0.1853785020232793,2.3604484777015076
-2.595270938771315,1.4078306969367151,0.31559801804153514,4.720896955403015,0.18433860612657252,2.3596920916008717
-2.582283345712914,1.4075072820662107,0.3143543731601304,4.719384183201743,0.18498543586758154,2.3618390360005876
-2.5618654697738115,1.4078588617288517,0.31417885414069113,4.723678072001175,0.1842822765422996,2.361337590877548
-2.5453517572337243,1.4077379685569495,0.31322209849229615,4.722675181755096,0.18452406288610376,2.3621905743276086
-2.529959273761208,1.407766823694298,0.312529021253798,4.724381148655217,0.18446635261140704,2.36194465895532
-2.518592287437661,1.408124660895366,0.31234925172677735,4.72388931791064,0.18375067820927096,2.3612307456805364
-2.5095644180616556,1.407288880917883,0.3103106118415378,4.722461491361073,0.18542223816423692,2.363753398582713
-2.494120337493545,1.4072581749197874,0.30952457516468773,4.727506797165426,0.18548365016042775,2.3643002162416265
-2.483210833400431,1.407579096247875,0.30930317874420155,4.728600432483253,0.1848418075042526,2.3637903746696147
-2.4751185456803695,1.4071155189378401,0.3078532818816609,4.7275807493392294,0.1857689621243222,2.366366193137133
-2.4641165615280647,1.4072358753420717,0.3072833712538722,4.732732386274266,0.1855282493158589,2.365727292328593
-2.4567911899884427,1.407278844995081,0.30660904377699766,4.731454584657186,0.1854423100098404,2.3655632914574762
-2.449646287615213,1.4073976251166893,0.3060407296598632,4.7311265829149525,0.1852047497666237,2.3650765630081896
-2.4392561464988933,1.4075733729708455,0.3055736247554954,4.730153126016379,0.18485325405831135,2.3647203475111604
-2.4297509524936505,1.408078888442233,0.30561993691020306,4.729440695022321,0.1838422231155362,2.363837592973678
-2.4235126217153393,1.408260613817116,0.30515405867875195,4.727675185947356,0.18347877236577032,2.363265162098348
-2.4156374340149362,1.408621116745505,0.3049756552531311,4.726530324196696,0.18275776650899267,2.3628613012157627
-2.4109328073004543,1.4087113282984602,0.30436959069835084,4.725722602431525,0.1825773434030821,2.362360422293368
-2.4015635979964545,1.4091572792802793,0.30434016859487695,4.724720844586736,0.18168544143944373,2.361698762070218
-2.39373629440418,1.4096577244258068,0.30439171814913574,4.723397524140436,0.18068455114838855,2.360875839331966
-2.388647214398864,1.4099222803644293,0.30407155746719555,4.721751678663932,0.18015543927114336,2.360261272295167
-2.3819198623280244,1.410320453985601,0.3039704794381505,4.720522544590334,0.1793590920288004,2.3602470030895732
-2.3789040523842453,1.409454399896812,0.3018598674856478,4.7204940061791465,0.1810912002063781,2.3618026518084894
-2.3697535933628915,1.4095959146827237,0.3013403968879194,4.723605303616979,0.1808081706345549,2.3614091135672837
-2.3680574610550664,1.410115409326672,0.3014161026039759,4.722818227134567,0.17976918134665837,2.3605492728801782
-2.3666585571405974,1.4097650859051023,0.30015688942958835,4.7210985457603565,0.1804698281897976,2.362548902886825
-2.3591964375638677,1.4096066400351641,0.2991533489426539,4.72509780577365,0.1807867199296738,2.362589234557528
-2.3555767640689944,1.4096706718941636,0.29851713900428056,4.725178469115056,0.18065865621167468,2.3634847512348345
-2.350937119186269,1.4101061035560143,0.29846506008788404,4.726969502469669,0.17978779288797353,2.3630997114695025
-2.3471864795668025,1.410273721427746,0.29797643693783615,4.726199422939005,0.17945255714450994,2.3626121499580526
-2.3421529338585847,1.4104509044214528,0.2975170545802396,4.725224299916105,0.17909819115709635,2.362095825019044
-2.3352038679238456,1.4101335597108187,0.29630160944194484,4.724191650038088,0.17973288057836456,2.363947854384875
-2.327025899492633,1.410549375742599,0.29623763703485867,4.72789570876975,0.17890124851480355,2.364507394822881
-2.32227302599298,1.4107274090883686,0.29576304073883714,4.729014789645762,0.1785451818232647,2.363923714160426
-2.315430314576977,1.4088391849027824,0.2919631942983639,4.727847428320852,0.18232163019443712,2.3660855402028513
-2.303463248117294,1.4083952863712896,0.2905221412726833,4.732171080405703,0.18320942725742262,2.36671195985865
-2.3049603512087415,1.4074531816294142,0.288272139135256,4.7334239197173,0.1850936367411736,2.3676150424636195
-2.307658330191308,1.4075008669141806,0.28763143780528383,4.735230084927239,0.18499826617164095,2.368315093611461
-2.3177743521673344,1.4079792654319498,0.2876339551562229,4.736630187222922,0.1840414691361027,2.367528716499996
-2.329500049638948,1.4079381132361573,0.28681103019996673,4.735057432999992,0.18412377352768788,2.3676318292171668
-2.339937024896458,1.4079286423402841,0.28607361514605684,4.7352636584343335,0.1841427153194339,2.3686108270723514
-2.3542823948567433,1.408148864807447,0.2856631669010842,4.737221654144703,0.18370227038510845,2.368017538826485
-2.3708048424027357,1.408316397431795,0.28516434077119424,4.73603507765297,0.18336720513641264,2.367423522150752
-2.3886985191118484,1.4087303206678339,0.28505403124978973,4.734847044301504,0.18253935866433493,2.3665792619252994
-2.4040069863696063,1.4091907624746771,0.28502616494267546,4.733158523850599,0.1816184750506486,2.3657346230001233
-2.4136635653829672,1.4096712102643567,0.2850364888485122,4.7314692460002465,0.18065757947128935,2.364888628931399
-2.425141009064234,1.4101788529137957,0.28510051706408424,4.729777257862798,0.17964229417241148,2.364060570751041
-2.4322896457033774,1.4104980213762157,0.2848830527093872,4.728121141502082,0.17900395724757154,2.363697561617522
-2.4346511430213384,1.4103582135715096,0.28391773332037373,4.727395123235044,0.17928357285698374,2.363701272233156
-2.4342317352323133,1.409723098248395,0.2821914802713952,4.727402544466312,0.18055380350321265,2.3659762236571136
-2.4355156610639974,1.409738715896355,0.2814493100666875,4.731952447314227,0.18052256820729284,2.3656617804143014
-2.4411691044893953,1.4097162803572314,0.2806807350363894,4.731323560828603,0.18056743928554014,2.3659102456577865
-2.4473213012532313,1.4102454311336516,0.2807724488913014,4.731820491315573,0.17950913773269975,2.3651497754679793
-2.453532644341949,1.409765271452798,0.2792908639401317,4.730299550935959,0.18046945709440712,2.3659017120691375
-2.4551801848026615,1.4097263922528922,0.27847135645374527,4.731803424138275,0.1805472154942188,2.3656600041354783
-2.460179030279341,1.4102094376881944,0.27848502754695875,4.731320008270957,0.17958112462361456,2.3648939795034285
-2.461138571312016,1.4102078445734607,0.2777301914313261,4.729787959006857,0.17958431085308174,2.3647405619658937
-2.4556357894077046,1.4100371096190147,0.2767284639573495,4.729481123931787,0.1799257807619739,2.365339428625536
-2.446287048536427,1.4091783858231264,0.2746104366015614,4.730678857251072,0.18164322835375082,2.366818717658929
-2.4356418667729187,1.4096344383819752,0.2745860890459098,4.733637435317858,0.18073112323605317,2.366222853634997
-2.4338924012500094,1.409951755661045,0.2743546551823626,4.732445707269994,0.18009648867791375,2.365747978129813
-2.428583423020523,1.4101727544769027,0.27394612770995597,4.731495956259626,0.17965449104619852,2.3653401052486656
-2.421099480736799,1.410283393759702,0.2733877051498363,4.730680210497331,0.17943321248060026,2.3651932788196035
-2.413172411912342,1.4106051250058624,0.2731650608196079,4.730386557639207,0.17878974998827926,2.364781725893873
-2.405952360106454,1.4106725021655298,0.27250604866802774,4.729563451787746,0.17865499566894463,2.3643829083877237
-2.402886418824011,1.4092803336421864,0.26957910682682296,4.728765816775447,0.18143933271563137,2.3658492924730066
-2.398563898657667,1.409226486157828,0.26876729065304805,4.731698584946013,0.18154702768434813,2.3659289717245335
-2.404738936802483,1.4097533573060061,0.26885128249353374,4.731857943449067,0.18049328538799203,2.365143752243709
-2.4162413627015917,1.4102488303260043,0.26887739041296455,4.730287504487418,0.17950233934799542,2.3642780951281135
-2.425648235004335,1.4106057007211839,0.26869845063481207,4.728556190256227,0.17878859855763632,2.363853440225773
-2.430991218963648,1.4104213551856573,0.2676817586674305,4.727706880451546,0.17915728962868943,2.3641450328392533
-2.4308975081997355,1.4100326328571675,0.26629335820130706,4.7282900656785065,0.17993473428566895,2.3641050632781804
-2.431012816074462,1.4096988429753339,0.26502711074768126,4.728210126556361,0.1806023140493363,2.3645975394148357
-2.4326491481205386,1.4101725392575724,0.2650335704919658,4.7291950788296715,0.1796549214848593,2.3639360460656462
-2.4418046224366954,1.409962278867476,0.26397085070615983,4.7278720921312924,0.1800754422650523,2.3647583139332173
-2.4445771176424245,1.4100189245138797,0.26329235886967917,4.729516627866435,0.17996215097224477,2.3643589143729584
-2.448693700545945,1.410411095837429,0.2631715834367598,4.728717828745917,0.17917780832514596,2.3637245516967975
-2.4566818429556085,1.4108210833657777,0.26307680155217505,4.727449103393595,0.17835783326844865,2.3631096584499844
-2.4625509025321195,1.411021377123968,0.2626754134302536,4.726219316899969,0.17795724575206814,2.3630900022992773
-2.464838759865521,1.411161185258116,0.2621532916652005,4.726180004598555,0.1776776294837719,2.3627659688396125
-2.4630713776420476,1.4114089859623644,0.26179224533337936,4.725531937679225,0.1771820280752752,2.3621685246793565
-2.463659854678014,1.411922112990779,0.2618514530906909,4.724337049358713,0.1761557740184458,2.3612895742611757
-2.465276990915696,1.4123633079753604,0.261799626805335,4.722579148522351,0.17527338404928333,2.360647157178903
-2.464010457726905,1.411802253991224,0.26017916074719294,4.721294314357806,0.17639549201755603,2.3617463431906778
-2.457851420498834,1.4113212590331292,0.25872572643115715,4.7234926863813556,0.17735748193374556,2.3668790051224224
-2.45548967669996,1.4115834852981024,0.25837657978740186,4.733758010244845,0.1768330294037994,2.3661939449800036
-2.4568729705713768,1.4112339867898267,0.25702391087530446,4.732387889960007,0.17753202642035076,2.365838489258585
-2.4510336462078253,1.4103589292967826,0.2549524270426026,4.73167697851717,0.1792821414064388,2.3689433035463106
-2.4448785638292696,1.4108908234842952,0.2550374401416898,4.737886607092621,0.17821835303141387,2.368150220355534
-2.4489238271664986,1.411416228275383,0.2551192314408644,4.736300440711068,0.17716754344923827,2.367767723022465
-2.452299965419267,1.411958823341168,0.2552233393391396,4.73553544604493,0.17608235331766847,2.366864887997968
-2.453811436841801,1.4122778674951804,0.254993286756735,4.733729775995936,0.17544426500964386,2.3664855476678675
-2.4492194279058173,1.4128156024412584,0.2551020420740691,4.732971095335735,0.17436879511748768,2.3656901168265123
-2.442026795485217,1.412447396998513,0.25375527183656177,4.731380233653025,0.17510520600297863,2.366233006003279
-2.4269206635618077,1.4126194420405072,0.2532689211843504,4.732466012006558,0.1747611159189903,2.36615532355126
-2.4175789171040867,1.4123994321315823,0.25220937196521337,4.73231064710252,0.17520113573684018,2.3670048871168876
-2.4057480064259567,1.4126730182429021,0.25189828545559473,4.734009774233775,0.1746539635142004,2.3670492629195965
-2.396354737378304,1.412852273075146,0.2514358156533356,4.734098525839193,0.17429545384971276,2.366666715044361
-2.387660613200722,1.4130748837846658,0.25104001676731846,4.733333430088722,0.17385023243067335,2.3662808777881983
-2.3807080445081263,1.413276441421914,0.25064009409767846,4.732561755576397,0.173447117156177,2.367798066013142
-2.373813868179565,1.4135922112185964,0.25037420237810004,4.735596132026284,0.17281557756281263,2.367153202432151
-2.3670831349515686,1.413679292267944,0.2497784425977542,4.734306404864302,0.17264141546411738,2.3668626723096367
-2.3596328085799785,1.411898885359764,0.24620749771083247,4.733725344619273,0.1762022292804771,2.371037950274753
-2.350659156852093,1.41213317675912,0.24583682607674426,4.742075900549506,0.17573364648176504,2.370474913950792
-2.354366505734348,1.412637126746115,0.24589253335158692,4.740949827901584,0.17472574650777498,2.3697563922098417
-2.3561105684923214,1.4131490780231215,0.24594875462664018,4.739512784419683,0.17370184395376195,2.368980164404537
-2.353299803310761,1.4135834088737798,0.2458765582825537,4.737960328809074,0.17283318225244532,2.3681895843117604
-2.3484476752191874,1.4138872170744823,0.24560935842619191,4.736379168623521,0.17222556585104007,2.367600455656562
-2.3398961578761974,1.4140814926507035,0.24516744214415237,4.735200911313124,0.17183701469859744,2.3674024902550097
-2.3272339200045273,1.4144042692900134,0.2449299871932931,4.734804980510019,0.1711914614199774,2.366755828409677
-2.3179708067605866,1.4145580295103894,0.24443430849370615,4.733511656819354,0.17088394097922552,2.3662086901147807
-2.3105108871698077,1.414225205470353,0.24318857655315496,4.7324173802295615,0.1715495890592986,2.367064304163846
-2.3058015832332073,1.4146046850047242,0.24306486434617422,4.734128608327692,0.17079062999055622,2.3666389075367613
-2.3059093317034525,1.4150064992745304,0.24296957597977914,4.733277815073523,0.16998700145094403,2.3664440852646837
-2.308415603471093,1.4149488510209343,0.24214726562610586,4.7328881705293675,0.17010229795813642,2.3663380482093204
-2.306693402677762,1.414659171895733,0.24092560487225884,4.732676096418641,0.17068165620853892,2.3669192501077982
-2.305556543214065,1.415136882650943,0.2409453264273713,4.7338385002155965,0.16972623469811915,2.366267442096669
-2.306897002280353,1.4152962863353715,0.2404737486638911,4.732534884193338,0.16940742732926206,2.3662132077934497
-2.3061129808127094,1.4155767254857845,0.24017024901981301,4.732426415586899,0.16884654902843627,2.3654630142128665
-2.305900834298666,1.4160273648979413,0.24013585164348547,4.730926028425733,0.16794527020412245,2.364728790021917
-2.305987964525408,1.4165612978169795,0.24024213215778809,4.729457580043834,0.16687740436604603,2.3645844563657827
-2.304816665668718,1.41696865712006,0.24013850005621604,4.7291689127315655,0.16606268575988495,2.3638163384600857
-2.301028256950315,1.4155546803975319,0.2372488397538207,4.727632676920171,0.1688906392049409,2.3728032271134047
-2.290982034861007,1.415503587794837,0.23640583585017896,4.7456064542268095,0.1689928244103306,2.3726697418445575
-2.283775143371483,1.415128313515833,0.23504902820243367,4.745339483689115,0.16974337296833863,2.3728255724464797
-2.2770880779277123,1.414742187636527,0.23371136637836493,4.7456511448929595,0.17051562472695098,2.3739121123289175
-2.274828529176646,1.415285250419936,0.23381509329015904,4.747824224657835,0.1694294991601327,2.3729798718820447
-2.2795461219384494,1.4150872082770751,0.23278175141128307,4.7459597437640895,0.16982558344585447,2.3732584805255104
-2.2810534471987745,1.4153267698729273,0.23240273750195226,4.746516961051021,0.16934646025415023,2.3727931947396663
-2.2859364281355736,1.4154780657532666,0.23190386418941114,4.745586389479333,0.16904386849347133,2.3724531950405865
-2.290550351198787,1.4157630015941813,0.23160463009529758,4.744906390081173,0.16847399681164207,2.3718885287437845
-2.296521604771893,1.4163077427622606,0.23171446799903667,4.743777057487569,0.16738451447548366,2.3709744683217897
-2.302591617228312,1.4168441867060704,0.2318140287479678,4.741948936643579,0.16631162658786394,2.3700863718118517
-2.3033090617054293,1.417016923631508,0.23133444158437969,4.740172743623703,0.1659661527369889,2.3694915892928874
-2.300287081643826,1.416814422216675,0.23025882024266617,4.738983178585775,0.16637115556665477,2.369203174626359
-2.2976416395292527,1.4170960047479577,0.22997854692126302,4.738406349252718,0.16580799050408918,2.3715566399344246
-2.2967912738232403,1.4174392375660607,0.22977407763685603,4.743113279868849,0.16512152486788323,2.370836570876414
-2.2937764484999033,1.417973053713953,0.22986807308999174,4.741673141752828,0.1640538925720986,2.3699379010198482
-2.2923783291285975,1.4179616016543994,0.22910588034955376,4.7398758020396965,0.1640767966912057,2.369824827807852
-2.286555791643101,1.4182982606858632,0.22891165025161056,4.739649655615704,0.16340347862827845,2.3693104316186795
-2.2830133464420164,1.4185722330236101,0.22862925242313206,4.738620863237359,0.16285553395278468,2.369529826177871
-2.280237166887366,1.4188734389122881,0.22838195934156993,4.739059652355742,0.16225312217542884,2.3691430903944775
-2.280199736782868,1.4193286806504128,0.22835643908203984,4.738286180788955,0.1613426386991792,2.368335348900346
-2.281310657099305,1.419508935318867,0.22789730224478635,4.736670697800692,0.16098212936227088,2.368052610754623
-2.2754503545617544,1.4199794248043511,0.2278983615508048,4.736105221509246,0.16004115039130246,2.3672713420695515
-2.2693938969928213,1.4198051441567314,0.22690267006670234,4.734542684139103,0.1603897116865417,2.3675038011897698
-2.257805484077417,1.4197763393347838,0.22610650535497698,4.7350076023795395,0.16044732133043693,2.367365857751332
-2.2459800262968486,1.4188220469056352,0.22381595509320062,4.734731715502664,0.16235590618873394,2.3684859222399757
-2.235641395540397,1.4187568069927257,0.22292645831087526,4.736971844479951,0.16248638601455315,2.368077686436365
-2.2296678349924495,1.4186875327949284,0.22207377158240812,4.73615537287273,0.16262493441014755,2.3678998755685536
-2.225064285435455,1.41903951741653,0.22189773940365465,4.735799751137107,0.16192096516694426,2.3676333588850733
-2.2225195817333416,1.4195116319004575,0.2219064771488359,4.735266717770147,0.16097673619908923,2.3668715451058246
-2.2200103536464777,1.4188015110362502,0.22006425867625104,4.733743090211649,0.1623969779275036,2.3694656841320207
-2.216002379510959,1.4189968816514753,0.21964940093486332,4.7389313682640415,0.16200623669705344,2.369219857455353
-2.2210182085928243,1.4190486123439432,0.21898638439364343,4.738439714910706,0.16190277531211744,2.3688991968511988
-2.225752263283715,1.4192214158460608,0.2185092086139987,4.7377983937023975,0.16155716830788244,2.368486504189553
-2.2300943858407063,1.419738356215886,0.2185787699472813,4.736973008379106,0.1605232875682319,2.3675908017379848
-2.236034847031968,1.4200114394602417,0.21827533240008792,4.7351816034759695,0.1599771210795206,2.367043627814249
-2.239905911659959,1.4203544376624926,0.21809497866496094,4.734087255628498,0.15929112467501857,2.3666760869551604
-2.2464990094970485,1.4208845175946663,0.21819015317957596,4.733352173910321,0.15823096481067125,2.3657911982223427
-2.252016197290825,1.4214100848559983,0.2182826154045375,4.7315823964446855,0.15717983028800706,2.364950165893667
-2.2555733580517607,1.4218743955209228,0.21829040489625043,4.729900331787334,0.15625120895815803,2.3646500533751746
-2.2567215436954893,1.4216853023293599,0.21721865979313104,4.729300106750349,0.1566293953412837,2.364282738274829
-2.2549288827456153,1.4219314110470722,0.21688120341599382,4.728565476549658,0.1561371779058589,2.36401166840529
-2.2575042323714496,1.4218310071886,0.21597166051264993,4.72802333681058,0.15633798562280324,2.364106702954316
-2.2588711463916122,1.4223415319946984,0.21604535192458615,4.728213405908632,0.15531693601060653,2.363587163913815
-2.2649135738228265,1.422680548679069,0.2158498931296838,4.72717432782763,0.1546389026418652,2.3630789567109733
-2.2666308377773685,1.4230167073249256,0.2156513684357756,4.726157913421947,0.15396658535015229,2.362596293978133
-2.266542487715236,1.4233870983851682,0.2155043437530053,4.725192587956266,0.15322580322966686,2.3620213272182946
-2.2620717392586625,1.422348158357006,0.21305670610798794,4.724042654436589,0.15530368328599128,2.362331069986238
-2.2517015879278093,1.4227057047570513,0.21287185827249744,4.724662139972476,0.15458859048590032,2.361654835801134
-2.2475729109016753,1.423180016894228,0.21289210898881197,4.723309671602268,0.1536399662115471,2.360911609997382
-2.2436175739610515,1.4233843489305051,0.21249502908590148,4.721823219994764,0.15323130213899272,2.360350475027249
-2.2388080668230526,1.4236892634029992,0.2122300830639709,4.720700950054498,0.15262147319400482,2.3596362375846236
-2.2311640387651597,1.4236201952921113,0.21140063105010115,4.719272475169247,0.15275960941578065,2.359902708317864
-2.2219405332902404,1.4239431626084245,0.21117873445511462,4.719805416635728,0.15211367478315405,2.3592664006147697
-2.2141422152079966,1.4243281890070467,0.2110722353500707,4.718532801229539,0.15134362198590956,2.3587325754080863
-2.2057521116851735,1.423475274348747,0.2089823701220038,4.717465150816173,0.1530494513025087,2.35991365721524
-2.19543807014044,1.4239029816607467,0.2089254713756525,4.71982731443048,0.1521940366785096,2.359274152278805
-2.19206404677388,1.4240045206480922,0.20836257336130942,4.71854830455761,0.15199095870381832,2.3594977339803176
-2.1873192808816646,1.4245171172084725,0.20843836749752143,4.718995467960635,0.15096576558305788,2.358613067162395
-2.1867786639276914,1.4245915299789098,0.20783342273731661,4.71722613432479,0.15081694004218313,2.358268057685105
-2.184052266091621,1.425061748715387,0.2078309530250845,4.71653611537021,0.14987650256922905,2.357396597855293
-2.184648091675386,1.4250868755926214,0.20715439368807728,4.714793195710586,0.14982624881476034,2.3572129020407977
-2.178526264902777,1.4248113111821312,0.20600429167493756,4.714425804081595,0.15037737763574063,2.357397656353315
-2.1727136061221675,1.4251786175222891,0.20588216593646422,4.71479531270663,0.14964276495542486,2.3572105613486216
-2.1692844479089457,1.424863865604558,0.2046685807677507,4.714421122697243,0.15027226879088712,2.357531743984664
-2.1655815100000853,1.4246794076778804,0.20367837781955153,4.715063487969328,0.15064118464424234,2.3576725060976735
-2.1649434231599822,1.423609246538557,0.20120201395125975,4.715345012195347,0.15278150692288894,2.3581253156863324
-2.164263259395673,1.4235148614406705,0.20030276969707006,4.716250631372665,0.15297027711866182,2.3578279589743665
-2.1709212630967696,1.4235992611381716,0.1997021794432906,4.715655917948733,0.15280147772365965,2.357530695372523
-2.1758712506007623,1.4237668661343166,0.19921643558947622,4.715061390745046,0.1524662677313695,2.3568518201760034
-2.182558460697861,1.423751444338545,0.1984641996893861,4.713703640352007,0.15249711132291247,2.35686926431146
-2.1909531359106866,1.4240679483031746,0.19822958797164597,4.71373852862292,0.1518641033936531,2.356309908716296
-2.2013134586283596,1.4239133823301258,0.1972401056469319,4.712619817432592,0.1521732353397507,2.356367864222385
-2.2105819632529293,1.4242314607523556,0.1970182979990588,4.71273572844477,0.15153707849529097,2.3560701212156667
-2.2215343738281157,1.4247169972684215,0.19705297472149713,4.7121402424313334,0.15056600546315943,2.3552163478511523
-2.233060917598003,1.4243936989016153,0.19580501800403746,4.710432695702305,0.15121260219677193,2.355364159336976
-2.2416373042316025,1.4248815403324886,0.195854713007547,4.710728318673952,0.1502369193350252,2.354643679017469
-2.2508819312038835,1.4252635958458735,0.19571718846307887,4.709287358034938,0.1494728083082556,2.353836228519385
-2.259124028186914,1.4242795245303226,0.19343995173175196,4.70767245703877,0.1514409509393572,2.3552268913673604
-2.2621919252298417,1.4238646922061153,0.19205285478086553,4.710453782734721,0.15227061558777175,2.355406141911752
-2.2743801985114063,1.4243821568645187,0.1921402162402111,4.710812283823504,0.1512356862709649,2.3549835538756727
-2.2906493764405176,1.42486340795378,0.1921815556029763,4.709967107751345,0.15027318409244225,2.354393218723104
-2.3073388750491635,1.4250034619675715,0.19169092447895877,4.708786437446208,0.14999307606485915,2.353947084064584
-2.3201649493508825,1.4245246081748235,0.1901386036872155,4.707894168129168,0.1509507836503554,2.35327757012959
-2.329428438814177,1.4240489453555236,0.18863073224759974,4.70655514025918,0.15190210928895537,2.354301020357058
-2.342082990883326,1.4245861075520148,0.18874351105151263,4.708602040714116,0.15082778489597323,2.3534182910892834
-2.3575803863910547,1.424687321064474,0.18819284143854267,4.706836582178567,0.15062535787105508,2.3532530421904165
-2.3664564985607743,1.4248573737960617,0.18773490365056508,4.706506084380833,0.15028525240787963,2.352940515392048
-2.3712159241848525,1.4251679982279293,0.18748279493185102,4.705881030784096,0.14966400354414444,2.3523911667337
-2.3745873723198114,1.4253993935525975,0.18713607866658943,4.7047823334674,0.14920121289480812,2.3521807891386586
-2.3759947805484916,1.42560285438864,0.1867336330826935,4.704361578277317,0.1487942912227228,2.3517714897738884
-2.376414752979599,1.4257721852399414,0.1862748247264065,4.703542979547777,0.14845562952012037,2.3517092685663727
-2.375161829189703,1.4254144889861067,0.1849886687634505,4.7034185371327455,0.14917102202778992,2.3521774861134723
-2.3728893023134434,1.4259494153846108,0.185106533802227,4.704354972226945,0.14810116923078165,2.351423503918058
-2.3731382258366125,1.4264264845463284,0.1851330553363529,4.702847007836116,0.14714703090734643,2.3509469331016697
-2.3698378450391147,1.42622772522782,0.18408812145923742,4.701893866203339,0.14754454954436322,2.350725898190475
-2.364494865751778,1.4245445839313637,0.18068006813930576,4.70145179638095,0.15091083213727577,2.352858345549791
-2.354499699788569,1.4229432211692277,0.17740570175731057,4.705716691099582,0.15411355766154797,2.355888928881512
-2.3522702487241727,1.423026188424412,0.17683333623909758,4.711777857763024,0.15394762315117944,2.355774104271953
-2.3608102939333087,1.4227436067674608,0.17566589979639718,4.711548208543906,0.1545127864650819,2.355634331245165
-2.3647066308882487,1.421993110829225,0.1737689648778381,4.71126866249033,0.15601377834155344,2.357163920045712
-2.366720369515771,1.4222384406291686,0.1734148555092621,4.714327840091424,0.1555231187416662,2.3568466497437566
-2.379048848974447,1.4214325151867144,0.1713915531486023,4.713693299487513,0.1571349696265745,2.357446389208837
-2.3905534731207925,1.4215716719124658,0.17087239804618165,4.714892778417674,0.15685665617507158,2.357572355116353
-2.407854872947999,1.4221146322523395,0.1709940540228769,4.715144710232706,0.1557707354953242,2.3567917724617193
-2.423792704544339,1.4221778800693714,0.17036455754874008,4.713583544923439,0.15564423986126044,2.357440798589377
-2.4324946147104525,1.422618595511534,0.17032364491573623,4.714881597178754,0.15476280897693542,2.356734991298001
-2.4464544338406737,1.4231211047635224,0.17038887709557796,4.713469982596002,0.15375779047295862,2.3559606377794835
-2.4582919321978336,1.4233572669725878,0.1700321638517132,4.711921275558967,0.15328546605482796,2.3555813566943407
-2.4667035648317075,1.4235306675032837,0.1695473804438756,4.711162713388681,0.15293866499343625,2.3550611470212837
-2.475269645220446,1.423798373982535,0.16924341172773774,4.710122294042567,0.15240325203493357,2.3545502095830115
-2.484289968573871,1.423714158322389,0.16838198401155213,4.709100419166023,0.15257168335522606,2.354536008079267
-2.4918383740988115,1.4237219255944917,0.16765880390653812,4.709072016158534,0.15255614881102045,2.354405736672792
-2.5006316562070507,1.4242657797088973,0.16777969247744526,4.708811473345584,0.1514684405822092,2.3535455010474897
-2.5090745085569974,1.4245939815096755,0.16757458830281682,4.707091002094979,0.1508120369806527,2.3530532540520874
-2.5172114723692327,1.4250881868709797,0.16760796111450638,4.706106508104175,0.1498236262580444,2.352189540762076
-2.5269781801280864,1.4253638896536798,0.16732989657571687,4.704379081524152,0.14927222069264415,2.3521465591323216
-2.531494590332232,1.424749206150221,0.16562176535252018,4.704293118264643,0.15050158769956165,2.353147772594798
-2.5265207137419425,1.42416483969317,0.16394309485076017,4.706295545189596,0.15167032061366342,2.3531795175227868
-2.5184500650582704,1.4241365710107365,0.16317471645741874,4.7063590350455735,0.1517268579785305,2.3531190508157422
-2.5140115976007023,1.4238390574366089,0.16196189434102304,4.7062381016314845,0.15232188512678577,2.353192588918962
-2.507394515518412,1.424387955565803,0.16209394446299946,4.706385177837924,0.1512240888683974,2.352400907047223
-2.5010722150745384,1.424835825540681,0.16206257470094457,4.704801814094446,0.15032834891864122,2.351558869250842
-2.48999383887687,1.425215180815965,0.16192806582057961,4.703117738501684,0.14956963836807338,2.351044410126528
-2.47279306113451,1.4253806076439697,0.16145323968693773,4.702088820253056,0.14923878471206387,2.3513101256954614
-2.45339134182039,1.425798795245235,0.16138224320188,4.702620251390923,0.1484024095095335,2.3505571269366095
-2.4380348865180186,1.42627067663588,0.16140063487783152,4.701114253873219,0.14745864672824366,2.349827598406548
-2.420654608229184,1.4260850648734507,0.1603764012772335,4.699655196813096,0.14782987025310212,2.3496614621625467
-2.4013230460091934,1.42549509937665,0.15874666634341297,4.699322924325093,0.14900980124670368,2.3511169096653166
-2.3852598938705105,1.4256140022342125,0.15821858753006163,4.702233819330633,0.1487719955315785,2.350611196504173
-2.3744454839073676,1.4252495777192056,0.1569042655162743,4.701222393008346,0.1495008445615925,2.351277286631312
-2.362863190662552,1.4242781497223804,0.1546356094827122,4.702554573262624,0.15144370055524298,2.3533569088947726
-2.3526609898688244,1.4247810491167974,0.15469014765674227,4.706713817789545,0.15043790176640892,2.3525331431932393
-2.3492891102469824,1.4240695486499195,0.15281353384078916,4.7050662863864785,0.15186090270016464,2.3554550890450723
-2.337090807888938,1.4241807069490924,0.15223265642953382,4.710910178090145,0.15163858610181888,2.3551637254992723
-2.3338884609789696,1.4244024157087467,0.15184531091291292,4.710327450998545,0.15119516858251003,2.3547563932932665
-2.332595998843898,1.4243083491923891,0.1509670035014543,4.709512786586533,0.15138330161522498,2.3552706502633485
-2.3330547470473304,1.4246835098492856,0.15083539340405958,4.710541300526697,0.15063298030143216,2.3550144513022593
-2.3369349743877974,1.424268448330154,0.14943687906527883,4.710028902604519,0.15146310333969523,2.3551328167890624
-2.3351341675281057,1.4245091955306568,0.14907270431156736,4.710265633578125,0.15098160893868964,2.3545898994146235
-2.3349453602601957,1.424874331551888,0.14891699621620305,4.709179798829247,0.1502513368962274,2.353959090204389
-2.3342562896089176,1.4244617628360337,0.1475310492869127,4.707918180408778,0.15107647432793594,2.354701184011907
-2.328945566543071,1.4243576214880345,0.14663975659909434,4.709402368023814,0.15128475702393426,2.3545731902480616
-2.3312752621039463,1.4246465286953411,0.14637457435732373,4.709146380496123,0.15070694260932094,2.355147940313553
-2.3380910772508483,1.4248322684474202,0.14591399021961873,4.710295880627106,0.150335463105163,2.3548073193527013
-2.3456577977010546,1.4250158746591215,0.14548282636186471,4.7096146387054025,0.14996825068176042,2.3557233296313678
-2.353529258221678,1.4254215130071384,0.1453854777213273,4.7114466592627355,0.14915697398572686,2.355011520055718
-2.363826730664854,1.425427522400018,0.14466976830025965,4.710023040111436,0.14914495519996787,2.3547400757046746
-2.3740941751834246,1.4257642343375723,0.14447318276701832,4.709480151409349,0.14847153132485896,2.3542254659269055
-2.384663197735834,1.4259571646578009,0.14405271432775474,4.708450931853811,0.14808567068440193,2.3541037183575133
-2.3910976443497747,1.4262161313643165,0.14371242905392578,4.708207436715027,0.14756773727137065,2.35336315353267
-2.3973305318137803,1.4266674173391884,0.14369974755532613,4.70672630706534,0.1466651653216267,2.3528029587332444
-2.4013574209003616,1.426584222893286,0.14283638973570542,4.705605917466489,0.1468315542134319,2.353197825167099
-2.39795353923435,1.4267162558118756,0.14230222477601392,4.706395650334198,0.1465674883762524,2.3526183048106044
-2.4015996178790457,1.426966070514032,0.14196096123469917,4.705236609621209,0.14606785897193986,2.352738536844681
-2.4023218024676103,1.4266211598816048,0.14072694877383646,4.705477073689362,0.146757680236794,2.3543129430062106
-2.400617589509947,1.4258152379910525,0.13875482715139822,4.708625886012421,0.14836952401789835,2.355156541040242
-2.3999301773554764,1.4252466558835373,0.13711919605374534,4.710313082080484,0.1495066882329287,2.356069632676455
-2.401981228672689,1.4253716385242832,0.1365769531268614,4.71213926535291,0.14925672295143674,2.3559592013963404
-2.4098079456331716,1.4253899263109409,0.13582519214763655,4.711918402792681,0.14922014737812153,2.3553205019817174
-2.4150167384997143,1.4249789884169064,0.13444534578731218,4.710641003963435,0.1500420231661905,2.3558253229837813
-2.4201223067691644,1.4255054234357356,0.13454054642892868,4.711650645967563,0.1489891531285322,2.3550686179072677
-2.4310817346990836,1.4259574892825286,0.13451531196701336,4.7101372358145355,0.1480850214349461,2.354331035596034
-2.436354987849174,1.4257410233899024,0.13345269195591797,4.708662071192068,0.14851795322019845,2.354791386639569
-2.4364153931074966,1.4261128656218867,0.13331627477937982,4.709582773279138,0.14777426875622998,2.3547662806975524
-2.4401206485697062,1.4262095082127242,0.13271661680551758,4.709532561395105,0.14758098357455499,2.3543377946776953
-2.4416417126509438,1.4264955134236563,0.132438085397169,4.708675589355391,0.1470089731526907,2.3538340125114585
-2.443873095208876,1.426937945966935,0.13240345412103713,4.707668025022917,0.14612410806613335,2.3536557032522087
-2.447155005613185,1.4274723944580243,0.13251887708144364,4.7073114065044175,0.14505521108395442,2.352876798380402
-2.447762106817662,1.427054246350256,0.1311064618739871,4.705753596760804,0.14589150729949119,2.354700532598153
-2.4435728618437165,1.4271840634553687,0.13058972228641233,4.709401065196306,0.14563187308926595,2.3543310033626437
-2.443229669187786,1.4267730355452093,0.12921443161788287,4.708662006725287,0.1464539289095848,2.3550604859359487
-2.4420708075951834,1.4270402156295396,0.1288966358893909,4.7101209718718975,0.14591956874092404,2.3544637055196733
-2.4469673567508066,1.427191357380168,0.12839833967864547,4.708927411039347,0.14561728523966716,2.3544371242048223
-2.4497173658961877,1.4258094232876775,0.12551110200423304,4.708874248409645,0.1483811534246484,2.3575287237016944
-2.4483265878772134,1.426335454524572,0.12559871795709762,4.715057447403389,0.147329090950859,2.3566600833984785
-2.457379603883303,1.4267602298489628,0.1255333702290425,4.713320166796957,0.1464795403020778,2.3562629434636437
-2.458224604010815,1.4270351143388036,0.12522936047429908,4.7125258869272875,0.14592977132239604,2.3557247945993325
-2.4531239451525693,1.427399727760517,0.12506449418363025,4.711449589198665,0.14520054447896913,2.3551129491521148
-2.4445510231037484,1.427133933213868,0.12387744879897294,4.7102258983042296,0.14573213357226744,2.35526265756352
-2.4327720717646293,1.4274370846374758,0.12360955917933118,4.71052531512704,0.14512583072505192,2.354698966336088
-2.4235824656169305,1.427728345174285,0.123326322759489,4.709397932672176,0.1445433096514332,2.354035190926992
-2.411189930126322,1.4274226341535647,0.1220629573206266,4.708070381853984,0.14515473169287385,2.353964930443372
-2.3994364694354235,1.4275793900004694,0.12159893125814916,4.707929860886744,0.14484121999906444,2.354079213150317
-2.392959798564502,1.4277159909473356,0.12106415415736659,4.708158426300634,0.1445680181053321,2.3538095503278917
-2.3848831515147264,1.428196055604788,0.12108807236540382,4.7076191006557835,0.14360788879042738,2.3530198102349
-2.379234966620441,1.4284509143708908,0.12076813312486778,4.7060396204698,0.14309817125822163,2.352563858750702
-2.370594509934681,1.4287123491778495,0.12045769537186596,4.705127717501404,0.1425753016443043,2.352090413690694
-2.362328322641945,1.4291591528280614,0.12042915280201334,4.704180827381388,0.1416816943438805,2.351427803123822
-2.3560285357452297,1.4288574684397704,0.1192035808229371,4.702855606247644,0.14228506312046274,2.35112352819815
-2.3491349495685214,1.429098472603003,0.11883044236709622,4.7022470563963,0.14180305479399755,2.3505021258484105
-2.343466067187781,1.4293679695820083,0.11852246684092839,4.701004251696821,0.14126406083598703,2.349967146681392
-2.3375311686280793,1.4296685031159893,0.11826534784772486,4.699934293362784,0.14066299376802494,2.3494124004465093
-2.3290888633575397,1.4285181184043927,0.11570369347866934,4.698824800893019,0.1429637631912182,2.351824026106409
-2.3169435724015366,1.4290504521437901,0.11581910766384304,4.703648052212818,0.14189909571242346,2.3518471106104744
-2.3136312361059295,1.4286464256947993,0.11446724626998757,4.703694221220949,0.14270714861040495,2.3523370881610473
-2.3006008907654305,1.4286269568088688,0.11370560124311604,4.7046741763220945,0.14274608638226577,2.3519284404074257
-2.296253987362563,1.4281395716273002,0.11219136944154849,4.703856880814851,0.14372085674540264,2.3532999647834196
-2.293446213096759,1.428499295358077,0.1120150401276822,4.706599929566839,0.14300140928384886,2.352546522124211
-2.2962030219359573,1.4283168807314908,0.11103927698094368,4.705093044248422,0.14336623853702143,2.3539883608844927
-2.2980214491006623,1.4275173131577534,0.10900122680980066,4.707976721768985,0.14496537368449594,2.354043118611717
-2.2982071575807064,1.4267565274503937,0.10704511358947066,4.708086237223434,0.14648694509921534,2.3547179402515814
-2.3029316299053733,1.427036615242021,0.10677950788837015,4.709435880503163,0.1459267695159606,2.3552569730064112
-2.3146763707189453,1.4270798248588703,0.1060871163712009,4.7105139460128225,0.14584035028226197,2.354734084535065
-2.32358610928913,1.427098118176387,0.10535551082676327,4.70946816907013,0.14580376364722858,2.3544102724228315
-2.3332335226370695,1.42700819522494,0.10447698255586887,4.708820544845663,0.14598360955012252,2.354518485075215
-2.343412058992726,1.4260595556863727,0.10221221767460179,4.70903697015043,0.14788088862725712,2.354863927564585
-2.3549256048247886,1.4265956426339503,0.10232353081695797,4.70972785512917,0.14680871473210158,2.3543929056303687
-2.3749386082522994,1.4264487207903622,0.10134621989871823,4.7087858112607375,0.1471025584192776,2.354287459304921
-2.3910942218040905,1.4265891849545607,0.10080599889036476,4.708574918609842,0.14682163009088064,2.353705314688188
-2.4115131542162347,1.4266771672049114,0.10020137829041564,4.707410629376376,0.1466456655901791,2.3535304969199324
-2.4301009270856704,1.4272041106486362,0.10029925563955429,4.707060993839865,0.14559177870272946,2.3528761846444004
-2.450738588761692,1.427752047289643,0.10043132264105901,4.705752369288801,0.14449590542071578,2.352422098510688
-2.4691719262162475,1.427137324193094,0.09869999539644893,4.704844197021376,0.14572535161381395,2.3529593394690296
-2.481982504386843,1.4260041497743623,0.09622052809641143,4.705918678938059,0.14799170045127724,2.356083846482742
-2.491698383652867,1.4259126540957408,0.0953471627001142,4.712167692965484,0.14817469180852028,2.3560360088771133
-2.511718655643615,1.4258398942355022,0.09448219618071539,4.712072017754227,0.1483202115289973,2.3557485898589396
-2.530286437779994,1.426094641381849,0.09415934622919636,4.711497179717879,0.14781071723630387,2.357013687892866
-2.549616449812527,1.4258301659314454,0.09298010701289253,4.714027375785732,0.14833966813711116,2.3568036289789123
-2.5637531479557327,1.4260593524054508,0.09261406203981483,4.7136072579578245,0.1478812951891006,2.357125708572311
-2.581995581383576,1.4259090339804759,0.0916689778920436,4.714251417144622,0.1481819320390505,2.357571367795311
-2.5966539351138778,1.4263583126578614,0.09164971321529637,4.715142735590622,0.14728337468427943,2.356985188107155
-2.6097905657366205,1.4263084979754088,0.09086207130479841,4.71397037621431,0.14738300404918472,2.3571423043081277
-2.614984234886893,1.426781917149873,0.09087707192707604,4.714284608616255,0.14643616570025642,2.3573685014501398
-2.622557125067772,1.4254648466172193,0.08805071660237856,4.7147370029002795,0.14907030676556368,2.3606914331616817
-2.621692079003336,1.4257673062700507,0.0877908310160599,4.7213828663233635,0.1484653874599011,2.3604376070723863
-2.628942983653549,1.4245086269311404,0.08512577708922082,4.7208752141447725,0.15098274613772142,2.363474851788181
-2.6293159163513016,1.4244153713369974,0.08425781762296128,4.726949703576362,0.1511692573260077,2.3640803490245808
-2.632790082895945,1.424456269498957,0.08356703253854414,4.7281606980491615,0.15108746100208836,2.3639028802497197
-2.640566993430488,1.424806192378899,0.08337076913380048,4.7278057604994395,0.15038761524220454,2.363381317926989
-2.647630917553539,1.425253028554472,0.0833527269713468,4.726762635853978,0.14949394289105866,2.363123159949471
-2.653016625758564,1.42384763966725,0.08031853079891538,4.726246319898942,0.15230472066550288,2.3657607844283683
-2.6504658914704686,1.4241863377628357,0.08012200014345194,4.731521568856737,0.15162732447433147,2.365496900471067
-2.6610029075214827,1.4241545004558656,0.07932395768990382,4.730993800942134,0.1516909990882718,2.3660158116898726
-2.6727198448626384,1.4244718286447653,0.07906240233512818,4.732031623379745,0.1510563427104721,2.3654476154715844
-2.6825277580778213,1.4240903116134536,0.07769977296231595,4.730895230943169,0.15181937677309548,2.365766315115781
-2.6839862843239013,1.4246808989727031,0.07788408791426253,4.731532630231562,0.15063820205459635,2.3650145060332823
-2.688740728133624,1.4247032714600163,0.0771859368677136,4.730029012066565,0.15059345707997013,2.365047001693035
-2.6860426434323683,1.4252026334892474,0.07722335100852705,4.73009400338607,0.14959473302150808,2.364271099060767
-2.6855534266341365,1.4256423010395753,0.07717597840344756,4.728542198121534,0.14871539792085206,2.363791450727015
-2.6798352783464603,1.4250072787744472,0.07543958907441041,4.72758290145403,0.14998544245110818,2.364973740014714
-2.6694857156418044,1.4250509229838824,0.07475871794050255,4.729947480029428,0.14989815403223788,2.36507742681052
-2.6625540690592153,1.4251923571884486,0.07422991788564878,4.73015485362104,0.1496152856231053,2.364845292013044
-2.6585589081237555,1.4230637798106176,0.07005337017939431,4.729690584026088,0.15387244037876732,2.3683390032381473
-2.6475590806250153,1.4228912807241307,0.06904726607059357,4.7366780064762946,0.1542174385517409,2.368276492607123
-2.651657353293139,1.423431808908198,0.06913625916345807,4.736552985214246,0.15313638218360628,2.3675176812530694
-2.6536411790262173,1.42313547430573,0.0678814136185924,4.735035362506139,0.15372905138854218,2.3674625375029845
-2.6512094606089276,1.4230469346089099,0.06699911647457855,4.734925075005969,0.15390613078218274,2.368385495751914
-2.6461061034770195,1.4228128841831913,0.06586654934572334,4.736770991503828,0.15437423163361969,2.368856774774589
-2.6405560271477153,1.4233523881635584,0.06595920280407035,4.737713549549178,0.1532952236728857,2.3680642756336097
-2.6382621242302964,1.4235615794954481,0.06551647303252038,4.736128551267219,0.15287684100910626,2.3675821563980555
-2.633314863332375,1.4230078210382962,0.06386255368905332,4.735164312796111,0.15398435792341006,2.367907915956046
-2.62826972203257,1.4213029708840765,0.06037847144670299,4.735815831912092,0.15739405823184918,2.3705329293799338
-2.6176925909766338,1.4215475799107633,0.05998849512865819,4.7410658587598675,0.15690484017847542,2.3703601883396614
-2.6198688498183467,1.4217395863334683,0.05952801633623384,4.740720376679323,0.15652082733306535,2.369861766080291
-2.6205816797555794,1.4203570316560623,0.05657799459183242,4.739723532160582,0.1592859366878775,2.372652153212475
-2.618230527592159,1.4204066594147042,0.05589721362283999,4.74530430642495,0.15918668117059348,2.3726822354656636
-2.6229195511126564,1.4204798057704555,0.055279106232961873,4.745364470931327,0.15904038845909085,2.3732974369582718
-2.6328467709685075,1.4210058256485714,0.055342090987933704,4.7465948739165436,0.15798834870285922,2.3724489354203397
-2.6439223570261574,1.4216253125354417,0.05555409725928789,4.7448978708406795,0.15674937492911878,2.3715829158631796
-2.6553378036727047,1.4216947643246298,0.05490234089183503,4.743165831726359,0.15661047135074263,2.372112407404821
-2.662773817499713,1.4211004279316946,0.05320041627451032,4.744224814809642,0.1577991441366131,2.372839168615993
-2.665658221770957,1.4209792270898782,0.05222797921328636,4.745678337231986,0.15804154582024582,2.3727674725717174
-2.672503848174195,1.421292574053612,0.05197386140069179,4.745534945143435,0.15741485189277832,2.3733440806016257
-2.681919028808749,1.4211133531212514,0.050943894001194895,4.746688161203251,0.15777329375749952,2.373508333476083
-2.6814003419886494,1.4217040565546117,0.051112857407117934,4.747016666952166,0.15659188689077885,2.3726803726093553
-2.68281443964574,1.422228815275656,0.05116538162624441,4.7453607452187105,0.15554236944869046,2.37184671547345
-2.6833258242831546,1.4226440278344439,0.05105716214575856,4.7436934309469,0.15471194433111443,2.3711176130498193
-2.6784508473246778,1.4217378680029198,0.048844650452438694,4.7422352260996385,0.15652426399416275,2.3727359527920937
-2.6670624448771036,1.4219088660557624,0.04839562984756854,4.745471905584187,0.15618226788847778,2.373369819528435
-2.660888010861783,1.4217999360456148,0.04745760179148627,4.74673963905687,0.15640012790877286,2.373218769222411
-2.6570015033898633,1.4215623849458316,0.046316515222266846,4.746437538444822,0.1568752301083393,2.3736007028430683
-2.6544216276494677,1.4214260010683144,0.04535730850938041,4.747201405686137,0.15714799786337366,2.3743613621309163
-2.6508550717996906,1.420076271696799,0.042455424875796934,4.748722724261833,0.15984745660640434,2.3769504908091688
-2.63899590997773,1.4206580073325163,0.0425990729096253,4.7539009816183375,0.15868398533496955,2.37605611137962
-2.638159630341427,1.4212334571317404,0.04274123601061447,4.75211222275924,0.15753308573652133,2.3753434057888887
-2.633938361612156,1.4218178516903002,0.042902174412764484,4.750686811577777,0.1563642966194017,2.3745797633579344
-2.6206146589300987,1.4214693997702927,0.04159529056758536,4.749159526715869,0.15706120045941654,2.3767732359375846
-2.6007537162927523,1.4219102703586384,0.04151471609196505,4.753546471875169,0.15617945928272514,2.3761854053384095
-2.5848883690819875,1.4210117257272104,0.039333528476566446,4.752370810676819,0.1579765485455813,2.3784158185880284
-2.566659879868605,1.4210398765740733,0.03859271408093728,4.756831637176057,0.15792024685185527,2.3779278473136527
-2.5598281446773314,1.42101648722504,0.03779761420356837,4.755855694627305,0.15796702554992215,2.3777825980414833
-2.553347542842813,1.4214275990694143,0.03768586720186913,4.755565196082967,0.1571448018611735,2.3773573657776166
-2.5460337115525373,1.4217126334484538,0.03738782221402672,4.754714731555233,0.1565747331030946,2.3781046626886506
-2.535767167075696,1.4215711363919548,0.03639326848521034,4.756209325377301,0.1568577272160925,2.378856984698511
-2.524928824307528,1.4221154235182267,0.03649256165879486,4.757713969397022,0.15576915296354843,2.378074515224736
-2.5161076303219705,1.4223516144960793,0.0361047865436225,4.756149030449472,0.15529677100784345,2.3777897041290017
-2.5076941327381697,1.4223296703961994,0.03532270756349126,4.755579408258003,0.15534065920760318,2.3785383284101376
-2.5013187215176833,1.4228352718391024,0.03535849322155111,4.757076656820275,0.1543294563217971,2.3779426651077027
-2.4992623057847414,1.4213076567696115,0.03216851607305629,4.755885330215405,0.15738468646077908,2.3802576037520002
-2.485940235747888,1.4211355404333235,0.031084835898158986,4.7605152075040005,0.15772891913335507,2.38031795039188
-2.48224283712687,1.4217728296327923,0.03132275146037468,4.76063590078376,0.15645434073441736,2.37947495152474
-2.4813695851179247,1.4222925408238842,0.031376466380743706,4.75894990304948,0.15541491835223364,2.378883035018982
-2.4739240011307677,1.422737411030746,0.03131311231470984,4.757766070037964,0.15452517793851006,2.3780792620411972
-2.4628679677376564,1.4230038126698525,0.030987178072937417,4.7561585240823945,0.15399237466029697,2.378252049353591
-2.444908338310381,1.423449129432402,0.030909865722573725,4.756504098707182,0.1531017411351977,2.377451987457442
-2.4305892365808193,1.4238368690408154,0.03075296335960062,4.754903974914884,0.15232626191837118,2.3767947152657474
-2.4180387201262032,1.4243882349794053,0.030846811324669647,4.753589430531495,0.1512235300411914,2.3758754235805384
-2.408387935830594,1.4243995543449035,0.030121441950384138,4.751750847161077,0.15120089131019504,2.375941450148069
-2.392971702703699,1.4245956742729826,0.029658233519976852,4.751882900296138,0.15080865145403702,2.375590833372357
-2.3809497809050386,1.4251270933008513,0.029737774803927506,4.751181666744714,0.14974581339829984,2.3748169735986577
-2.366358755832366,1.4255235881543313,0.029590183007482725,4.7496339471973155,0.14895282369134,2.3741229636352337
-2.3487832525679244,1.4257716835445107,0.02924402929719308,4.748245927270467,0.14845663291098138,2.3741506423057372
-2.329256595998187,1.4257180297810608,0.028419192309948972,4.7483012846114745,0.14856394043788115,2.375186816661423
-2.310560589895376,1.425996485056258,0.028100036320955837,4.750373633322846,0.14800702988748649,2.374796081849463
-2.2949039861409966,1.4262133585870853,0.02765674713382532,4.749592163698926,0.14757328282583196,2.374024612651176
-2.277822622020974,1.4266052699209573,0.02751942618841039,4.748049225302352,0.14678946015808822,2.3734336568733228
-2.264091009622524,1.4259694601518351,0.025743314740484635,4.7468673137466455,0.14806107969633245,2.3745513054300567
-2.247403003285195,1.4264793821875341,0.02580910326371728,4.749102610860113,0.14704123562493454,2.374194862559043
-2.2363569752310917,1.4267313874892378,0.02545910415945651,4.748389725118086,0.1465372250215274,2.373805750366382
-2.225182705706438,1.4269981014178263,0.025116946872390418,4.747611500732764,0.14600379716435039,2.3733219681814046
-2.209344384413008,1.4267891170659808,0.024014651135561827,4.746643936362809,0.14642176586804168,2.3738503600464145
-2.1911565580544616,1.427307765048833,0.024081385679515448,4.747700720092829,0.14538446990233708,2.3733962516642437
-2.1811679479943886,1.4270765875671114,0.02294769436037828,4.7467925033284875,0.14584682486578038,2.3730383781306488
-2.1698438229115458,1.4269992490829144,0.022084145658784908,4.7460767562612975,0.14600150183417454,2.3734190887394737
-2.162609911927296,1.4271174670397557,0.021504531881724735,4.746838177478947,0.14576506592049182,2.3729468726806284
-2.1579275198794847,1.4271190016150148,0.02077086011286103,4.745893745361257,0.14576199676997356,2.3736616759686298
-2.1552891518771036,1.4276542570943531,0.02086833339912953,4.7473233519372595,0.144691485811297,2.372905816199623
-2.156403161347321,1.427999808202092,0.020657611735240815,4.745811632399246,0.1440003835958193,2.3723579659824723
-2.157713180632025,1.4280897525337684,0.020027612738778785,4.744715931964945,0.14382049493246646,2.3717760841732103
-2.1573538310598313,1.428223779753326,0.019476861589581753,4.743552168346421,0.14355244049335117,2.371614526380083
-2.1580804147352612,1.428549314196008,0.019249015608101216,4.743229052760166,0.14290137160798708,2.371171938116086
-2.162171174889809,1.4284605988684476,0.01833739234288566,4.742343876232172,0.1430788022631079,2.370816573052592
-2.166038193041076,1.4290445140099828,0.018510506193951816,4.741633146105184,0.14191097198003766,2.3699592576272357
-2.1734930364417924,1.4293151556283756,0.01817559939175536,4.739918515254471,0.14136968874325176,2.3693380515653635
-2.1766514108022936,1.4297733110959643,0.01814283448747008,4.738676103130727,0.14045337780807468,2.3688670090614443
-2.180626246668182,1.4302765752382318,0.01817575064628848,4.737734018122889,0.13944684952353975,2.3680059821876407
-2.1835234833479267,1.430624511108977,0.01798639558630883,4.736011964375281,0.13875097778204928,2.3677761464650082
-2.1853759250128144,1.4311035746408147,0.017991005518664203,4.7355522929300164,0.1377928507183738,2.366961839930476
-2.1840256847899306,1.4316655161030227,0.018130918724582907,4.733923679860952,0.1366689677939577,2.3661396004569344
-2.1832091240194966,1.4322054161583613,0.0182270752538026,4.732279200913869,0.1355891676832808,2.3652335508767344
-2.1800836545897218,1.4324778281037902,0.017928079638335502,4.730467101753469,0.13504434379242292,2.365009426764544
-2.1743779244341144,1.4325665921098365,0.01735425180424501,4.730018853529088,0.13486681578033055,2.3650977168881675
-2.1662937689660597,1.432939110435974,0.017209937357621472,4.730195433776335,0.13412177912805529,2.3647072454794897
-2.161397824130562,1.4331499642959487,0.016801768450336676,4.7294144909589795,0.13370007140810602,2.36553569999438
-2.1534959440357917,1.4337124504150442,0.01693642900483429,4.73107139998876,0.13257509916991464,2.364607849730051
-2.1453151012500458,1.4338982788714791,0.01648926637413624,4.729215699460102,0.13220344225704492,2.3642161628287672
-2.1308489445051095,1.4344892810202095,0.01667394958004583,4.7284323256575345,0.13102143795958435,2.3632990563160474
-2.1167787525178428,1.4348870875154576,0.01655808811250331,4.726598112632095,0.13022582496908797,2.362627641998672
-2.1013699540184074,1.4352693749429362,0.01642010974936792,4.725255283997344,0.1294612501141309,2.361958726022381
-2.085791316333594,1.4358669803118795,0.016623226910692807,4.723917452044762,0.12826603937624403,2.361085049270025
-2.0696356210554585,1.4363327863127588,0.016610384767312747,4.72217009854005,0.12733442737448553,2.3602624398256205
-2.0498013538033564,1.4367854415094925,0.016575019390861697,4.720524879651241,0.12642911698101802,2.3594222093379833
-2.0295050797375316,1.435456356219858,0.013714650930014918,4.718844418675967,0.1290872875602872,2.3605353451632096
-2.0027679377015697,1.4359159798689014,0.013699621130356405,4.721070690326419,0.12816804026220013,2.3597016552097987
-1.987699854106519,1.4360150356087178,0.013096799935304498,4.719403310419597,0.12796992878256727,2.359053909974792
-1.9711744589741458,1.4351034038230115,0.010929556643055494,4.718107819949584,0.12979319235397999,2.3607079486326707
-1.9543073932217943,1.4353307216673645,0.010532532975824694,4.7214158972653415,0.12933855666527383,2.3600580636498654
-1.9455018188780338,1.4356919143428963,0.010368888479666596,4.720116127299731,0.12861617131421002,2.359558705966175
-1.9381200824195683,1.4358549370323703,0.009866174143101591,4.71911741193235,0.12829012593526226,2.3589072511008213
-1.9313958108117362,1.435787999845288,0.009014068668765807,4.717814502201643,0.12842400030942666,2.35865407814425
-1.9268442782452193,1.4361483578157515,0.008833374354000605,4.7173081562885,0.12770328436849993,2.3579303477749236
-1.9266897677892334,1.4360279397739066,0.007925861052035821,4.715860695549847,0.1279441204521896,2.3576462637401163
-1.9254307737430814,1.4365384662359444,0.007987801370384367,4.715292527480233,0.12692306752811397,2.3567617525174533
-1.9269473575317975,1.4361892153870257,0.006703121182324785,4.713523505034907,0.1276215692259511,2.3572618789786097
-1.9258496876778077,1.4366930521561325,0.006756466706406693,4.7145237579572195,0.12661389568773768,2.356385347111487
-1.929170102208927,1.4370627281453603,0.0065903086827184595,4.712770694222974,0.12587454370928208,2.355525251686148
-1.9352084859056766,1.4376151936507418,0.006727108973674783,4.711050503372296,0.12476961269851922,2.3546716256815636
-1.9413884544114508,1.4380071366859135,0.006623566013238769,4.709343251363127,0.12398572662817574,2.3541175733968145
-1.9481225626254912,1.4384087656771336,0.006535731667360265,4.708235146793629,0.12318246864573573,2.353788279190654
-1.9553059413584344,1.4384249853485234,0.0058186992552090415,4.707576558381308,0.12315002930295639,2.3536452045551157
-1.9617128309360468,1.4390103478859801,0.006009260110794635,4.707290409110231,0.1219793042280429,2.3527586102580167
-1.973764537778734,1.4393756413024863,0.005838090784417164,4.705517220516033,0.12124871739503049,2.35195465299504
-1.9833323902267295,1.4393879369686655,0.005113834248911091,4.70390930599008,0.12122412606267217,2.3517657252453223
-1.9927537606999879,1.439381481563,0.004390491461214733,4.703531450490645,0.12123703687400318,2.3514615010937905
-1.9990028390910863,1.4394975470248474,0.0038526677468382147,4.702923002187581,0.12100490595030801,2.3510239197178637
-2.007756927062125,1.4398225668418982,0.0036512072861323588,4.7020478394357275,0.12035486631620661,2.350622317431672
-2.0169906344097868,1.4400699991846369,0.003333693514973439,4.701244634863344,0.11986000163072935,2.3501977871983017
-2.0221051248455377,1.4404065679158635,0.003130649380102209,4.7003955743966035,0.11918686416827605,2.349507676544086
-2.0271271998825546,1.439504741485265,0.0009848299877551784,4.699015353088172,0.12099051702947304,2.35149434335871
-2.0288490709278255,1.4392765969135877,-8.348055849819965e-05,4.70298868671742,0.12144680617282778,2.3515365884675727
-2.035183205778273,1.4393355010904656,-0.0007342335055384069,4.7030731769351455,0.12132899781907175,2.351196825671199
-2.042493935736615,1.439593964409762,-0.0010542562659442698,4.702393651342398,0.12081207118047911,2.3508487563335363
-2.051435322881918,1.4397707130691004,-0.0015009358311597284,4.701697512667073,0.12045857386180196,2.350540433919211
-2.058388016409921,1.4401442517204357,-0.0016238346948539016,4.701080867838422,0.11971149655913156,2.3499839362958608
-2.0675237614565596,1.4398042611051571,-0.0028975264547704874,4.6999678725917216,0.1203914777896888,2.3505073557187597
-2.071602836286273,1.440087240700424,-0.003183208252837261,4.701014711437519,0.11982551859915498,2.3499167958241802
-2.080689998465126,1.4388628768950986,-0.00587749297977291,4.6998335916483605,0.12227424620980558,2.3503168469133877
-2.0859813659788737,1.438984698288965,-0.00643065192223384,4.700633693826775,0.12203060342207281,2.350902550244549
-2.101063893840326,1.4385873916374203,-0.007784029222739218,4.701805100489098,0.12282521672516206,2.351462778437419
-2.1159987646758323,1.4389758167113722,-0.00791009019668644,4.702925556874838,0.12204836657725836,2.3507486447644608
-2.1360551516306985,1.4388199502046075,-0.00885749816240968,4.7014972895289215,0.1223600995907879,2.3513858044574625
-2.1527176250885907,1.438703801818889,-0.00977240250428733,4.702771608914925,0.12259239636222498,2.3513887441393293
-2.174932492389728,1.4393016050081688,-0.009566726383889824,4.702777488278659,0.121396789983665,2.350467626614342
-2.2011404374184917,1.439876120317294,-0.009383861923240613,4.700935253228684,0.12024775936541438,2.3497582450162398
-2.2224164213673605,1.4391848018206328,-0.01121285324966571,4.6995164900324795,0.12163039635873678,2.350825473491445
-2.236055638313237,1.4394386552408192,-0.011557313249523945,4.70165094698289,0.12112268951836398,2.350237544301972
-2.2545281264215893,1.4393065629321464,-0.012484906508667154,4.700475088603944,0.12138687413570952,2.3516407255007215
-2.2720469193426993,1.4394367958475438,-0.013014520511701539,4.703281451001443,0.12112640830491465,2.351339656182705
-2.2915257289372386,1.4400222360773722,-0.012832821561557014,4.70267931236541,0.119955527845258,2.350412079022907
-2.3128953393121,1.440144346222411,-0.013369912345762288,4.700824158045814,0.11971130755518025,2.350025490676925
-2.323495220927583,1.4407375799340694,-0.013162246671379033,4.70005098135385,0.11852484013186373,2.349391997644484
-2.333086181089364,1.4410777620104573,-0.013361607928222887,4.698783995288968,0.11784447597908757,2.3487306735561084
-2.336646429968774,1.4411617783026418,-0.013947738425030306,4.697461347112217,0.11767644339471871,2.34864556714172
-2.3382459966285207,1.441090809833039,-0.014764569088375572,4.69729113428344,0.11781838033392426,2.3485015195233583
-2.339130545087328,1.4416751170327855,-0.01457950757973696,4.697003039046717,0.11664976593443134,2.3476015533730816
-2.343265269643451,1.4419093345998124,-0.014932220592063263,4.695203106746163,0.11618133080037757,2.3471638267492407
-2.338479178227416,1.442455496803402,-0.014806351660886603,4.6943276534984815,0.11508900639319843,2.3463052428227384
-2.334028171311577,1.4426217512775392,-0.015264927997841961,4.692610485645477,0.11475649744492382,2.3460125703793513
-2.320241725183462,1.443186770094421,-0.01509492670327066,4.692025140758703,0.11362645981116035,2.345247687650433
-2.3066627934510584,1.4436272179445688,-0.015115141281821919,4.690495375300866,0.11274556411086445,2.344766177392708
-2.2867289878109407,1.443383147991448,-0.016242868149536554,4.689532354785416,0.11323370401710586,2.3445163719210798
-2.26426131170866,1.4433547408148668,-0.017018167606729168,4.6890327438421595,0.11329051837026821,2.3446353746896245
-2.2425161268898997,1.4431978884538494,-0.01799053701927597,4.689270749379249,0.11360422309230288,2.3446856311844972
-2.220038660655063,1.4426079527283495,-0.019632227876177723,4.6893712623689945,0.11478409454330277,2.3455980962284757
-2.2018983586300207,1.442967907230427,-0.019759675154764827,4.691196192456951,0.1140641855391479,2.3451917989000863
-2.1921860141595793,1.443438939845637,-0.019749896081824564,4.690383597800173,0.1131221203087273,2.344399062519217
-2.1787583677579816,1.4437164786886731,-0.020031802245017417,4.688798125038434,0.11256704262265509,2.343994130045133
-2.163579633333375,1.4442927158991745,-0.01984910395892584,4.687988260090266,0.1114145682016522,2.343129356867096
-2.147686533250794,1.4445570103011627,-0.020164517225714253,4.686258713734192,0.11088597939767586,2.342448769253483
-2.127940721557007,1.443896168599761,-0.021912925259433107,4.684897538506966,0.11220766280047896,2.3435458144533463
-2.1104639367815303,1.4442930012010584,-0.02200642347937974,4.687091628906693,0.11141399759788437,2.342867402070583
-2.0987858542169953,1.443813713124033,-0.023517868390192657,4.685734804141166,0.11237257375193524,2.3426681279911183
-2.087601331323193,1.4442508435035548,-0.023539660155383647,4.685336255982237,0.1114983129928914,2.3421338016618667
-2.0824679414113594,1.4446813216662542,-0.023570151628652992,4.684267603323733,0.11063735666749244,2.3419243263956857
-2.076008999159029,1.4451997706925863,-0.023476552344117635,4.683848652791371,0.10960045861482834,2.3412210775661455
-2.067947800102778,1.4457572391076505,-0.0233219835442957,4.682442155132291,0.10848552178469983,2.340332835638311
-2.062666039840893,1.4463156980113878,-0.02315937356935046,4.680665671276622,0.10736860397722518,2.3395165547370844
-2.055540039404133,1.4468246296468361,-0.023069079855122417,4.679033109474169,0.10635074070632873,2.339082064645478
-2.048596752711943,1.447374808879027,-0.022918595286115482,4.678164129290956,0.105250382241947,2.338240094989099
-2.0402536373410025,1.447723672759192,-0.02309235911576824,4.676480189978198,0.10455265448161725,2.3375500236527835
-2.0321055957256844,1.4474382820481397,-0.024236787025342224,4.675100047305567,0.10512343590372161,2.3380381875639435
-2.0235135040384975,1.4477690475444518,-0.024437476028626882,4.676076375127887,0.10446190491109736,2.3373649393608384
-2.0171791537342827,1.4473272378440887,-0.025823976016404033,4.674729878721677,0.10534552431182342,2.338031294150049
-2.007876718616213,1.4475570649648808,-0.02618326706413216,4.676062588300098,0.1048858700702391,2.337382539437538
-2.001617508807717,1.4474541884642158,-0.027061494173640583,4.674765078875076,0.10509162307156915,2.3375357847317746
-1.9923340533469367,1.4470587814032398,-0.028370901811482645,4.675071569463549,0.10588243719352107,2.3381463605086226
-1.984684672178763,1.4470165254199303,-0.029142618514768504,4.676292721017245,0.10596694916013993,2.33828683870805
-1.9818435604443425,1.4472654029158838,-0.02945409293167782,4.6765736774161,0.10546919416823279,2.3383347109181347
-1.9814315559893683,1.4475954264067876,-0.029635794491204338,4.676669421836269,0.10480914718642505,2.3377298679224388
-1.9841677664265314,1.4481337865234676,-0.02949855014382226,4.6754597358448775,0.10373242695306527,2.3368785800629963
-1.987450094536708,1.4486903755370633,-0.029341778125197816,4.673757160125993,0.10261924892587386,2.3359814341711886
-1.9861641112324908,1.449188444590988,-0.029275995457722918,4.671962868342377,0.10162311081802458,2.335173592238739
-1.9819333826411916,1.4496827897169513,-0.029198074678516324,4.670347184477478,0.10063442056609778,2.3351398590458614
-1.973968927951007,1.4502157407856422,-0.029074771954501772,4.670279718091723,0.09956851842871588,2.3342689289971488
-1.9658319013647532,1.4507234290181958,-0.028981458158216507,4.6685378579942975,0.0985531419636087,2.33364598689259
-1.9569244002528001,1.451153347126551,-0.028998458948032588,4.66729197378518,0.09769330574689826,2.3331985093739616
-1.9481214701213099,1.4517053199222887,-0.028841732723935535,4.666397018747923,0.09658936015542294,2.332303128540514
-1.9410382742042693,1.4522619508497734,-0.028669932106206896,4.664606257081028,0.09547609830045359,2.3314794653184396
-1.9329276037029899,1.4523018863827448,-0.029276907479311994,4.662958930636879,0.09539622723451059,2.331554314943675
-1.9229654494032498,1.4521224635663457,-0.030276358520014774,4.66310862988735,0.0957550728673088,2.331394997306855
-1.9155381963044964,1.4519504268743837,-0.0312306931736188,4.66278999461371,0.09609914625123286,2.331802507522937
-1.910395123307191,1.4514391720030246,-0.03272612903095115,4.663605015045874,0.09712165599395091,2.3321787482732748
-1.9043083784961703,1.4501453752875129,-0.035517499672354555,4.6643574965465495,0.09970924942497449,2.3328474358629427
-1.8991089620231518,1.4504906624313079,-0.035672300240334076,4.6656948717258855,0.09901867513738447,2.3324699511675604
-1.9002095207771328,1.450910356958377,-0.035721949500090784,4.664939902335121,0.09817928608324629,2.331711636936588
-1.9011681320612674,1.4514536283944581,-0.03558165993302593,4.663423273873176,0.09709274321108417,2.330878859241906
-1.9004999920235848,1.4513303961506705,-0.0364984234923444,4.661757718483812,0.09733920769865954,2.3307829296620146
-1.8926424660670016,1.451435322126043,-0.037044693663212384,4.661565859324029,0.09712935574791452,2.3303763050502417
-1.885834767822999,1.451930622825523,-0.03696974885383043,4.6607526101004835,0.09613875434895433,2.3295468028840505
-1.8807992543589567,1.45226763873001,-0.037144954969111396,4.659093605768101,0.09546472253998071,2.328867430777031
-1.8744938554585326,1.4520107199313947,-0.03824738269410557,4.657734861554062,0.09597856013721097,2.3285834620434738
-1.8682930578854693,1.452557387811475,-0.03809215741774697,4.6571669240869475,0.09488522437705028,2.3279160272853914
-1.8694562860164685,1.4530314406205398,-0.038040513498322236,4.655832054570783,0.09393711875892065,2.327239408754292
-1.8700472032802014,1.4531348408551998,-0.038551291522472185,4.654478817508584,0.09373031828960059,2.3271907014265394
-1.870057710975429,1.4525313461926006,-0.04019616517873392,4.654381402853079,0.09493730761479896,2.3278579587876527
-1.8707896386139136,1.45294004290001,-0.04023690648684762,4.655715917575305,0.09411991419998005,2.327225908440602
-1.8784045059359333,1.4522187704337597,-0.042063397447558125,4.654451816881204,0.09556245913248072,2.32879424950505
-1.8834686757193262,1.4526906046530814,-0.042019878252844665,4.6575884990101,0.09461879069383708,2.3281965659837134
-1.8980272070298083,1.4531428122145662,-0.042021514998672425,4.656393131967427,0.09371437557086756,2.3273688320788755
-1.9139630413001152,1.4536131606375922,-0.0419803638958466,4.654737664157751,0.09277367872481558,2.326811063553023
-1.928279446753141,1.4539277233181678,-0.04219162858901649,4.653622127106046,0.09214455336366416,2.32616557976464
-1.939489497391102,1.4544374886114817,-0.042087307796111036,4.65233115952928,0.09112502277703625,2.3253417658705473
-1.9493909908729672,1.4549762204879575,-0.04193927250638104,4.650683531741095,0.09004755902408464,2.3245343238903335
-1.9550946433468033,1.4554237152799296,-0.04193544398469434,4.649068647780667,0.08915256944014038,2.323797016840368
-1.9540549683304547,1.4558115017421802,-0.04202533185499205,4.647594033680736,0.08837699651563923,2.3230658952379475
-1.9519740179681901,1.4558538315476903,-0.04261587569797745,4.646131790475895,0.08829233690461913,2.3232944279981806
-1.9490344258708538,1.4561742335615295,-0.04277824816660593,4.646588855996361,0.0876515328769407,2.3229990972033834
-1.9512554436370293,1.456188577610736,-0.043456448962464006,4.645998194406767,0.08762284477852807,2.322735207495928
-1.9507187100967327,1.4553293222751134,-0.04552691758207796,4.645470414991856,0.08934135544977305,2.323631993672014
-1.948050765276487,1.455354800124106,-0.04621012049118859,4.647263987344028,0.0892903997517878,2.323004750222317
-1.9523140060617206,1.4555314221778395,-0.04664035936778747,4.646009500444634,0.0889371556443208,2.322372187935496
-1.958147626689708,1.4555376974892882,-0.04732357957016875,4.644744375870992,0.08892460502142335,2.322307783013335
-1.9618415951544919,1.4556412991062992,-0.047823230731207325,4.64461556602667,0.08871740178740141,2.322396626518579
-1.9688132663719353,1.456052086038841,-0.04788769181211641,4.644793253037158,0.0878958279223177,2.321621269193388
-1.9783328712696615,1.4564816474999132,-0.047915511826900035,4.643242538386776,0.0870367050001735,2.320856490691337
-1.9861129985471633,1.4566152329925663,-0.04842177559911219,4.641712981382674,0.08676953401486732,2.3201889180411293
-1.9889290564639532,1.4569639466700397,-0.048566215858556,4.6403778360822585,0.08607210665992042,2.319564348122103
-1.9934044781819327,1.4569673567809895,-0.04926264293309827,4.639128696244206,0.08606528643802065,2.3193398820241926
-1.9929842149359518,1.4572108169800515,-0.04953904055722539,4.638679764048385,0.08557836603989674,2.31916882803689
-1.9952996665616478,1.4576660904907104,-0.049504131379185363,4.63833765607378,0.08466781901857907,2.3185507264006144
-1.9990982177936916,1.4575131582385674,-0.05042260898779028,4.637101452801229,0.08497368352286508,2.3186921743351534
-2.001169687240863,1.4578137308176056,-0.050644414941195585,4.637384348670307,0.08437253836478897,2.3181224356205696
-2.006092552393049,1.457308311432218,-0.052134814655522,4.636244871241139,0.08538337713556403,2.3185958899780816
-2.010310986215675,1.457862641410328,-0.05195583024026466,4.637191779956163,0.08427471717934441,2.31790904332745
-2.0220544090729815,1.4583255680285498,-0.05192547030992388,4.6358180866549,0.08334886394290057,2.3172910221909078
-2.0313965004207364,1.45828158671778,-0.05267005311277158,4.6345820443818155,0.08343682656444015,2.317104922787464
-2.0386966023854067,1.4586034818393547,-0.052851795292173986,4.634209845574928,0.08279303632129106,2.316516737102929
-2.0470669502770074,1.4589088362910132,-0.05304273868902959,4.633033474205858,0.08218232741797403,2.316186340542728
-2.055179097727481,1.4592463683256587,-0.053170376811240934,4.632372681085456,0.0815072633486829,2.316072135040584
-2.0617813607915076,1.4594838106552983,-0.05347071509042983,4.632144270081168,0.08103237868940351,2.3159808684597056
-2.063632915247324,1.4591146393945198,-0.05477027077646883,4.631961736919411,0.08177072121096039,2.3160954903284154
-2.062581287463034,1.4591094305231982,-0.05547985344055916,4.632190980656831,0.08178113895360346,2.315790889521135
-2.0641549636666134,1.4594892164473479,-0.05558652236333411,4.63158177904227,0.08102156710530392,2.3151715472232253
-2.0664515538892774,1.4594694087937787,-0.056316398715701085,4.6303430944464505,0.0810611824124423,2.3147231304817577
-2.065936714811367,1.4600181676656114,-0.05614466567634684,4.629446260963515,0.07996366466877709,2.313891479861978
-2.0687789611684257,1.4604453641433883,-0.05616444415454821,4.627782959723956,0.07910927171322352,2.3132070366438313
-2.0692561663257574,1.460198092804885,-0.057259276684138036,4.626414073287663,0.07960381439023027,2.3133670440770144
-2.066006031226487,1.4602127029873315,-0.05794063254332575,4.626734088154029,0.07957459402533712,2.313234055729538
-2.065749420220362,1.4605865873316883,-0.0580213597004518,4.626468111459076,0.07882682533662366,2.312912622945531
-2.0661827460322435,1.460343165450584,-0.05912272874226775,4.625825245891062,0.07931366909883208,2.3125705088096025
-2.0639639827218006,1.4603893947317865,-0.059721270530250975,4.625141017619205,0.07922121053642739,2.312771465897183
-2.0656799323711095,1.459928290398731,-0.06112439222259842,4.625542931794366,0.08014341920253863,2.313066845754121
-2.065137408187273,1.4602680513467834,-0.06128492343612275,4.626133691508242,0.07946389730643362,2.3123517313840853
-2.069383981296233,1.4605813514783912,-0.06147029974822432,4.624703462768171,0.07883729704321815,2.3119576533977013
-2.070087427449873,1.4610667409972649,-0.0613909810982125,4.623915306795403,0.07786651800547074,2.311329264350829
-2.0741289635806366,1.4613840728621699,-0.06158253055257152,4.622658528701658,0.07723185427566069,2.310682534984203
-2.077313788153029,1.4618366691024576,-0.061545967567968866,4.621365069968406,0.07632666179508547,2.3101616657290442
-2.0790233160219356,1.4623691800650156,-0.06139570704233669,4.6203233314580885,0.07526163986996927,2.3094288928600544
-2.079793025757689,1.462543328536929,-0.06181113524179286,4.618857785720109,0.07491334292614263,2.308961366988784
-2.077296133371862,1.4625165410959575,-0.0625328785145381,4.617922733977568,0.07496691780808551,2.308571190785709
-2.0750746971058,1.4629448605032291,-0.06254701846155378,4.617142381571418,0.0741102789935422,2.3077961117105823
-2.0751104605538875,1.463464950582016,-0.06241096092817012,4.615592223421165,0.07307009883596846,2.3070134816585766
-2.071719835161106,1.46355887197221,-0.06296868562143675,4.614026963317153,0.07288225605558085,2.3065910840349395
-2.0637009743570194,1.4635037186467934,-0.06373190534440218,4.613182168069879,0.07299256270641369,2.3063475596047787
-2.0568090292033663,1.4633679924915128,-0.06461144224824887,4.612695119209557,0.07326401501697499,2.3065807337808013
-2.049839722015675,1.4636996487653036,-0.06476875864640165,4.613161467561603,0.07260070246939367,2.3062698061922853
-2.048554173138395,1.46373121184249,-0.06538422077166163,4.6125396123845706,0.07253757631502074,2.3062093226132734
-2.0471709994490808,1.463386425401813,-0.06662079482841443,4.612418645226547,0.07322714919637494,2.3058056829659876
-2.0438049340061046,1.463902243703922,-0.06648764572574399,4.611611365931975,0.07219551259215679,2.30532493058368
-2.0439109878896042,1.4643647307807865,-0.0664268366602646,4.61064986116736,0.0712705384384277,2.3049621433442837
-2.0424570314987682,1.4646123385563625,-0.0667010428740744,4.6099242866885675,0.07077532288727582,2.3045382723573558
-2.037009024427217,1.4647073365207015,-0.06722629798178578,4.6090765447147115,0.07058532695859773,2.3043862445362215
-2.0302627518441305,1.463788973125819,-0.0693237161288081,4.608772489072443,0.072422053748363,2.3056704958135192
-2.01910916263221,1.4638794682634366,-0.06984779667835521,4.6113409916270385,0.07224106347312759,2.3054484962766346
-2.0148638290447356,1.4639489875668252,-0.0704273173207951,4.610896992553269,0.07210202486635046,2.3050506212701602
-2.0117031953842797,1.464057497565484,-0.07095423772308344,4.6101012425403205,0.07188500486903275,2.30473055085922
-2.0111955788474765,1.4643802073058394,-0.07110118278050184,4.60946110171844,0.07123958538832231,2.3044585766853944
-2.012418819666936,1.4649155562157876,-0.07093408343142485,4.608917153370789,0.07016888756842607,2.303812678133727
-2.015218501461576,1.4652645272503613,-0.07107165479348099,4.607625356267454,0.0694709454992787,2.3031939153583902
-2.0174466706361183,1.4657940149911943,-0.07091944111284096,4.6063878307167805,0.06841197001761237,2.3023586128800457
-2.019319035808909,1.4662377499105002,-0.07089784980772652,4.6047172257600915,0.06752450017900083,2.301619951706488
-2.0173686266369724,1.466450241716684,-0.0712600723397048,4.603239903412976,0.06709951656663299,2.3012173544846095
-2.0147322186730623,1.466277215732117,-0.07222494161002954,4.602434708969219,0.06744556853576748,2.3007805040889755
-2.01359364465285,1.466700038000929,-0.07224108909763688,4.601561008177951,0.06659992399814342,2.2999989943842505
-2.0150956556536572,1.4667451874919193,-0.07283340144251116,4.599997988768501,0.06650962501616291,2.2996307156888216
-2.0132956127679345,1.4671827318954809,-0.07280825587142979,4.599261431377643,0.06563453620903965,2.2991485814640202
-2.011902860721644,1.4674508174572682,-0.07305725201617592,4.5982971629280405,0.06509836508546471,2.299207659182567
-2.009316793829276,1.4675542735224845,-0.07357686825064234,4.598415318365134,0.06489145295503221,2.298998135565518
-2.005265624347933,1.4674531338913352,-0.0743942502200004,4.597996271131036,0.06509373221733053,2.298863885681426
-1.999211852062034,1.467247177191285,-0.07536998219676255,4.597727771362852,0.06550564561743115,2.2987432411358224
-1.9965164879797697,1.4674228443948918,-0.07577037033097973,4.597486482271645,0.0651543112102173,2.2981704283441817
-1.998098330288629,1.4671588086373413,-0.07685382661857723,4.5963408566883635,0.06568238272531811,2.297870471860835
-1.998980800858895,1.4675398608758452,-0.07693068114288343,4.59574094372167,0.06492027824831036,2.297334550580517
-2.0028648377193052,1.4672048808372462,-0.07814787914522454,4.594669101161034,0.06559023832550831,2.2972076651289774
-2.0003985131822626,1.4675851046506179,-0.0782180840119004,4.594415330257955,0.0648297906987651,2.296824662117385
-2.001272449944046,1.4678104761853148,-0.07851942561730145,4.59364932423477,0.06437904762937129,2.298236664526858
-2.0001342553790757,1.4679610086064834,-0.07896867790172264,4.596473329053716,0.0640779827870341,2.297552720842169
-1.9982102458323188,1.4683764912216428,-0.07897609522888792,4.595105441684338,0.06324701755671518,2.296962602679261
-1.9978500825122079,1.4688030556361806,-0.07896931767970843,4.593925205358522,0.062393888727639436,2.2965474617176405
-1.9990344382697645,1.4689546298752147,-0.07938462876421762,4.593094923435281,0.06209074024957141,2.2961940788370034
-1.99892512786733,1.4691985771142375,-0.07966989707420533,4.592388157674007,0.061602845771525756,2.295608617291046
-2.0019907722636416,1.4696015671972602,-0.07970045548596429,4.591217234582092,0.06079686560548018,2.2950287477621587
-2.006805542083174,1.4692378418833953,-0.08093096236320739,4.590057495524317,0.06152431623320991,2.2951760052317107
-2.008495230147304,1.4692825982681497,-0.08153954975892329,4.5903520104634215,0.06143480346370129,2.2946935615201896
-2.0118115311747147,1.4696109694053527,-0.08168724571875065,4.589387123040379,0.060778061189295025,2.294018975055335
-2.017927370590753,1.469770961175407,-0.08211110925895387,4.58803795011067,0.06045807764918658,2.2934927234561497
-2.022191430502374,1.4697862640635844,-0.08275062502695059,4.5869854469122995,0.06042747187283198,2.2934102203040956
-2.0277802322264917,1.4703081903428368,-0.08260428353521189,4.586820440608191,0.059383619314327174,2.292573987705372
-2.035808311057932,1.4702537996297198,-0.08335897641772759,4.585147975410744,0.05949240074056132,2.2924210087954444
-2.038119016196564,1.4705672197171897,-0.08353360191378077,4.584842017590889,0.05886556056562153,2.291776685506013
-2.0410984885839,1.4699229356113168,-0.08519794088330555,4.583553371012026,0.06015412877736752,2.293168785142325
-2.0392257835225402,1.470279906838635,-0.0853089976058616,4.58633757028465,0.05944018632273141,2.2925068477329966
-2.0425792251208885,1.4703607436124484,-0.08586676041144861,4.585013695465993,0.05927851277510439,2.292046988444534
-2.0423247223971415,1.4708780904026635,-0.08571902241765486,4.584093976889068,0.058243819194674425,2.2913039344304202
-2.0446980494333378,1.4703116184333815,-0.08728638569576025,4.5826078688608405,0.0593767631332381,2.2914007145659037
-2.0393457152579018,1.4707591532028128,-0.08724438150870369,4.582801429131807,0.05848169359437541,2.2907708842628725
-2.04027571047213,1.4712643745590066,-0.08711082734572183,4.581541768525745,0.057471250881988026,2.290511271149479
-2.0396771015938064,1.471112442045521,-0.08801927757743065,4.581022542298958,0.05777511590895925,2.290245750045854
-2.0345395444612024,1.4705696406472373,-0.08954383550719468,4.580491500091708,0.058860718705526616,2.290561170464221
-2.031054949216145,1.4709493298113527,-0.08961669615176701,4.581122340928442,0.05810134037729555,2.289837250806244
-2.0339266761778276,1.4713461067145748,-0.08966311518725281,4.579674501612488,0.057307786570851296,2.289119530721014
-2.035415731200877,1.4715770123927685,-0.08994506296300196,4.578239061442028,0.05684597521446384,2.2890537437082417
-2.0353910296146225,1.4716577980050605,-0.09048594495675381,4.578107487416483,0.05668440398987982,2.2886259175643904
-2.035938691754897,1.471581312219703,-0.0912615822526344,4.577251835128781,0.056837375560594754,2.288714352137263
-2.034398622746333,1.470386003024257,-0.09380480373316508,4.577428704274526,0.05922799395148676,2.2898227399064552
-2.030343723179254,1.4709036499089196,-0.09364876889609532,4.5796454798129105,0.0581927001821614,2.2895008318854515
-2.035617304618044,1.4711041160334328,-0.09399842236463424,4.579001663770903,0.057791767933134876,2.2898748893822534
-2.0371525434300506,1.471368701819964,-0.09423445512787376,4.579749778764507,0.05726259636007289,2.2896218019204793
-2.037978677723013,1.4711315177646347,-0.09524239868237666,4.5792436038409585,0.057736964470731254,2.2907155555162957
-2.0409147314787903,1.4702065616669902,-0.0973531939450159,4.581431111032591,0.0595868766660205,2.2914181504138984
-2.0426995995704926,1.4705634000999974,-0.09746623977997619,4.582836300827797,0.058873199800006056,2.290822306678823
-2.0521162198415,1.4706941254740615,-0.09793075653823537,4.581644613357646,0.05861174905187766,2.290460841849752
-2.0570667417426334,1.4697483627122103,-0.10002611471094273,4.580921683699504,0.06050327457558005,2.2923752951850087
-2.0605678338579896,1.4694657417501409,-0.10119186013470163,4.584750590370017,0.061068516499718825,2.291749625784405
-2.0688895653550023,1.4692144684041353,-0.10226258050508555,4.58349925156881,0.06157106319172983,2.291224186694005
-2.082169519627195,1.4694993190348313,-0.10249686400950801,4.58244837338801,0.061001361930337804,2.2906669066834455
-2.0959095431349315,1.4697116645617392,-0.10282520898046439,4.581333813366891,0.06057667087652195,2.2900831690518757
-2.110813340740907,1.4693520618681977,-0.10405685591235736,4.580166338103751,0.06129587626360496,2.2902261752451043
-2.1268481024845847,1.469260989666713,-0.1048670185989058,4.580452350490209,0.061478020666574096,2.2899952235010423
-2.144328352731838,1.469695424033606,-0.1048478806656537,4.579990447002085,0.06060915193278804,2.2896078361944174
-2.161560405688368,1.4695408030444084,-0.10575349480355944,4.579215672388835,0.06091839391118337,2.289496717288251
-2.176718624913695,1.4699850776195094,-0.10572023740606858,4.578993434576502,0.06002984476098159,2.28881147935177
-2.196261542197349,1.4696799837647931,-0.1068752962207239,4.57762295870354,0.06064003247041385,2.288740433832605
-2.2121156118257908,1.4696511652940027,-0.10759934041038488,4.57748086766521,0.0606976694119945,2.2886544888460674
-2.230045853461882,1.4696397393737772,-0.10824051491343191,4.577308977692135,0.0607205212524454,2.2893154335890236
-2.24760504187676,1.4698548810270644,-0.10855589616390202,4.578630867178047,0.06029023794587093,2.288879520275838
-2.2614632348498502,1.4700557878535332,-0.10889895314006218,4.577759040551676,0.05988842429293316,2.2884518149034996
-2.277884811176528,1.4703761973490748,-0.10906162470112103,4.576903629806999,0.059247605301849936,2.288081301748514
-2.294159802970419,1.4702101299447556,-0.10995674053443388,4.576162603497028,0.05957974011048809,2.2889933763260375
-2.3083344680633706,1.4696938414467398,-0.11142038474801703,4.577986752652075,0.0606123171065198,2.289077891387013
-2.3207183759396113,1.4697805510157596,-0.11197049313443952,4.578155782774026,0.06043889796848033,2.288658399359169
-2.332690083058016,1.4700803555551556,-0.11214311098262442,4.577316798718338,0.059839288889688445,2.28873471061832
-2.346333539549655,1.4698319682742829,-0.11315771517551414,4.57746942123664,0.06033606345143407,2.2895536064769972
-2.356856105033316,1.469988446778163,-0.11356029110172793,4.5791072129539945,0.06002310644367391,2.2894682008818457
-2.3652835756056847,1.4693071513454914,-0.11529931593867661,4.578936401763691,0.06138569730901728,2.2901104233060106
-2.368688619262016,1.4697382860972532,-0.11529331503591614,4.580220846612021,0.06052342780549376,2.2895667509672974
-2.375698111339408,1.4701313103457763,-0.11535766318711882,4.579133501934595,0.05973737930844762,2.288902148410967
-2.3806143970862195,1.4704643847583216,-0.11549865806476002,4.577804296821934,0.059071230483356725,2.2884940231630564
-2.383302134590709,1.4695668906495956,-0.11756042584812096,4.576988046326113,0.060866218700809036,2.290407402922535
-2.3785480083630928,1.469844173660885,-0.11781700094575004,4.58081480584507,0.06031165267823029,2.28980228389266
-2.3789970247178487,1.470292399739062,-0.11777576612694801,4.57960456778532,0.05941520052187611,2.2900181782867914
-2.380668095613025,1.469315419453057,-0.12002282826053574,4.580036356573583,0.061369161093885856,2.290336182687539
-2.37425733091305,1.4693520672201823,-0.12063396093311309,4.580672365375078,0.06129586555963539,2.2901738009527515
-2.376618586774088,1.4696442702264056,-0.1208569287832695,4.580347601905503,0.06071145954718866,2.289533605270492
-2.3776526940510845,1.4691995097735235,-0.12223004163194652,4.579067210540984,0.061600980452953036,2.289983737508411
-2.3745443231276564,1.469499351231919,-0.12244886031135842,4.579967475016822,0.06100129753616217,2.28951940046446
-2.37475286965223,1.4695188717001133,-0.12308977713630737,4.57903880092892,0.060962256599773695,2.289237518185342
-2.3733837909976456,1.469560819366263,-0.12371189729234074,4.578475036370684,0.060878361267474285,2.2887877540792165
-2.372777557577602,1.469861680716436,-0.12390635875737165,4.577575508158433,0.060276638567128255,2.2883535748569255
-2.3743390056501688,1.4692769907765433,-0.12547036004976111,4.576707149713851,0.06144601844691371,2.2892108095699455
-2.370936029588931,1.4691717734290777,-0.12631699764929477,4.578421619139891,0.061656453141844765,2.2896166317733484
-2.368790140995573,1.4691808632820922,-0.1269646470557278,4.579233263546697,0.06163827343581596,2.289631863012537
-2.367769161361939,1.4690477408003308,-0.12785902593205517,4.579263726025074,0.0619045183993387,2.2893350916472803
-2.3679947618581005,1.4686306569637781,-0.12917968150008188,4.578670183294561,0.06273868607244394,2.290482011785574
-2.3669747585843437,1.4691822217596784,-0.12899547705015843,4.580964023571148,0.06163555648064362,2.289659263483553
-2.3709875085847907,1.4693467389612154,-0.12939856258480065,4.579318526967106,0.06130652207756947,2.289696126603328
-2.3664027639003997,1.4693091744275475,-0.13012059049933586,4.579392253206656,0.061381651144905305,2.2895928361810642
-2.3633168156164945,1.4694641157232775,-0.13053795812868746,4.5791856723621285,0.06107176855344519,2.2893795306723987
-2.363450861917772,1.4696695692025061,-0.130903099567193,4.5787590613447975,0.06066086159498783,2.2888570154648056
-2.3649368146266427,1.4692958321310123,-0.13219590896253045,4.577714030929611,0.06140833573797542,2.2886884416487048
-2.360515470050385,1.4697295839128883,-0.13217028511566073,4.5773768832974095,0.06054083217422356,2.288177020934214
-2.3614215874637026,1.46990855650275,-0.13255871116445805,4.576354041868428,0.06018288699449988,2.2878050310122844
-2.3619131296738676,1.4699103591185934,-0.1332166447701813,4.575610062024569,0.06017928176281352,2.287805716197754
-2.357477175775896,1.4695695371717787,-0.13441566685541012,4.575611432395508,0.060860925656442535,2.2884618885095307
-2.3523548485845724,1.470086493019336,-0.1342806406207178,4.576923777019061,0.05982701396132778,2.287665628531943
-2.352600992239502,1.4687538305741177,-0.1370681893713458,4.575331257063886,0.062492338851764646,2.2899628905894107
-2.3423356714362114,1.4690250253880934,-0.13731742610557787,4.579925781178821,0.06194994922381327,2.289448872751638
-2.342509941979075,1.4693484168773827,-0.13746493631546944,4.578897745503276,0.06130316624523474,2.2897538854816806
-2.341504404386372,1.4688727072130585,-0.13886066409158945,4.579507770963361,0.06225458557388301,2.2899053799643023
-2.336856716945289,1.469001145402917,-0.13934392408792756,4.579810759928605,0.061997709194166105,2.289480753467989
-2.3374781367850703,1.468037459296031,-0.1414826755595858,4.578961506935978,0.06392508140793818,2.292023005173139
-2.3324813190685605,1.467954069416269,-0.1423121238960097,4.584046010346278,0.06409186116746254,2.291720723656016
-2.33275566149182,1.4674771229989412,-0.14372253531082355,4.583441447312032,0.0650457540021181,2.291737387785632
-2.3325889883023727,1.4677462374266894,-0.1439753283720625,4.583474775571264,0.06450752514662184,2.2914895220367812
-2.335753339837537,1.466707032333245,-0.1462733233346238,4.5829790440735625,0.06658593533351066,2.292241353927572
-2.3324510878376943,1.4667949799699918,-0.14682146138086588,4.584482707855144,0.0664100400600169,2.2917193526594812
-2.340745559336233,1.4665455954343662,-0.14788129402132616,4.5834387053189625,0.06690880913126791,2.2920113250866887
-2.348783938821599,1.466913363315128,-0.14799375448070806,4.584022650173377,0.06617327336974455,2.2913158183785627
-2.3594343352046443,1.4667773015852834,-0.14886724136068716,4.582631636757125,0.06644539682943343,2.292074415525939
-2.367532032167392,1.4671623879302154,-0.14894727965182555,4.584148831051878,0.06567522413956961,2.2915679933505966
-2.378780878416828,1.467379360032267,-0.1492970513943473,4.583135986701193,0.06524127993546595,2.2910167021210723
-2.385663699637729,1.467240104269276,-0.15019574379981915,4.582033404242145,0.06551979146144814,2.290928054371368
-2.3933959244264864,1.4669520598477137,-0.15133398393365233,4.581856108742736,0.06609588030457256,2.291020611972187
-2.40237515435395,1.467170731776935,-0.15167879508207663,4.582041223944374,0.0656585364461303,2.2906937607171267
-2.413948811116953,1.4662162425345213,-0.15385827328428614,4.581387521434253,0.06756751493095758,2.291964338118702
-2.419765901628626,1.4664827445759054,-0.1541110333093662,4.583928676237404,0.06703451084818925,2.292047361568106
-2.4364238451728513,1.4668545718051815,-0.15418388235528963,4.584094723136212,0.0662908563896372,2.2919195492211792
-2.4470319138174976,1.466769915748589,-0.15498959452753244,4.5838390984423585,0.06646016850282219,2.2921560706041935
-2.4555481911336123,1.4669773737420602,-0.15532770219065742,4.584312141208387,0.06604525251587988,2.292381699748174
-2.4670515795612977,1.4671765328231583,-0.15568974197856958,4.584763399496348,0.06564693435368378,2.293402422717893
-2.475069630747041,1.4669217266254486,-0.15679215783853864,4.586804845435786,0.06615654674910315,2.293214667823363
-2.4811969498774227,1.4674953508083302,-0.15658248527159957,4.586429335646726,0.06500929838334005,2.2923772184481908
-2.4865803719557977,1.467176493696582,-0.15777508310908497,4.5847544368963815,0.06564701260683606,2.2932136796894365
-2.4826943851667442,1.4667386320714513,-0.15917367517566264,4.586427359378873,0.06652273585709785,2.2935545788572718
-2.477466210089069,1.4670091894879738,-0.1594438847669798,4.5871091577145435,0.06598162102405275,2.2930187386291063
-2.4772166939921343,1.466792765370748,-0.16046539188167525,4.586037477258213,0.06641446925850426,2.293304162532711
-2.4698269554558836,1.4668606131357913,-0.1610453281745877,4.586608325065422,0.06627877372841746,2.2929183183113215
-2.4642835744284746,1.467118148827129,-0.16131194798087342,4.585836636622643,0.06576370234574203,2.2928855498155216
-2.457426408069198,1.466875477075456,-0.16237256140257156,4.585771099631043,0.06624904584908797,2.2936671561253097
-2.4498489166491204,1.4672645762094014,-0.16243635121955816,4.587334312250619,0.06547084758119691,2.29315453709629
-2.444132522929692,1.46735387306688,-0.1629671914875883,4.58630907419258,0.06529225386623973,2.293375319787717
-2.4374561114896425,1.467610503301826,-0.16323833342174182,4.586750639575434,0.06477899339634786,2.293006483522205
-2.4318186237858557,1.467859999260706,-0.16351536014034082,4.58601296704441,0.06428000147858814,2.2928957970669566
-2.4239377183655035,1.466467310198953,-0.1663943177194723,4.585791594133913,0.06706537960209445,2.294689141671385
-2.4090483569632903,1.4662059161766052,-0.16747975799205644,4.58937828334277,0.0675881676467899,2.295603031396077
-2.403114497923755,1.4664602435828868,-0.16774806630449543,4.591206062792154,0.06707951283422676,2.295490312581906
-2.3961276129635065,1.4667976103691347,-0.1678784550589335,4.590980625163812,0.0664047792617311,2.2950888851298665
-2.3895278966890645,1.4671063934269877,-0.16807659480059423,4.590177770259733,0.06578721314602519,2.2944763523593443
-2.3832548725952956,1.4676222084437107,-0.16795043771146395,4.588952704718689,0.06475558311257913,2.293838229819396
-2.3755001528612762,1.467430835855202,-0.1689379979187869,4.587676459638792,0.06513832828959648,2.2938940978054894
-2.3635155344398098,1.4670474868144925,-0.17021312121868318,4.587788195610979,0.06590502637101556,2.294544955729216
-2.3532445076119006,1.4663348026305045,-0.17202548371605975,4.589089911458432,0.0673303947389913,2.2947109453324006
-2.3428984653963028,1.4650983831603142,-0.17467518523710046,4.589421890664801,0.06980323367937197,2.2956390674355247
-2.3401080765712496,1.4653767800542723,-0.17491182922317539,4.591278134871049,0.06924643989145547,2.2952081191319738
-2.34451779313277,1.4655477163378978,-0.1753245730406059,4.5904162382639475,0.06890456732420434,2.294787219581467
-2.3456598982370895,1.4656009206787446,-0.175906708351078,4.589574439162934,0.06879815864251079,2.2948203048164824
-2.3474758727431198,1.4655618407033724,-0.1766557819621197,4.589640609632965,0.06887631859325513,2.2947875096618926
-2.348145124616958,1.4650223015272619,-0.1782105591048038,4.589575019323785,0.06995539694547634,2.2944585134264455
-2.3483413825338997,1.4647384262523702,-0.17937694656920197,4.588917026852891,0.07052314749525992,2.294684663123221
-2.3530852990101043,1.4645584604740407,-0.18032796760189154,4.589369326246442,0.07088307905191897,2.2961746083066754
-2.358609221842941,1.465116963386558,-0.18014630708550464,4.592349216613351,0.06976607322688429,2.2954932988364725
-2.3695109300525576,1.4653308987483669,-0.18048530561343004,4.590986597672945,0.06933820250326657,2.2955423559424846
-2.3759464849491447,1.4655698014052485,-0.1807987739586195,4.591084711884969,0.06886039718950324,2.295012540258763
-2.3829368715092176,1.465694807436527,-0.18127794499401964,4.590025080517526,0.0686103851269463,2.295072327212991
-2.389927163339757,1.4662613010052872,-0.1810693087625562,4.590144654425982,0.06747739798942608,2.2943339016190354
-2.3927085615381407,1.4654239140444092,-0.18306797003961794,4.588667803238071,0.06915217191118196,2.2946740965277543
-2.386173742882749,1.46537858934857,-0.1838164863885579,4.589348193055509,0.06924282130286048,2.294680066893031
-2.386331724337978,1.4655797892565021,-0.18417662220496644,4.589360133786062,0.06884042148699626,2.294410107504351
-2.3893865959389835,1.4658470359362863,-0.1844264949934519,4.588820215008702,0.0683059281274277,2.2944587295339103
-2.393366062360487,1.465428696146241,-0.18577814088664152,4.588917459067821,0.06914260770751822,2.295353144285734
-2.39788728371816,1.4650110039282789,-0.18713446645228224,4.590706288571468,0.06997799214344265,2.2957631570573414
-2.40329588734014,1.4654883614604393,-0.18705986858316917,4.591526314114683,0.06902327707912179,2.2953035293089377
-2.4111043011846522,1.4657573352422868,-0.18731316665314193,4.590607058617875,0.06848532951542653,2.295254403004745
-2.412190090128041,1.4647850443805346,-0.18950631356252182,4.59050880600949,0.07042991123893118,2.296863964962027
-2.403970705359358,1.4648180433382318,-0.19012740965423572,4.593727929924054,0.07036391332353668,2.297056657719547
-2.4033828215390542,1.4649333672091773,-0.19066166172638002,4.594113315439094,0.07013326558164587,2.29670332508639
-2.4035767997518596,1.465098534005329,-0.19111740528290871,4.59340665017278,0.06980293198934232,2.296347449559752
-2.4034400219925667,1.4654853022398298,-0.19119781326303897,4.592694899119504,0.0690293955203409,2.2957201193211607
-2.4027050530807217,1.4658578731848988,-0.19129482666070136,4.591440238642321,0.0682842536302026,2.295679871957735
-2.3972029619846333,1.4654082555885781,-0.1926762693103955,4.59135974391547,0.06918348882284404,2.2963205115195007
-2.3859634778559387,1.465350362593187,-0.1934136741569318,4.592641023039001,0.06929927481362627,2.296840483120847
-2.3767407887249012,1.465822099893086,-0.19336331747108812,4.593680966241694,0.06835580021382823,2.296302058611229
-2.3734241292565503,1.464121479855944,-0.1966888542414217,4.592604117222458,0.07175704028811196,2.2997340042145415
-2.362584536328279,1.464289565027571,-0.1971301380209168,4.599468008429083,0.07142086994485841,2.299610293862871
-2.3633657134162775,1.464307566832769,-0.19777522222984933,4.599220587725742,0.07138486633446217,2.2996053728809818
-2.3636379066215234,1.4641976139538606,-0.19862356827574365,4.5992107457619635,0.0716047720922788,2.300022245850488
-2.3681617878051306,1.4643817146520866,-0.19901899880068558,4.600044491700976,0.07123657069582678,2.299897251278374
-2.3708528602341423,1.464516909410375,-0.19951705912402865,4.599794502556748,0.07096618117925,2.299468460201727
-2.3722784963308694,1.4636956025784151,-0.20148463448645745,4.598936920403454,0.07260879484316947,2.300204357078926
-2.3717279016947446,1.4621420428896543,-0.2046482135452945,4.600408714157852,0.07571591422069113,2.301515057951199
-2.3739535361235427,1.462378770487239,-0.20499758411793115,4.603030115902398,0.07524245902552179,2.30100441186825
-2.3843333406303167,1.4626094823504434,-0.20534091867046506,4.6020088237365,0.07478103529911317,2.3005164566251417
-2.3917919603923057,1.4629623594583143,-0.20548685602367583,4.601032913250283,0.07407528108337152,2.3002305822055544
-2.4016861687556066,1.4635256216832093,-0.20530082303827457,4.600461164411109,0.07294875663358141,2.2996641310849264
-2.4116975268436893,1.4640235066550678,-0.20520478532762415,4.599328262169853,0.07195298668986437,2.2990734078450688
-2.413657088410531,1.4642706239329453,-0.20549293016055548,4.5981468156901375,0.07145875213410954,2.298780708791089
-2.41173249199191,1.4641209760287903,-0.20638831105638847,4.597561417582178,0.07175804794241952,2.2992431619347156
-2.408024723215162,1.463746519674165,-0.20768156097065846,4.598486323869431,0.07250696065166992,2.3007885143540183
-2.405263250033423,1.4635169921485787,-0.20877029579527262,4.601577028708037,0.07296601570284285,2.3005714500093934
-2.4068726064898835,1.4630888422658679,-0.21010293588935874,4.601142900018787,0.0738223154682644,2.3012706149981623
-2.4113959097361772,1.463422786663098,-0.21026564627962177,4.602541229996325,0.07315442667380419,2.3016302628349936
-2.4177772380273996,1.4636232082502363,-0.21063738535210857,4.603260525669987,0.07275358349952758,2.3012224689527447
-2.42156029100083,1.4638843524603344,-0.21093839180631402,4.6024449379054895,0.07223129507933125,2.300561526096167
-2.4275494437444074,1.4631201517139054,-0.21280044622202093,4.601123052192334,0.07375969657218938,2.3015776844655256
-2.423660068240845,1.4636115556377705,-0.2127217831967513,4.603155368931051,0.07277688872445952,2.3012267210525277
-2.4267310402045643,1.463344007845947,-0.2138447855797032,4.602453442105055,0.07331198430810641,2.3015440992194005
-2.4244595262847213,1.4637955010276529,-0.21381138303315755,4.603088198438801,0.07240899794469441,2.301203514703977
-2.4245917845189684,1.463926015761472,-0.2142709201101452,4.602407029407954,0.07214796847705619,2.3012826298300793
-2.421848779518424,1.4641904950582245,-0.2145447260110703,4.6025652596601585,0.071619009883551,2.3008907420196096
-2.419334360469228,1.4639037411750417,-0.21569053703003216,4.601781484039219,0.07219251764991648,2.3010361783542383
-2.4105985660580096,1.4636660731322046,-0.2167758392451092,4.602072356708477,0.0726678537355905,2.300843900136673
-2.3978514407636675,1.463246807714434,-0.21816972316999067,4.601687800273346,0.07350638457113162,2.3007038164276388
-2.3869113526265653,1.4628020943371294,-0.21958118298425017,4.6014076328552775,0.0743958113257409,2.3005730780007543
-2.378934740573043,1.4632058873400597,-0.2196440727741403,4.601146156001509,0.07358822531988032,2.3000535124355883
-2.3771049999226195,1.4631974450512004,-0.22036246475585688,4.600107024871177,0.07360510989759916,2.3003783217988265
-2.3760754342702737,1.463475466927376,-0.22061674382116417,4.600756643597653,0.07304906614524828,2.3003614169482667
-2.3793110060823395,1.4640942595617084,-0.2203491286394826,4.600722833896533,0.07181148087658341,2.2994906331376166
-2.383333789488135,1.4631364007563017,-0.22258883492182102,4.598981266275233,0.07372719848739695,2.299573584897266
-2.3767484386643867,1.4626721424420124,-0.22400955764222313,4.599147169794532,0.07465571511597546,2.30002043423302
-2.373504028802003,1.463166893386507,-0.22393376130187984,4.60004086846604,0.07366621322698629,2.2992910031607083
-2.3736908639730574,1.4628690668921378,-0.22508596718711701,4.598582006321417,0.07426186621572453,2.299440381113126
-2.366866101711108,1.4632963819145963,-0.22509719892507404,4.598880762226252,0.07340723617080741,2.298933171649198
-2.3652201479369195,1.4635673795591977,-0.22535214749074556,4.597866343298396,0.07286524088160448,2.2988854057815797
-2.3617335135041735,1.4639398032022275,-0.22546734391324652,4.5977708115631595,0.07212039359554479,2.2985053581065893
-2.3585753711905078,1.464138256509374,-0.2258431692999247,4.597010716213179,0.07172348698125192,2.298046500900074
-2.3500219913892604,1.4639368857756463,-0.22685284103324757,4.596093001800148,0.0721262284487073,2.298315661829994
-2.3428063280517932,1.46322178183465,-0.22864499221502133,4.596631323659988,0.07355643633069976,2.2995462111512706
-2.33421249723721,1.4623763837056756,-0.2306501838036639,4.599092422302541,0.07524723258864847,2.3008397905693387
-2.331057558761265,1.46179189858354,-0.23229103258413944,4.6016795811386775,0.07641620283291928,2.3009956503667413
-2.332571513773866,1.4615476923260209,-0.23338522477981097,4.6019913007334825,0.07690461534795749,2.3011416455406573
-2.338977324419246,1.4616971763242397,-0.23385481362266672,4.6022832910813145,0.07660564735152005,2.3007718296687627
-2.3464808699951334,1.461446108644358,-0.2349516638504518,4.601543659337525,0.07710778271128363,2.301180210772779
-2.3513670072680135,1.4611744557612232,-0.23609119725672031,4.602360421545558,0.07765108847755305,2.3018334066203727
-2.3556863665536762,1.4601831831221403,-0.23840592924010628,4.6036668132407454,0.07963363375571886,2.303032068672215
-2.3575531954941624,1.4591703634084423,-0.24068080242901813,4.60606413734443,0.08165927318311511,2.3047111769405393
-2.3656403423391206,1.4597353330902754,-0.24050483942099202,4.609422353881079,0.08052933381944893,2.304044561221316
-2.3815930191264045,1.4601523918341033,-0.24055625219667143,4.608089122442632,0.0796952163317933,2.3039422480044713
-2.394856910030895,1.4602566814169013,-0.24109013649774658,4.607884496008943,0.07948663716619703,2.303847502577772
-2.4109410606033066,1.460856936102898,-0.24086188321076785,4.607695005155544,0.07828612779420356,2.3029828802718773
-2.424203854542559,1.461013876264084,-0.24131535698207818,4.6059657605437545,0.07797224747183136,2.3030764587688615
-2.4296274014499524,1.4613397571709728,-0.2414982380256593,4.606152917537723,0.07732048565805404,2.3025095717854045
-2.4379699998519015,1.4605388549400562,-0.24343730115953716,4.605019143570809,0.07892229011988697,2.3037057490358297
-2.440101133034819,1.460640635831342,-0.24398696015234447,4.607411498071659,0.07871872833731529,2.3031788950155057
-2.4503023379053506,1.4607742890952982,-0.24448359880154982,4.606357790031011,0.0784514218094029,2.3028445849622545
-2.461518226439836,1.4607078440720107,-0.245299642017212,4.605689169924509,0.07858431185597768,2.3030802369541497
-2.47369276600251,1.4608309081590303,-0.24576668269784477,4.606160473908299,0.07833818368193875,2.3043132718524637
-2.4876910818711,1.4614246086170493,-0.24553923514271292,4.608626543704927,0.07715078276590064,2.3036612690392126
-2.501045565876068,1.4595026003933842,-0.2492806618598393,4.607322538078425,0.08099479921323081,2.3057021071961272
-2.4999249920241464,1.4592969340689597,-0.250298413714662,4.6114042143922545,0.08140613186207998,2.306409444472154
-2.5059250823483397,1.4582836012086076,-0.2526311028513261,4.612818888944308,0.08343279758278407,2.3077229111713433
-2.5078810647417726,1.4579726572553429,-0.2538535385248417,4.615445822342687,0.08405468548931329,2.30780037433347
-2.514048221367572,1.457629559480561,-0.2551205142138898,4.61560074866694,0.08474088103887686,2.307821325602318
-2.5220219242946182,1.4572151407959413,-0.2565076942076656,4.615642651204636,0.08556971840811625,2.3081765816888593
-2.529830754494169,1.4570529793146207,-0.25750733015986305,4.616353163377719,0.08589404137075722,2.3076827866095972
-2.538498676336591,1.457212397883228,-0.2579516905049458,4.6153655732191945,0.08557520423354253,2.308508118406214
-2.5445022823619134,1.4573749390271304,-0.2584246653382639,4.617016236812428,0.08525012194573778,2.308478353247169
-2.545170864704477,1.4566559129505947,-0.26031757556702895,4.616956706494338,0.08668817409880929,2.3089905517662084
-2.54656230597581,1.4561473380182428,-0.2618609478330059,4.617981103532417,0.08770532396351322,2.3090272416479927
-2.553871526086942,1.4564838556567288,-0.26206606604329197,4.618054483295985,0.08703228868654127,2.30865874255037
-2.565866591079951,1.4569772743740994,-0.2619889814727619,4.61731748510074,0.08604545125180021,2.3081534822974454
-2.5810600779497537,1.4564631627115618,-0.2635096208570361,4.616306964594891,0.08707367457687556,2.3090795902513737
-2.5909102003172433,1.4565251925360618,-0.26409916807588996,4.618159180502747,0.08694961492787544,2.309297324222977
-2.606320515192599,1.4567479211736851,-0.2644349484345472,4.618594648445954,0.086504157652629,2.311530311084096
-2.618157231532245,1.45675701710831,-0.26510986981287393,4.623060622168192,0.08648596578337914,2.312185824776656
-2.6284007255628845,1.4571014206333013,-0.26528314836144873,4.624371649553312,0.08579715873339636,2.3119618340940886
-2.639866251027996,1.4569903930651478,-0.26618830394930715,4.623923668188177,0.08601921386970346,2.31184092312142
-2.6473317324784222,1.4571014207158681,-0.26670709333537057,4.62368184624284,0.08579715856826266,2.3122019479882723
-2.656332520508755,1.4576268369671157,-0.2666049460411282,4.6244038959765446,0.08474632606576743,2.3120752706465337
-2.6704964162126945,1.45732230118064,-0.2678190894960112,4.6241505412930675,0.08535539763871888,2.3120104673371937
-2.6714354745272795,1.45732427805554,-0.2685315227672563,4.6240209346743875,0.08535144388891878,2.311624225516984
-2.6732242159240274,1.4574064842668915,-0.26911289777448066,4.623248451033968,0.08518703146621592,2.3116399020587393
-2.670623599864278,1.4565083356372037,-0.27123493049937647,4.6232798041174785,0.08698332872559156,2.31374534994596
-2.663145372957565,1.456555302413392,-0.2718723073363828,4.62749069989192,0.086889395173215,2.314366750411822
-2.659845157057253,1.456957210607999,-0.2719676803316969,4.628733500823644,0.08608557878400082,2.3139876632545513
-2.654918000577559,1.4574854041652827,-0.2718439035698185,4.627975326509103,0.08502919166943354,2.3136602978946854
-2.646632440433802,1.4572072990306457,-0.273010921826816,4.627320595789371,0.08558540193870748,2.314015143141826
-2.6331041047322583,1.457230651847921,-0.27370160473302857,4.628030286283652,0.08553869630415704,2.313990293763514
-2.6224079717956803,1.4553405581639791,-0.27740783232957983,4.627980587527028,0.08931888367204059,2.318139704886259
-2.6034045569272433,1.4552159589628302,-0.27834258426887554,4.636279409772518,0.08956808207433851,2.3181192255969973
-2.5931762775949947,1.4555911244293975,-0.27849254422453135,4.636238451193995,0.08881775114120402,2.317745456376737
-2.5868419337925634,1.45579638966316,-0.27887170967023595,4.635490912753474,0.08840722067367879,2.3180848752396055
-2.581191931521837,1.4560118869687604,-0.2792391275273352,4.636169750479211,0.08797622606247822,2.3187358132127516
-2.5721675974228013,1.4564442760093375,-0.2792948152576921,4.637471626425503,0.08711144798132404,2.3180457728904766
-2.5628770069491256,1.456508864235632,-0.2798932075794306,4.636091545780953,0.0869822715287349,2.318165844577987
-2.551336407721173,1.4566741809016421,-0.28033845021540527,4.636331689155974,0.08665163819671497,2.319122201140201
-2.539959403361147,1.4562545195228027,-0.28170858563429446,4.638244402280402,0.08749096095439388,2.3197468859331827
-2.528497844671412,1.45636569797065,-0.28227992926906703,4.639493771866365,0.08726860405869923,2.319355138368856
-2.519981354281014,1.4562850992408993,-0.28312897389109853,4.638710276737712,0.08742980151820084,2.319734040317444
-2.5113387418882724,1.455437712551201,-0.2852107292229875,4.639468080634888,0.08912457489759767,2.320671439485804
-2.5051018670609295,1.4551513554377196,-0.286390261351528,4.641342878971608,0.08969728912456046,2.321868758016759
-2.5027443469090964,1.4555560167393577,-0.2864850843313151,4.643737516033518,0.08888796652128401,2.3215558703634986
-2.5039179579806374,1.4557553322835313,-0.286885715578636,4.643111740726997,0.08848933543293679,2.321421416365803
-2.503005658424683,1.4560735398708218,-0.2871054973673408,4.642842832731606,0.0878529202583557,2.321033209655324
-2.4981800444381967,1.4566339336764644,-0.2869485428874677,4.642066419310648,0.08673213264707039,2.320641022109228
-2.492805361399257,1.455743399615303,-0.28910436427732567,4.641282044218456,0.08851320076939324,2.3211790270172687
-2.4826404936547926,1.4561039718300908,-0.2892466149716885,4.6423580540345375,0.08779205633981782,2.3210833100532233
-2.4832899554528867,1.4555342828004805,-0.29086976208080567,4.642166620106447,0.08893143439903835,2.3218655584442818
-2.478570967091687,1.4561323907203445,-0.29064744603164094,4.6437311168885635,0.08773521855931013,2.3211154885203267
-2.4797696052832574,1.4561028601561048,-0.2914108229912601,4.642230977040653,0.08779427968778962,2.3216219889852443
-2.4690024549821925,1.4567062759609088,-0.29118182060676856,4.643243977970489,0.08658744807818172,2.321024735177261
-2.4597500420141247,1.4561582602134027,-0.2927549119755989,4.642049470354522,0.08768347957319407,2.321823995419345
-2.4456933603981112,1.4559215768274942,-0.2938123426119324,4.64364799083869,0.08815684634501111,2.3225461727244596
-2.4361948033063943,1.4558232045132247,-0.29467234352364235,4.645092345448919,0.08835359097355014,2.3233593839253386
-2.429605153741486,1.4549563575371376,-0.29676463302944917,4.646718767850677,0.09008728492572426,2.3252154068174384
-2.424458397845828,1.4542468075986015,-0.2985871842785327,4.650430813634877,0.09150638480279642,2.32675082730693
-2.4237585545183524,1.4545328174589929,-0.2988570774241249,4.65350165461386,0.09093436508201373,2.3266031994745773
-2.429648302969323,1.4550721746603554,-0.29873210732080174,4.6532063989491546,0.08985565067928858,2.326607674453403
-2.4331440758225744,1.4553222829038885,-0.2990748287260704,4.653215348906806,0.0893554341922225,2.326308327245596
-2.433176656087959,1.4553055759276337,-0.2998428918260915,4.652616654491192,0.08938884814473241,2.3260663196661673
-2.43102699132119,1.4551738416179048,-0.30080135586666856,4.652132639332335,0.08965231676419028,2.3260078431038056
-2.425554273602457,1.4552008847381213,-0.3014747121251675,4.652015686207611,0.08959823052375725,2.3259205314611964
-2.4200642313714296,1.455723886709648,-0.30138924783313203,4.651841062922393,0.0885522265807035,2.3254201669714605
-2.4182975659164523,1.4561759926836464,-0.3014024879932572,4.650840333942921,0.0876480146327066,2.3259668688457853
-2.4142620505400947,1.454964987064002,-0.304026383088864,4.651933737691571,0.09007002587199527,2.327870615715848
-2.405217253655687,1.455303244977981,-0.30424876273438983,4.655741231431696,0.08939351004403723,2.3272399806186286
-2.408541802418849,1.4553924604292479,-0.3048537328735869,4.654479961237257,0.08921507914150359,2.3267989378586904
-2.406161962298013,1.455282941232873,-0.30579433516122606,4.653597875717381,0.08943411753425365,2.3264725535351976
-2.4050714182197126,1.455622622470582,-0.3059890052493137,4.652945107070395,0.08875475505883554,2.3261039967979387
-2.4035482531436325,1.4546264566115614,-0.30828317565393326,4.652207993595877,0.09074708677687676,2.3279873073560164
-2.4011416294797554,1.4550334812350787,-0.3083751035479542,4.655974614712033,0.08993303752984222,2.3274132887241294
-2.406138860396898,1.45510732294415,-0.30898004855178124,4.654826577448259,0.08978535411169977,2.327312822205121
-2.412481262218675,1.4552828568320193,-0.309447691629377,4.654625644410242,0.08943428633596125,2.327122060038685
-2.4165976426784024,1.4555851153519717,-0.3096998891284463,4.65424412007737,0.08882976929605658,2.327381462239172
-2.419192666970149,1.4562316819256145,-0.30942076020630976,4.654762924478344,0.08753663614877108,2.326522178815768
-2.4206030079075647,1.4562485828723648,-0.3101297677132899,4.653044357631536,0.08750283425527057,2.3266772714370445
-2.4121578168722504,1.4564271159987938,-0.3105680968704779,4.653354542874089,0.08714576800241274,2.3273256989402573
-2.4012681745237616,1.4567231260899887,-0.31082232708902546,4.654651397880515,0.0865537478200231,2.3269111522161574
-2.391364679785171,1.4560525965198308,-0.3126240662825799,4.653822304432315,0.087894806960339,2.3273617085114924
-2.3809286708988866,1.4559562400223638,-0.3135029405529513,4.654723417022985,0.08808751995527317,2.3275990424430466
-2.3760787297374266,1.4562125406724877,-0.31383971867152116,4.655198084886093,0.08757491865502527,2.3274656066045964
-2.3726146748889603,1.456868670977223,-0.3135431879677094,4.654931213209193,0.08626265804555472,2.326594846005151
-2.3683693587491237,1.4560619689051426,-0.31554468123478246,4.653189692010302,0.08787606218971547,2.327746893816142
-2.3556401277180496,1.4555159151244448,-0.3171434760087112,4.655493787632284,0.08896816975111128,2.3295558233060376
-2.3500970607134404,1.4552164230551974,-0.31837990211251715,4.659111646612075,0.08956715388960602,2.3291578729996947
-2.350208610204346,1.4549270712350029,-0.31960475040643843,4.658315745999389,0.0901458575299949,2.329842416074983
-2.3474852469849994,1.4552694299289504,-0.31980906767490436,4.659684832149966,0.08946114014209976,2.329479676052085
-2.3496452392484164,1.455759434264848,-0.31977061200334506,4.65895935210417,0.08848113147030412,2.328846680923635
-2.35091992803341,1.4557864015950854,-0.32048499814768955,4.65769336184727,0.08842719680982938,2.328329525601797
-2.347661050011684,1.4561631475301404,-0.32064192189269997,4.656659051203594,0.08767370493971959,2.327777036649897
-2.347182206823609,1.4558747067286937,-0.32181284204704674,4.655554073299794,0.08825058654261309,2.328181125171429
-2.339399637167711,1.4558854194364836,-0.3225259317128242,4.656362250342858,0.0882291611270332,2.329160431477186
-2.3360519546959013,1.4559812501212952,-0.3231188560732734,4.658320862954372,0.08803749975741021,2.329025882819263
-2.3333727302863085,1.45533600327953,-0.32484026002555794,4.658051765638526,0.0893279934409409,2.3301586209292777
-2.329424979152856,1.4559713477530982,-0.32458120543767305,4.6603172418585554,0.08805730449380433,2.3293989664883004
-2.333075512657536,1.456155743575654,-0.3250241166564271,4.658797932976601,0.08768851284869285,2.3291614482059564
-2.3360838268682427,1.4560739980142057,-0.3258614836013414,4.658322896411913,0.08785200397158956,2.330012007702917
-2.3378092135604693,1.4564800148013008,-0.32597187329407695,4.660024015405834,0.08703997039739933,2.329500552079671
-2.3422187340833975,1.4566086789148196,-0.32652907597707276,4.659001104159342,0.08678264217036187,2.329123068587302
-2.3453579605963606,1.4561163652099172,-0.32800633082910086,4.658246137174604,0.08776726958016662,2.33040399166663
-2.3438155201551005,1.4568166612977096,-0.32764704364164465,4.66080798333326,0.0863666774045816,2.3294849757069436
-2.3469538202903735,1.4566682257515267,-0.3286038241139121,4.658969951413887,0.0866635484969476,2.3297977042410616
-2.3433074816518484,1.4571473589200012,-0.3285793466364886,4.659595408482123,0.0857052821599982,2.3292571364757695
-2.3469768990304836,1.4571785882184265,-0.3292928622554422,4.658514272951539,0.08564282356314762,2.328910766672723
-2.343572296335959,1.4578018625209321,-0.32904334446534234,4.657821533345446,0.08439627495813631,2.328317583152782
-2.33939191686507,1.4580141482783233,-0.329436643419026,4.656635166305564,0.08397170344335413,2.3277739992710393
-2.328534946208758,1.457803005900227,-0.3304892137573898,4.655547998542079,0.08439398819954702,2.3284264706474826
-2.3143393765457283,1.457815209094618,-0.3312007333551623,4.656852941294965,0.08436958181076491,2.328293446064908
-2.3035417729262835,1.4575393242009596,-0.3323779115502811,4.656586892129816,0.08492135159808177,2.328735622125467
-2.294943934576778,1.4561704668593478,-0.33529996375249466,4.657471244250934,0.08765906628130518,2.3296935753871715
-2.284911890189906,1.456851176228807,-0.33496055452869566,4.659387150774343,0.08629764754238682,2.3293639283288896
-2.286998521351249,1.4572554889144849,-0.33506404262520995,4.658727856657779,0.08548902217103098,2.3287174462063605
-2.2821076127962763,1.4573491875162032,-0.33562551288029735,4.657434892412721,0.08530162496759419,2.3287395781246434
-2.2743982504465903,1.457007847373905,-0.336891078559633,4.657479156249287,0.08598430525219064,2.3288376627142604
-2.2656995072009805,1.4571446665440728,-0.3373918603858635,4.657675325428521,0.08571066691185517,2.3298055480137463
-2.257331891934779,1.4577814206601285,-0.3371217340259682,4.659611096027493,0.08443715867974384,2.329442427235468
-2.2541118637074353,1.4574758473406622,-0.33834229308464014,4.658884854470936,0.08504830531867667,2.329798175950887
-2.24516797818548,1.457514599175315,-0.3389941838536186,4.659596351901774,0.08497080164937099,2.3302028584848684
-2.2382364290934893,1.457762292570833,-0.3393633936413073,4.660405716969737,0.08447541485833508,2.3296828472462807
-2.2340550189249595,1.4579961080343748,-0.33973748625488664,4.659365694492561,0.08400778393125126,2.3293288484679553
-2.229481921207845,1.457717683812194,-0.34092700935391607,4.658657696935911,0.08456463237561317,2.3294068420441363
-2.220785429469883,1.4559120337077416,-0.344547891851688,4.658813684088273,0.08817593258451785,2.330583347167342
-2.2152974420320244,1.4565437072854885,-0.344286924653804,4.661166694334684,0.08691258542902375,2.330044642565799
-2.221378030471621,1.4565486702962156,-0.3449712756569482,4.660089285131598,0.08690265940756949,2.3314952299436444
-2.2247540457242785,1.4569383307962234,-0.34508873450462924,4.662990459887289,0.08612333840755397,2.3309183146534482
-2.229516986721813,1.4550014033155751,-0.34889712015330715,4.6618366293068965,0.08999719336885023,2.3344027312829603
-2.2306902333332963,1.4555987201668739,-0.34868838287048853,4.6688054625659205,0.0888025596662526,2.33409401566061
-2.2457260897451397,1.4550047962669006,-0.35038467030646386,4.66818803132122,0.08999040746619907,2.334135365898733
-2.2533149473461425,1.4553477364934022,-0.3505882765886731,4.668270731797466,0.08930452701319588,2.333539326226083
-2.265920571196687,1.4556404847005142,-0.35086053345839285,4.667078652452166,0.08871903059897186,2.3332352305878095
-2.2756553127844406,1.4557250753777686,-0.35147898615853934,4.666470461175619,0.0885498492444629,2.333189656518328
-2.278810972752833,1.455231054514199,-0.3529923456058521,4.666379313036656,0.08953789097160188,2.3339700645889367
-2.2853721293252174,1.4559515816485082,-0.35259732241303704,4.6679401291778735,0.08809683670298338,2.3331965427591252
-2.2993678083442988,1.4560362372665525,-0.35315937952915416,4.6663930855182505,0.08792752546689489,2.3334422754396473
-2.305901683032455,1.456028586214112,-0.3539116598476585,4.666884550879295,0.08794282757177581,2.3331177668200924
-2.3102881231112553,1.4550634953103172,-0.35621866244709466,4.666235533640185,0.08987300937936524,2.3343622880922115
-2.31279809304359,1.45537455072327,-0.35646613697258483,4.668724576184423,0.08925089855345966,2.333959689914878
-2.326636699902485,1.4556107634781315,-0.35682987184580023,4.667919379829756,0.08877847304373701,2.3335356409983277
-2.337273283180684,1.4556415205303705,-0.3575191038170993,4.667071281996655,0.08871695893925867,2.3338689592832838
-2.3462133865419483,1.4549586391818587,-0.3593145230116384,4.6677379185665675,0.09008272163628217,2.3358085426886177
-2.354299253490141,1.4553084572678872,-0.35951848661259395,4.671617085377235,0.0893830854642254,2.3355658757941913
-2.3687224416979573,1.4545917183771222,-0.36139139883159876,4.671131751588383,0.09081656324575509,2.336911783244114
-2.377048370311282,1.4550024640855097,-0.36146757199022755,4.673823566488228,0.08999507182898027,2.336716000822391
-2.3847889549829557,1.4553286876391014,-0.36169921800682586,4.673432001644782,0.08934262472179676,2.3363295624772973
-2.3941063151917548,1.4545214949631282,-0.3637021967869249,4.672659124954595,0.09095701007374316,2.337656698032101
-2.3983901887791808,1.4552129547474784,-0.363355165492334,4.675313396064202,0.08957409050504307,2.336769350890668
-2.411544778941021,1.4552927882857778,-0.3639764603292374,4.673538701781336,0.0894144234284441,2.336640516850325
-2.4109432084241202,1.4556871685089317,-0.3641180215501991,4.67328103370065,0.08862566298213623,2.335937203656521
-2.4143654395655734,1.4556455755194506,-0.3649655081721366,4.671874407313042,0.08870884896109847,2.3354718148066906
-2.4115245715272176,1.4550142920775777,-0.36670752109708127,4.670943629613381,0.08997141584484437,2.338095547325118
-2.408903369717863,1.4546313424874546,-0.3680766946839652,4.676191094650236,0.09073731502509066,2.33860873482125
-2.4106969131538865,1.4549953614400746,-0.3682432827334563,4.6772174696425,0.09000927711985085,2.338178225172949
-2.4161910291822757,1.4552355759771547,-0.36860257386615,4.676356450345898,0.08952884804569075,2.338002157689153
-2.4169275328259596,1.4541577603264568,-0.37108517249243184,4.676004315378306,0.09168447934708647,2.339361054842865
-2.4193693605113564,1.4542956152656095,-0.3715820871937092,4.67872210968573,0.09140876946878139,2.340088662872586
-2.4292205899104626,1.4541517003876878,-0.37254653406835087,4.680177325745172,0.09169659922462457,2.340766793437735
-2.4373617265009253,1.4531463092439127,-0.37489737370542875,4.68153358687547,0.0937073815121746,2.3419873835464595
-2.43993435885682,1.4535750070251854,-0.3749786026966013,4.683974767092919,0.09284998594962947,2.341573578723605
-2.4515212713655474,1.4538125210103452,-0.37538259979792116,4.68314715744721,0.09237495797930964,2.341107463552164
-2.461139281791276,1.454540328286455,-0.374992678326547,4.682214927104328,0.09091934342708995,2.34024454823864
-2.4707026501374583,1.454960625641559,-0.3751102757268259,4.68048909647728,0.09007874871688214,2.3395015358279454
-2.4700978374045715,1.4555864574880255,-0.37486978338858246,4.679003071655891,0.08882708502394927,2.3388193723095654
-2.4692986153340613,1.4557826339635647,-0.375300023041021,4.677638744619131,0.08843473207287082,2.3385711367144957
-2.4598198772194193,1.4556501885963509,-0.3762500250925532,4.677142273428991,0.0886996228072982,2.3387729105562975
-2.450676288126682,1.4551156718108296,-0.37784827217817174,4.677545821112595,0.08976865637834079,2.3391124450919136
-2.442760086899473,1.4555886741323005,-0.3778498666711491,4.678224890183827,0.08882265173539869,2.3389023292106974
-2.4363510667811474,1.4558487701493141,-0.3781937862558581,4.677804658421395,0.08830245970137159,2.338752808186469
-2.4318758773288196,1.456395888413786,-0.3780829950528613,4.677505616372938,0.08720822317242806,2.3381120349046114
-2.4270945248372815,1.45658769818971,-0.37852750732666124,4.676224069809223,0.08682460362058,2.3375482217720123
-2.420136116289623,1.456962203964013,-0.37867103055737433,4.6750964435440245,0.0860755920719735,2.337233849155863
-2.4124530235137436,1.4559771873836016,-0.38098818254590167,4.674467698311726,0.08804562523279671,2.338702547623703
-2.3965536386435122,1.4564751345205287,-0.3809483494982112,4.677405095247406,0.08704973095894278,2.3381697656595772
-2.386601248126202,1.4568200603336643,-0.38116685799116895,4.6763395313191545,0.08635987933267159,2.337650674739665
-2.375314658773204,1.4573863251031867,-0.38101110453979453,4.67530134947933,0.08522734979362674,2.337463989650375
-2.364094726143068,1.4579180311744555,-0.38092813939494496,4.67492797930075,0.08416393765108898,2.33681428083361
-2.3453656888946677,1.4584751045607907,-0.38078831032398885,4.67362856166722,0.08304979087841853,2.3363921765463824
-2.324385490288863,1.4583621845856212,-0.38168521849869314,4.672784353092765,0.08327563082875732,2.337310665808252
-2.2979536350662064,1.458883755015646,-0.3815941450980139,4.674621331616504,0.08223248996870779,2.3367570607343584
-2.2705233830434075,1.4591036683904242,-0.3819896546427349,4.673514121468717,0.0817926632191515,2.3369260511388132
-2.2421636166446994,1.4593788083091885,-0.3822898839096039,4.6738521022776265,0.08124238338162294,2.336589663950889
-2.214736899450207,1.4597211198733457,-0.3824976426094733,4.673179327901778,0.08055776025330855,2.336097249646879
-2.1925094645883387,1.459629935128742,-0.3833812264893206,4.672194499293758,0.08074012974251607,2.336213414916941
-2.170402071411858,1.4595588042473058,-0.384223321512933,4.672426829833882,0.0808823915053887,2.3364094150643373
-2.1534162848415113,1.4600134841699002,-0.3842573756741736,4.672818830128675,0.07997303166019994,2.3356200480526033
-2.139733966052792,1.4592247726779148,-0.3862586229064685,4.6712400961052065,0.08155045464417066,2.335837708976022
-2.120637235036626,1.4590475814370565,-0.38730537957924344,4.671675417952044,0.08190483712588759,2.3356185921970654
-2.1046910996490613,1.4589903717337687,-0.3881405389325638,4.671237184394131,0.0820192565324634,2.335476928883417
-2.0930626153001195,1.4592256967239665,-0.38850619206114145,4.670953857766834,0.08154860655206785,2.3354126536742594
-2.0844138645624497,1.4598189358953586,-0.3883102417319982,4.670825307348519,0.08036212820928365,2.334956829317525
-2.0794076398320005,1.4601829614458066,-0.3884986872042273,4.66991365863505,0.07963407710838771,2.3342653068117327
-2.071947934265065,1.4608712482811552,-0.38815253078801465,4.668530613623465,0.07825750343769068,2.333510230192112
-2.066169160432975,1.4606972063714296,-0.38919773611916186,4.667020460384224,0.07860558725714188,2.3333703974973643
-2.0510241083705725,1.4607418954378923,-0.38985869648327215,4.666740794994729,0.07851620912421654,2.333485203887369
-2.040552787152934,1.4607173413727212,-0.39063660924284216,4.666970407774738,0.07856531725455895,2.3333385710280234
-2.0321033849938823,1.45992360489603,-0.3926387201070515,4.666677142056047,0.08015279020794161,2.334830972871482
-2.025631746987414,1.4601861788156743,-0.3929787284796372,4.669661945742964,0.07962764236865319,2.334414001325183
-2.028116825789923,1.460508371771026,-0.39320482442070853,4.668828002650366,0.07898325645794955,2.333776836415702
-2.0333666971754027,1.4609729653537329,-0.3932195600315711,4.667553672831404,0.07805406929253618,2.333079756590102
-2.0376825761651625,1.4607898347786858,-0.3942223449234513,4.666159513180204,0.07842033044263008,2.3337049170214113
-2.041366332713068,1.4604116699529732,-0.39556011468649543,4.6674098340428225,0.0791766600940554,2.335166644361318
-2.046763173549973,1.460793584369031,-0.39570245844908575,4.670333288722636,0.07841283126193976,2.334661704188171
-2.0572878279656384,1.461055362197177,-0.39601575609226275,4.669323408376342,0.07788927560564797,2.334415359633228
-2.067733506342584,1.460327509490186,-0.39790094914814816,4.668830719266456,0.07934498101962965,2.335242047770378
-2.07438767693474,1.4609618882842683,-0.39763947604710237,4.670484095540756,0.07807622343146495,2.334504126373529
-2.087081166421023,1.4603801331792392,-0.39931132979860745,4.669008252747058,0.07923973364152319,2.335103081137306
-2.0953233938189806,1.4608696135828145,-0.39930027594320866,4.670206162274612,0.0782607728343726,2.3345125140551253
-2.1058489366871287,1.4614551354290402,-0.39910991015137104,4.6690250281102506,0.0770897291419212,2.3339746196390716
-2.1133653183122885,1.461881478004352,-0.39917441354670047,4.667949239278143,0.07623704399129741,2.3332713446147313
-2.116744438880347,1.4621748471485005,-0.39944481328605186,4.666542689229463,0.07565030570300063,2.332941125863636
-2.1185899515453728,1.4621836135801374,-0.4001774686313649,4.665882251727272,0.07563277283972712,2.3326856394215283
-2.1217184131483684,1.4627455105440452,-0.40002532457194906,4.665371278843057,0.07450897891191156,2.3319402525188018
-2.127969763312924,1.4628873299572425,-0.4005505560084916,4.6638805050376035,0.07422534008551716,2.331473835892832
-2.1345508572571346,1.4632994098849317,-0.4006132236877586,4.662947671785664,0.07340118023013872,2.33134031401867
-2.1403392447758334,1.4638620189920923,-0.4004702459400277,4.66268062803734,0.07227596201581726,2.330587037601908
-2.1442866774773677,1.4633972303104432,-0.40191443391720805,4.661174075203816,0.07320553937911543,2.331246719377297
-2.141895447087374,1.4635425859650544,-0.402417984040955,4.662493438754594,0.07291482806989294,2.3312914927578774
-2.139687605600537,1.4633481232225585,-0.4034395708456471,4.662582985515755,0.07330375355488492,2.3317250678999946
-2.1368857198073385,1.4637770881706067,-0.403492512205733,4.663450135799989,0.07244582365878828,2.331127362523911
-2.1377528344486985,1.4644260049441846,-0.4031940177552972,4.662254725047822,0.07114799011163232,2.3313086862594594
-2.139140683072098,1.464748557179265,-0.40340702535724293,4.662617372518919,0.07050288564147121,2.3313518783851768
-2.1343777953736174,1.4650076004708237,-0.40375138200977795,4.6627037567703535,0.06998479905835424,2.330767838700237
-2.126076883425081,1.4653357178574118,-0.40392666355498447,4.661535677400474,0.06932856428517792,2.3309469829532055
-2.1184779306503057,1.465753466847304,-0.4040067067186827,4.661893965906411,0.06849306630539354,2.3302210665319616
-2.1104940429315278,1.465338826834604,-0.4053941867222839,4.660442133063923,0.0693223463307938,2.330704378071956
-2.095488357011524,1.4655329117592766,-0.40579446672751923,4.661408756143912,0.06893417648144859,2.330846305478682
-2.087518775256237,1.465941963317108,-0.40585220786061166,4.661692610957364,0.06811607336578561,2.330709158612187
-2.0770839594994834,1.4663952928761572,-0.40586817219587895,4.661418317224374,0.06720941424768713,2.330225254475833
-2.0672770713923825,1.466867866884985,-0.40585037804475066,4.660450508951666,0.06626426623003141,2.3294808589790033
-2.05860419957207,1.466738590254834,-0.40679092214564816,4.6589617179580065,0.0665228194903335,2.329482262518289
-2.048132037531444,1.467321958178756,-0.40660296823065895,4.658964525036578,0.06535608364248957,2.328706483166272
-2.0415256456161344,1.4677220005889484,-0.4067112989371212,4.657412966332544,0.06455599882210455,2.3280533666731626
-2.031237420690446,1.467893761205009,-0.40716262684180293,4.656106733346325,0.06421247758998341,2.327736680914209
-2.0217114624577817,1.466993953655378,-0.40929815363451477,4.655473361828418,0.06601209268924506,2.3303291071852485
-2.0095108349835207,1.4667373583817538,-0.410427430186575,4.660658214370497,0.06652528323649357,2.3310247579973105
-2.004206009904848,1.4673010443851127,-0.41025884238365,4.662049515994621,0.0653979112297759,2.330385275425891
-2.005399601155441,1.4676348559756445,-0.4104589932607679,4.660770550851782,0.06473028804871214,2.329956287426634
-2.0014852739743416,1.4679343386063213,-0.4107327633204881,4.659912574853268,0.06413132278735831,2.3293270755341506
-1.996809590892974,1.4680210705131491,-0.4113483076273308,4.658654151068301,0.06395785897370253,2.328722693020423
-1.9897554116462106,1.4675367788092377,-0.41287031611851477,4.657445386040846,0.06492644238152513,2.328782288313946
-1.9832858190541032,1.4671658362538642,-0.4141713168277857,4.657564576627892,0.06566832749227215,2.3299315628706623
-1.9831585424116196,1.4677095312965578,-0.4140495372611746,4.6598631257413246,0.06458093740688502,2.3292769709223893
-1.9885644337634325,1.4675357967182365,-0.41504428502730295,4.658553941844779,0.06492840656352751,2.3302999518843364
-1.9906866354874149,1.467260129265872,-0.41616824567815763,4.660599903768673,0.0654797414682565,2.3337769615401887
-1.99510021019644,1.4676584290670442,-0.4162678608343143,4.667553923080377,0.06468314186591198,2.333484942932075
-2.004637778661884,1.4682784575143515,-0.4160229580828424,4.66696988586415,0.0634430849712977,2.3327925060344823
-2.0115743261006416,1.4689244336812102,-0.41573393580027546,4.665585012068965,0.062151132637580285,2.3321705180460355
-2.015940195461492,1.469509131327581,-0.4155482600755056,4.664341036092071,0.060981737344838624,2.331362676081872
-2.0182945469888423,1.469654749274856,-0.41605952480231223,4.662725352163744,0.060690501450288474,2.331061370734169
-2.0185810062449376,1.4699620541765437,-0.41631572614884826,4.662122741468338,0.060075891646913036,2.3304339723377487
-2.021211876995566,1.4701871574529208,-0.41668023634050055,4.6608679446754975,0.059625685094158894,2.3299899942006688
-2.0217604350349587,1.470443665390648,-0.4169829972505648,4.6599799884013375,0.05911266921870449,2.3304129912296356
-2.024803298941733,1.4706755727062288,-0.4173698757349306,4.660825982459271,0.05864885458754303,2.3298198585863266
-2.0285831086794337,1.4710455230600596,-0.4175134135270543,4.659639717172653,0.05790895387988121,2.3295988660159614
-2.0324495711483026,1.4709894045592125,-0.41830313124827456,4.659197732031923,0.05802119088157547,2.329434637292068
-2.0303735244884757,1.4712682251039622,-0.41858530322462195,4.658869274584136,0.05746354979207613,2.3289311174106797
-2.028290172511076,1.4716826913015355,-0.4186620235989137,4.657862234821359,0.05663461739692946,2.3284250318572615
-2.0283362783226533,1.4720056444790788,-0.4189101366636311,4.656850063714523,0.055988711041843074,2.3276996180767657
-2.027524133500585,1.4724811164794704,-0.4188815448810606,4.6553992361535315,0.05503776704105993,2.3272675515678234
-2.026896653568178,1.4719707696387243,-0.42043528609095326,4.654535103135647,0.05605846072255213,2.3271200603402242
-2.0214326815807264,1.4720639473685353,-0.4210024563018105,4.6542401206804485,0.055872105262930245,2.3275828671304315
-2.0175217261078218,1.4724274780754028,-0.4211562412045746,4.655165734260863,0.05514504384919554,2.3270673378962354
-2.0123887181037645,1.47302465310988,-0.4209284730798075,4.654134675792471,0.05395069378024097,2.3262706709740097
-2.008977395660497,1.4729418860739882,-0.42179013702266954,4.6525413419480195,0.05411622785202456,2.325984459651573
-1.9994877335178811,1.4730153222559823,-0.422362843464331,4.651968919303146,0.053969355488036504,2.3261640218501918
-1.9896809074553568,1.473647153153657,-0.4220880516483239,4.6523280437003836,0.052705693692687065,2.3253541511721854
-1.9828787485582922,1.473962662197288,-0.42231262342767817,4.650708302344371,0.0520746756054251,2.3249335537385365
-1.9750280217196325,1.4736834776199206,-0.4234492690192204,4.649867107477073,0.052633044760160265,2.3248831694685563
-1.9681957610514726,1.473399891294079,-0.4246417619983115,4.649766338937113,0.05320021741184383,2.3247937813652766
-1.9657056854634631,1.473931800859844,-0.42451491136941877,4.649587562730553,0.05213639828031322,2.3240623869284867
-1.9671042832710048,1.4738502622309682,-0.4253612938038507,4.648124773856973,0.05229947553806495,2.324035790141372
-1.9655243000430869,1.4742294524589301,-0.4254790252803782,4.648071580282744,0.051541095082141164,2.323563235692435
-1.9665393067657126,1.4741797749422607,-0.42628790265165356,4.64712647138487,0.05164045011547994,2.3233868302961542
-1.9658432257050893,1.4746421622932593,-0.42628769257563837,4.6467736605923085,0.05071567541348261,2.32278977333509
-1.9677953310175007,1.4751335376030934,-0.42624229959339227,4.64557954667018,0.0497329247938145,2.32214725237693
-1.9693261017070358,1.4749520290073503,-0.42725926034021566,4.64429450475386,0.05009594198530077,2.321610382922791
-1.9664186572085336,1.4750423406626783,-0.42783232235750673,4.643220765845582,0.04991531867464501,2.321331060243152
-1.9662962607584937,1.4757087841853487,-0.42749636015877435,4.642662120486304,0.04858243162930408,2.3206001457225316
-1.9694277117817198,1.4760620212775315,-0.4276810180643795,4.641200291445063,0.04787595744493852,2.319851871968885
-1.9688907625209564,1.4767242927666244,-0.42735775742436016,4.63970374393777,0.04655141446675256,2.3189910146445794
-1.9700277065737155,1.476976467817477,-0.4276785738449923,4.637982029289159,0.046047064365047324,2.318633366702734
-1.9639931131513737,1.475990999034037,-0.4299609610034495,4.637266733405468,0.04801800193192744,2.3194457252738396
-1.9540942817615252,1.476197857168465,-0.4303321892242694,4.638891450547679,0.047604285663071434,2.3194919192610763
-1.9522588887244103,1.4768959844607894,-0.429951806464812,4.638983838522153,0.046208031078422855,2.318561873760916
-1.9543060901963574,1.4771812570115894,-0.43021238354414115,4.637123747521832,0.04563748597682295,2.3179362459676693
-1.9492117253728267,1.4777744539168494,-0.4299899095866445,4.635872491935339,0.04445109216630295,2.3171776552402443
-1.9439814838269331,1.4782432455646197,-0.42996221674498336,4.634355310480489,0.043513508870762004,2.3164170918530904
-1.9388599167141023,1.4783555594334572,-0.4304861375109832,4.632834183706181,0.04328888113308714,2.3162760939798788
-1.9319322264811625,1.4785241498816617,-0.4309387292306096,4.6325521879597575,0.04295170023667798,2.3158024790452245
-1.9237008895660752,1.4786339112568656,-0.4314378287041105,4.631604958090449,0.04273217748627025,2.315856260312324
-1.913684523280824,1.4785565503136529,-0.4322462448582477,4.631712520624648,0.042886899372695665,2.317151578151742
-1.9056107990577122,1.4780391663771226,-0.4337642234388311,4.634303156303484,0.04392166724575626,2.3178971252686424
-1.8964796483139845,1.4782284180627012,-0.43419979248870527,4.635794250537285,0.04354316387459904,2.3173203159946874
-1.8927858131034494,1.4772014564646636,-0.43650822485309687,4.634640631989375,0.04559708707067429,2.318779530575294
-1.8851416883568248,1.4776867267259162,-0.43645612140159334,4.637559061150588,0.04462654654816937,2.3179815336269156
-1.8869266366474702,1.4780819936631608,-0.43653876286606974,4.635963067253831,0.04383601267367998,2.3174524054399357
-1.8886881864422684,1.4782028092339983,-0.43706030905716725,4.634904810879871,0.04359438153200509,2.3170925418719563
-1.8873584604431555,1.4770881253106292,-0.4395369441745932,4.634185083743913,0.04582374937874344,2.316918888980278
-1.882859471375145,1.477466015796669,-0.4396654155699851,4.633837777960556,0.04506796840666366,2.316267100582676
-1.889993753667342,1.47756929209054,-0.44019738054915397,4.632534201165352,0.044861415818921425,2.316225643243146
-1.8965251745275389,1.4779141822411863,-0.4403633802469385,4.632451286486292,0.044171635517628934,2.3158247741461913
-1.907731565726423,1.4785086895365487,-0.440142402162133,4.6316495482923825,0.0429826209269042,2.3150526670157037
-1.9193185084776014,1.479143611848665,-0.43985376453483965,4.630105334031407,0.041712776302671624,2.314206069727399
-1.9246289098533602,1.479566342171499,-0.4399006965485198,4.628412139454798,0.04086731565700334,2.313675275336815
-1.926408074959613,1.4789845846925012,-0.4415155484401241,4.62735055067363,0.042030830614999286,2.3144567874414705
-1.9293535345741064,1.479293614386812,-0.4417180178153906,4.628913574882941,0.041412771226377265,2.3141449791452255
-1.9379663703678287,1.47998397042162,-0.4413435344296595,4.628289958290451,0.04003205915676123,2.313251977130281
-1.9496547012855303,1.4802301799547637,-0.4416708719274745,4.626503954260562,0.03953964009047402,2.312739445227211
-1.9565814239740456,1.4806074385923467,-0.44178309895080137,4.625478890454422,0.038785122815307986,2.312489973623204
-1.9631859298398053,1.4803728484826768,-0.4428909137947354,4.624979947246408,0.03925430303464776,2.3120319664805495
-1.96699654640536,1.4804173532747005,-0.44351741991251814,4.624063932961099,0.03916529345060027,2.311717250140502
-1.9728328039986343,1.4804278447038426,-0.44421192465311193,4.623434500281004,0.03914431059231599,2.3116131015491774
-1.9779252211833607,1.4785461434874907,-0.44792685625252093,4.623226203098355,0.042907713025019646,2.3115155314768128
-1.9760180133479812,1.4783502649257838,-0.4489623311168592,4.6230310629536255,0.04329947014843336,2.3115007665306115
-1.9844715582039054,1.4784019610457035,-0.4495471489121483,4.623001533061223,0.043196077908593825,2.311681066823856
-1.9908553860833214,1.4788274054485795,-0.4495825062475545,4.623362133647712,0.0423451891028421,2.3112400335715
-2.0003089695555403,1.4794624072429932,-0.44930147408014626,4.622480067143,0.04107518551401495,2.3103737050079483
-2.0098455375987427,1.4797178910999482,-0.44959148253158615,4.6207474100158965,0.04056421780010503,2.310325175710166
-2.014555438589607,1.4799902759734074,-0.4498605920724785,4.620650351420332,0.040019448053186586,2.3099659465889117
-2.0141360129961243,1.48003959738778,-0.45048341621283644,4.6199318931778235,0.03992080522444132,2.3100810670812475
-2.013370069730957,1.4804563553688765,-0.4505311696689371,4.620162134162495,0.03908728926224815,2.3096047025412627
-2.0134325546786727,1.4802097694210385,-0.45162916988669893,4.619209405082525,0.039580461157924074,2.30970070735961
-2.01098643596519,1.4796855094289472,-0.45315563497283506,4.61940141471922,0.040628981142106856,2.3095723079326986
-2.012134791258849,1.4802876907490228,-0.4529167843799415,4.619144615865397,0.03942461850195552,2.30877358156847
-2.0220149455061294,1.4801462743619052,-0.45385430278597816,4.61754716313694,0.0397074512761906,2.308932328341918
-2.0282411580020563,1.4806786199814488,-0.45374405816637225,4.617864656683836,0.03864276003710356,2.308092158663618
-2.034402529362189,1.4813465030416797,-0.45340392839921206,4.616184317327236,0.03730699391664161,2.3072094024132057
-2.0391065082190796,1.4816191315829612,-0.4536854502510842,4.614418804826411,0.03676173683407839,2.306847388791059
-2.044140964434538,1.4823029156293341,-0.4533163932249103,4.613694777582118,0.03539416874133246,2.3060114752964838
-2.0498486003661385,1.4815540979277586,-0.45518295465066666,4.6120229505929675,0.036891804144483314,2.306871852362526
-2.048237857747659,1.4808621167439755,-0.45696361808679153,4.613743704725052,0.038275766512049385,2.3080213455268717
-2.048237447816894,1.481388465319345,-0.4568452656864382,4.616042691053743,0.037223069361310486,2.3075257762501047
-2.0538151137195406,1.4816370117896505,-0.4571496628162419,4.615051552500209,0.036725976420699365,2.3071797156258036
-2.055477972019012,1.4819181998967152,-0.4574401865863364,4.614359431251607,0.036163600206569585,2.3065843855054484
-2.050184016365648,1.4825464390847658,-0.4571622649703995,4.613168771010897,0.03490712183046855,2.305839047199406
-2.043415868302581,1.483160355575805,-0.45689817143912825,4.611678094398812,0.0336792888483899,2.3051446418989125
-2.032522487553841,1.483303536945744,-0.45738771807661394,4.610289283797825,0.03339292610851231,2.304938931253511
-2.0185777859304617,1.4839916340698545,-0.457009080856386,4.609877862507022,0.032016731860291144,2.3040551770994115
-2.0094914645460937,1.4841604884318813,-0.4574324315057168,4.608110354198823,0.0316790231362375,2.303516198615864
-1.994485526993484,1.484536404870946,-0.4575643968843562,4.607032397231728,0.030927190258108347,2.30273989973972
-1.9805700298819224,1.4846611737689606,-0.45807525152750794,4.60547979947944,0.030677652462079322,2.3022829222281604
-1.9644577027216372,1.4831843117504653,-0.461111555777367,4.604565844456321,0.03363137649906984,2.30300082835722
-1.9459307393773733,1.4832370399557142,-0.46171574685098854,4.60600165671444,0.03352592008857188,2.302738942122268
-1.934988392220812,1.4830377734343165,-0.46272987739996263,4.605477884244536,0.0339244531313671,2.3025954387448357
-1.9215061958924406,1.4828880597737,-0.4636596744572946,4.6051908774896715,0.0342238804526002,2.3027100953588255
-1.9126871244710286,1.4834504107706241,-0.4634797256745204,4.605420190717651,0.03309917845875173,2.3019037892215968
-1.9059588159980203,1.484138844540908,-0.4630933398912578,4.6038075784431935,0.03172231091818391,2.301171974712437
-1.8995422401696682,1.4837209724470402,-0.4644398976442702,4.602343949424874,0.03255805510591968,2.3016769675501068
-1.889442721141473,1.4840052714138656,-0.4646837564922001,4.6033539351002135,0.03198945717226893,2.301191198951131
-1.8841769499901244,1.4838181055215183,-0.46569914030407705,4.602382397902262,0.03236378895696354,2.300914731400718
-1.8816578717900874,1.484197289809468,-0.46579646149407367,4.601829462801436,0.031605420381064196,2.300370451527799
-1.8792479375137776,1.484785913579257,-0.4655682824205,4.600740903055598,0.030428172841486408,2.2997427818232485
-1.8736549846431765,1.4850214529887578,-0.4659326016429237,4.599485563646497,0.029957094022484608,2.299148372992874
-1.8668845234263034,1.4850647866577247,-0.4665533103038386,4.598296745985748,0.029870426684550713,2.2993748038609474
-1.8601237978947465,1.4853270052742855,-0.4668463977594168,4.598749607721895,0.02934598945142894,2.298870855774912
-1.855398663968917,1.4856484064429412,-0.46704440233926886,4.597741711549824,0.02870318711411749,2.2982786019024695
-1.853857117425242,1.4860477103886294,-0.46712840980835185,4.596557203804939,0.027904579222741126,2.29756017399626
-1.8550593363343555,1.4856505896933911,-0.4684210057311854,4.59512034799252,0.028698820613217803,2.297493126783391
-1.8533201765428229,1.4854671795697942,-0.4693769150757122,4.594986253566782,0.029065640860411825,2.2983513775891438
-1.85925280613335,1.4858281678436571,-0.46951177446117326,4.5967027551782875,0.02834366431268598,2.2977340190032916
-1.8683299277001535,1.4856521034394068,-0.4704995495618262,4.595468038006583,0.0286957931211868,2.2973632019640604
-1.8764508333636019,1.4843808802768965,-0.4731584837960206,4.594726403928121,0.031238239446207128,2.298212519263291
-1.8833000021394755,1.4846470250448531,-0.4734274941789534,4.596425038526582,0.030705949910293743,2.2977960023306143
-1.8938540832097477,1.485002926730346,-0.4735849490704441,4.595592004661229,0.029994146539308163,2.297159726521488
-1.9038096480229671,1.4856546739592993,-0.4732539101599499,4.594319453042976,0.028690652081401483,2.2963490065044376
-1.912203515131964,1.4855735353813773,-0.47408146052024663,4.592698013008875,0.02885292923724531,2.296108998986687
-1.913822866435968,1.4860622452825016,-0.4740034299827578,4.592217997973374,0.027875509434996556,2.295404064840362
-1.920421279220907,1.4862415409024383,-0.47443457766486985,4.590808129680724,0.027516918195123162,2.294865369989676
-1.9292949450327335,1.486423814806695,-0.4748479608571436,4.589730739979352,0.027152370386609847,2.2944400936383467
-1.935823905189021,1.4861147478564873,-0.4760259214275969,4.588880187276693,0.02777050428702531,2.294190435563041
-1.9415017891876718,1.4858006609731433,-0.4772392132356643,4.588380871126082,0.028398678053713405,2.2940354566086936
-1.9474373794335196,1.485402303419693,-0.4785666674037976,4.588070913217387,0.0291953931606141,2.2939175745817293
-1.9561115287708404,1.485361528230533,-0.4792973078599625,4.587835149163459,0.02927694353893418,2.294244373164733
-1.9706899099133723,1.4851372740498905,-0.48034831211427337,4.588488746329466,0.029725451900219038,2.2942646389071264
-1.9859341867902918,1.4849806276860562,-0.4812702318817337,4.588529277814253,0.03003874462788745,2.2946332465349184
-2.002312266763736,1.4856029247106617,-0.4809909498171118,4.589266493069837,0.028794150578676278,2.29378208961736
-2.022399428417814,1.4854616767995847,-0.4819146781093013,4.58756417923472,0.02907664640083013,2.2939215756275813
-2.0378031300355666,1.4857981854326725,-0.48207780712541215,4.5878431512551625,0.02840362913465472,2.293734328451748
-2.0568623720080366,1.4858185871835419,-0.4827302057627811,4.587468656903496,0.02836282563291606,2.293440111715143
-2.071478183311842,1.4863633645432768,-0.4825852884626492,4.586880223430286,0.027273270913446262,2.2926511457160177
-2.086103741754046,1.4866837672514555,-0.4827794906248183,4.585302291432035,0.026632465497088847,2.292044749409109
-2.0982452441465305,1.4852108550356005,-0.4857759174222839,4.584089498818218,0.029578289928798632,2.2937160509103087
-2.1028332493296356,1.4842262219863216,-0.4880173143305854,4.5874321018206174,0.03154755602735639,2.2942079919330864
-2.108615290394333,1.4841502433463922,-0.4888047276714922,4.588415983866173,0.03169951330721496,2.2945572045058396
-2.121055524549188,1.4844401951832833,-0.48903607291577833,4.589114409011679,0.031119609633432715,2.2943498548449432
-2.136184753289381,1.4847715329010982,-0.4892027837089189,4.5886997096898865,0.03045693419780284,2.2939791766176025
-2.1543444303843597,1.4851742478713332,-0.48926695931833475,4.587958353235205,0.029651504257332918,2.293618038747701
-2.170075606275992,1.485459636969847,-0.489503172274057,4.587236077495402,0.029080726060305637,2.2932048146166393
-2.1856890076308177,1.4855529399210918,-0.4900513989135103,4.5864096292332786,0.028894120157815745,2.292859803161656
-2.199631960705883,1.4857210532136813,-0.4904877288916444,4.585719606323312,0.02855789357263693,2.2927458708696298
-2.213643087047907,1.4851188438357803,-0.49210489222950843,4.5854917417392596,0.029762312328438782,2.2941369863258316
-2.2228886221988393,1.4839498229357293,-0.49467343013201276,4.588273972651663,0.032100354128540905,2.2948036815220467
-2.2310035207703223,1.4843640520027723,-0.4947345497161658,4.5896073630440934,0.031271895994454735,2.2942337638372132
-2.2450771835417074,1.4845909403952284,-0.4950801844807742,4.5884675276744264,0.03081811920954272,2.2937212964138745
-2.255417596690858,1.4848188497473849,-0.49539848176436474,4.587442592827749,0.03036230050523004,2.2934693515973095
-2.2628971828984694,1.4841423247932328,-0.4971759068714042,4.586938703194619,0.03171535041353405,2.293286054355572
-2.2653951840556568,1.4841274540736067,-0.4978961718030173,4.586572108711144,0.031745091852786525,2.293457792715647
-2.276264544772637,1.4843892462294157,-0.4981814680980603,4.586915585431294,0.03122150754116847,2.293093188572535
-2.2866793863443835,1.4845566354732789,-0.4986197202660194,4.58618637714507,0.030886729053442,2.2934492774026833
-2.296776974770226,1.484819096232761,-0.49891082322538943,4.586898554805367,0.030361807534477897,2.2932958580488063
-2.305792291285398,1.4841930939935726,-0.5006109608663015,4.586591716097613,0.03161381201285468,2.2931901652788684
-2.314226172883464,1.484574436169588,-0.5006958305045408,4.586380330557737,0.03085112766082372,2.292607314350565
-2.32921454629349,1.483778641195578,-0.5026067248543828,4.58521462870113,0.03244271760884396,2.2944111782603867
-2.3331638257980334,1.4835335858515317,-0.5037037951722663,4.588822356520773,0.03293282829693644,2.294153740261787
-2.337266423510684,1.4839766232657392,-0.5037314587770957,4.588307480523574,0.032046753468521455,2.2933772514735122
-2.343311621511851,1.484027489984641,-0.5043681121158015,4.5867545029470245,0.03194502003071781,2.2935052403964966
-2.34672535175043,1.4838547333121588,-0.5053022837180249,4.587010480792993,0.03229053337568237,2.2950751248769548
-2.35075499823871,1.4837405618088966,-0.5061676974910116,4.5901502497539095,0.03251887638220688,2.295540002500428
-2.357696006917726,1.483925995206756,-0.5065747704202669,4.591080005000856,0.03214800958648801,2.2950620477784236
-2.367144564355539,1.484357950975297,-0.5065964605418216,4.590124095556847,0.03128409804940607,2.2948318861867048
-2.376327456656292,1.4838430674901961,-0.5080888407619694,4.5896637723734095,0.032313865019608035,2.297448537631135
-2.3809518177216966,1.4827325883145357,-0.5105504828328497,4.59489707526227,0.0345348233709289,2.298778461426546
-2.383280620902689,1.4821447908203464,-0.5121484558265865,4.597556922853092,0.0357104183593073,2.3000916231348474
-2.38641387726542,1.4821413656696674,-0.5128695043794776,4.600183246269695,0.03571726866066546,2.2996395778309466
-2.395735217548709,1.4822185536279031,-0.5134594536271273,4.599279155661893,0.03556289274419413,2.299241491611833
-2.406267615236872,1.4817911141493825,-0.5148686149285089,4.598482983223666,0.0364177717012353,2.298927038567231
-2.4160808949924295,1.4823976255167342,-0.5146243531162363,4.597854077134462,0.035204748966531786,2.298203048614139
-2.4273199353054946,1.481847653516477,-0.5161601841813435,4.596406097228278,0.036304692967046144,2.2989461006127265
-2.4308172020502363,1.481593633130933,-0.5172413017184635,4.597892201225453,0.036812733738134235,2.2997106535101093
-2.4386406041403523,1.4818776773634441,-0.5175039254875567,4.599421307020219,0.03624464527311212,2.2992934672875034
-2.4496509911605138,1.4820807992136664,-0.5178923126875151,4.598586934575007,0.035838401572667336,2.2989046079037223
-2.4600661513213566,1.4822168978504198,-0.5183898666986037,4.597809215807445,0.035566204299160506,2.2988601441437133
-2.4661354361016232,1.4823092503604487,-0.5189392968620783,4.597720288287427,0.035381499279102654,2.299107401093479
-2.4734246247066456,1.4812266032960741,-0.5213445116430624,4.598214802186958,0.037546793407851796,2.3004899728686756
-2.4735121281844425,1.481426173773825,-0.5217079039649389,4.600979945737351,0.03714765245235022,2.300652366664681
-2.4797541731611785,1.482112214499595,-0.5213497481964056,4.601304733329362,0.03577557100081013,2.2997673748155365
-2.4886777193526677,1.481985809223228,-0.5222454258205356,4.599534749631073,0.03602838155354408,2.2995856725499255
-2.4897687710699916,1.4816342607613597,-0.5235209405891516,4.599171345099851,0.03673147847728065,2.2994863311031994
-2.4897045232385855,1.4816379409028422,-0.5242276485201433,4.598972662206399,0.03672411819431589,2.2994047654914866
-2.491312243355917,1.4806798749814656,-0.5264837728410727,4.598809530982973,0.038640250037069016,2.299580715636957
-2.4911371392638584,1.4812287307455163,-0.526341017511033,4.599161431273914,0.037542538508967584,2.2988022941490835
-2.5013402772467566,1.4814043585483188,-0.5267998001609178,4.597604588298167,0.037191282903362904,2.2986914217360224
-2.5041949723464976,1.481924227080237,-0.5266814518639836,4.597382843472045,0.03615154583952612,2.2985642361847622
-2.5022266175570613,1.4819183167026573,-0.5273506145373659,4.5971284723695245,0.036163366594685754,2.2992868162656945
-2.4925215859184298,1.4814771068195676,-0.5287457603938,4.598573632531389,0.03704578636086497,2.2999727316170415
-2.481403756948011,1.4812372172224288,-0.5298278573201513,4.599945463234083,0.03752556555514224,2.300521031514884
-2.473008520237669,1.480841800065734,-0.5311736406122134,4.601042063029768,0.03831639986853214,2.300776973976464
-2.4632232939967382,1.480374173878817,-0.5325847210859502,4.601553947952928,0.03925165224236608,2.3020115033430684
-2.4594791714767226,1.4799331113414598,-0.5340253479338871,4.604023006686137,0.04013377731708058,2.301911016896297
-2.4553262363039865,1.4802327986524446,-0.5342433731983285,4.603822033792594,0.0395344026951111,2.3021150103501324
-2.4538696942908795,1.4806663467648282,-0.5342711923935126,4.604230020700265,0.03866730647034408,2.302673558973637
-2.4526372146686675,1.4803780109750833,-0.535419274127646,4.605347117947274,0.03924397804983379,2.303355525486183
-2.4480154145652464,1.480702876281406,-0.5356097389031419,4.606711050972366,0.03859424743718822,2.3034381209598593
-2.4470965908556583,1.4802214689727546,-0.537090136050429,4.606876241919719,0.03955706205449103,2.3039551835196863
-2.442756470261643,1.4804711418890262,-0.5374104299979025,4.607910367039373,0.03905771622194811,2.3037430637925382
-2.4382357015316267,1.4805893856328782,-0.5379303905719066,4.6074861275850765,0.03882122873424407,2.303422292035722
-2.4331915797713486,1.4802853397937854,-0.5391456059048456,4.606844584071444,0.03942932041242951,2.303606371947647
-2.432205443241564,1.4800896516549953,-0.5401471764529234,4.607212743895294,0.03982069669000965,2.303998070382237
-2.432492081355069,1.4799298557381875,-0.5410990457826517,4.607996140764474,0.0401402885236253,2.30424540517652
-2.4323459027522514,1.4796051926194225,-0.5423178934622774,4.60849081035304,0.04078961476115518,2.30571522273089
-2.43272620365018,1.4800378072134077,-0.5423448938508344,4.61143044546178,0.039924385573184604,2.3055171369709426
-2.4328397235763313,1.4805087938693116,-0.5423182419500117,4.611034273941885,0.038982412261376935,2.3050277402540744
-2.434297239208795,1.4806791105013555,-0.542748660950221,4.610055480508149,0.03864177899728912,2.3049290895336383
-2.433180279797809,1.4803072976121943,-0.5440196445109288,4.609858179067277,0.03938540477561162,2.3059834119957094
-2.433422171348651,1.4806104963967905,-0.5442150556030372,4.611966823991419,0.03877900720641901,2.3072351692614994
-2.437281183249397,1.4809848183719883,-0.544335620661525,4.614470338522999,0.03803036325602346,2.306928866189726
-2.437734300724544,1.48145522465981,-0.5443136885962933,4.613857732379452,0.03708955068037977,2.307162357261867
-2.4351941280639444,1.4819082271370727,-0.544302121109024,4.614324714523734,0.036183545725854256,2.306975968084324
-2.427967348692426,1.4821185773104384,-0.5446895511585101,4.613951936168648,0.03576284537912282,2.3068358082358174
-2.415300319466184,1.4809382974574492,-0.547264010661077,4.613671616471635,0.03812340508510112,2.3083744256553826
-2.396076336955409,1.4802056426827008,-0.5491421825620204,4.616748851310765,0.03958871463459806,2.3089639391038626
-2.384379159674885,1.4793817952607886,-0.5511824478675323,4.617927878207725,0.041236409478422296,2.3099435156506183
-2.3782776197546087,1.4797357971194012,-0.5513216326241024,4.619887031301237,0.04052840576119717,2.3111333692750953
-2.3774624419414763,1.479652754889208,-0.5521531759658377,4.6222667385501905,0.040694490221583696,2.3112061078737063
-2.375541107583688,1.4788531165536616,-0.5541252488596519,4.622412215747413,0.04229376689267653,2.3116402089385866
-2.3702560327045363,1.4784954170784703,-0.555446940937425,4.623280417877173,0.04300916584305897,2.3116495930226204
-2.370877291201979,1.4782384481696165,-0.5565805362399987,4.623299186045241,0.043523103660766574,2.311769815322654
-2.3742086286065334,1.4779143994202544,-0.5578187249438846,4.623539630645308,0.044171201159490754,2.312523237319885
-2.377357037164704,1.4779769012155155,-0.5584495732596162,4.62504647463977,0.044046197568968465,2.3122666510864898
-2.382230116589154,1.4781929956282485,-0.5588248930488081,4.6245333021729795,0.04361400874350271,2.3134570620655666
-2.3866200159123365,1.477153450508304,-0.561226106230715,4.626914124131133,0.04569309898339163,2.314100677307181
-2.385250288678698,1.477225685349368,-0.5618489472885901,4.628201354614362,0.04554862930126342,2.314157359145843
-2.393633216151488,1.4767088468353171,-0.5633818527157768,4.628314718291686,0.04658230632936522,2.315522666236359
-2.403309617350032,1.4769955726219237,-0.5636228890624764,4.631045332472718,0.04600885475615198,2.3153579603611427
-2.418462705200804,1.4775010710630303,-0.5635387345191383,4.630715920722285,0.044997857873938875,2.3147428453589605
-2.431060288305927,1.47787053517525,-0.5636948699599887,4.629485690717921,0.0442589296494995,2.3141863867477435
-2.4419559742787436,1.4784352462009795,-0.5635393657193569,4.628372773495487,0.043129507598040275,2.3134221036817446
-2.453540726603855,1.4790980184259095,-0.5632001246578654,4.626844207363489,0.04180396314818032,2.3132470417180926
-2.464703711835553,1.4790888954479295,-0.5639506915828258,4.626494083436185,0.04182220910414021,2.313133681925307
-2.4720476401964095,1.4786724067655723,-0.5653045846856026,4.626267363850614,0.04265518646885457,2.3140468055790206
-2.4795859744327107,1.479206531015997,-0.5651836622097113,4.628093611158041,0.04158693796800533,2.3134177238463955
-2.4866820746286527,1.4796817307703891,-0.5651566151336789,4.626835447692791,0.04063653845922113,2.3131437809600817
-2.4867612677932045,1.4795012983055855,-0.5661551588990236,4.626287561920163,0.04099740338882836,2.3132387972192805
-2.478423813941626,1.4793942317312962,-0.5670431126729332,4.626477594438561,0.041211536537406876,2.3137653230066446
-2.4730037836466963,1.4798826568034855,-0.5669914686403051,4.627530646013289,0.04023468639302841,2.31333716624609
-2.468993219903494,1.4800330561080666,-0.5674827223796267,4.62667433249218,0.039933887783866306,2.3129138822929014
-2.4573980409317704,1.479962272421398,-0.5683315471081444,4.625827764585803,0.040075455157203226,2.3128148595073297
-2.4425642661889486,1.479445328884,-0.5698746776148653,4.625629719014659,0.041109342231999586,2.312787546464403
-2.425570562584974,1.479440969483588,-0.5706079401166223,4.625575092928806,0.0411180610328236,2.3127595914855834
-2.4105638642542897,1.4789078309349382,-0.5721476619584258,4.625519182971167,0.04218433813012317,2.3136902201028633
-2.394496700751266,1.4792120885142932,-0.5723973082115148,4.627380440205727,0.0415758229714131,2.313196020960959
-2.384004276416052,1.4792014357839105,-0.5731614309818425,4.626392041921918,0.04159712843217844,2.313015139910637
-2.3669429712943333,1.4796923791384569,-0.5731019740784081,4.626030279821274,0.040615241723085914,2.3126764460843994
-2.3516935480104944,1.479507702729097,-0.5740892603406952,4.625352892168799,0.04098459454180542,2.3133659491243916
-2.3296523707065107,1.4801581175927974,-0.573794926703366,4.626731898248783,0.03968376481440464,2.3129486040730005
-2.312363067864517,1.4801065627128387,-0.5745927920687601,4.625897208146001,0.03978687457432213,2.3129018554407015
-2.2921254524884773,1.4805184152268622,-0.5746664599059469,4.625803710881403,0.03896316954627523,2.312557093522504
-2.2757610856239214,1.479886574008535,-0.5763725246945379,4.625114187045008,0.04022685198292969,2.3129399826836288
-2.2583746114133225,1.4802250308251463,-0.576545471353648,4.6258799653672575,0.039549938349707055,2.3127312401487172
-2.2511497154296505,1.4809406742756068,-0.5761388358345167,4.6254624802974345,0.03811865144878626,2.3118962382349926
-2.24350502937296,1.4807470670241674,-0.5771527951268969,4.623792476469985,0.03850586595166524,2.3119408429108357
-2.2268992077482763,1.4814387740899988,-0.576791770277283,4.623881685821671,0.03712245182000251,2.3111642986047087
-2.2172602572343263,1.4820414405541875,-0.576572518305476,4.6223285972094175,0.035917118891625174,2.31067103879557
-2.205802889599931,1.4823304687926413,-0.5768361893851565,4.62134207759114,0.035339062414717445,2.3103389817064275
-2.189559698459716,1.4826687926110262,-0.577018704445755,4.620677963412855,0.034662414777947355,2.3101056857447397
-2.172180020240034,1.4816835485644755,-0.5792760017663653,4.6202113714894795,0.03663290287104873,2.3109520531047654
-2.1531577649980003,1.4818270569021361,-0.5797717581115309,4.621904106209531,0.03634588619572737,2.3106343581624893
-2.142078933653389,1.481921243037731,-0.5803636550193855,4.621268716324979,0.03615751392453721,2.310314151958604
-2.13058511685403,1.4819437652700078,-0.5810568538497062,4.620628303917208,0.036112469459983865,2.3099445952167232
-2.1171665430229036,1.4814860422920344,-0.5825100651323906,4.6198891904334465,0.037027915415930826,2.3102895603641955
-2.1031071387625673,1.48160127117977,-0.5830285581806051,4.620579120728391,0.036797457640459934,2.310423194943904
-2.0910083592060986,1.4819671989781655,-0.5832001445572813,4.620846389887808,0.036065602043668724,2.3095962241698884
-2.081195227309006,1.4818105552641916,-0.5841706986938408,4.619192448339777,0.03637888947161676,2.309211974483024
-2.0688191221087004,1.4813323336625062,-0.5856224144362778,4.618423948966048,0.037335332674987606,2.3108943323628366
-2.059691274173228,1.4815972761972231,-0.5859188336961378,4.621788664725673,0.036805447605553564,2.3111428857901237
-2.054198334740471,1.4818322280844702,-0.5862672090348366,4.6222857715802474,0.036335543831059414,2.311441514958953
-2.0520845297782357,1.4818794100047237,-0.5868869505760188,4.622883029917906,0.036241179990552624,2.3115066046646215
-2.048749573422416,1.4820013589637666,-0.5874110310053997,4.623013209329243,0.035997282072466934,2.311348427588051
-2.048079281275986,1.4821877462567181,-0.5878400422213603,4.622696855176102,0.03562450748656386,2.311266675160961
-2.045169846074666,1.4821189545778155,-0.5886458959686297,4.622533350321922,0.03576209084436904,2.3120420732431253
-2.042929345827865,1.481956603619938,-0.5896505365002738,4.6240841464862505,0.03608679276012378,2.3117676046799684
-2.046206892383774,1.4816456399990112,-0.5908701435357423,4.623535209359937,0.036708720001977564,2.3115340458298737
-2.0494706001820577,1.4816034500044333,-0.5916667766224972,4.623068091659747,0.03679309999113329,2.3111191663524835
-2.0598224219894696,1.481450762968477,-0.5926385861492558,4.622238332704967,0.0370984740630459,2.3110482004213244
-2.074232471907202,1.4815979619672677,-0.5931301671497063,4.622096400842649,0.03680407606546452,2.310517780974396
-2.0919925288045973,1.4813645171450094,-0.5942379254958371,4.621035561948792,0.03727096570998121,2.311078203096743
-2.110246159548884,1.482129302488288,-0.593760377341113,4.622156406193486,0.035741395023424,2.3101856255914552
-2.1288554191416087,1.4823642655967715,-0.5941258102515823,4.6203712511829105,0.035271468806457144,2.309740908071335
-2.1398259367843,1.4824554789712723,-0.5947133212715904,4.61948181614267,0.03508904205745558,2.309641863520615
-2.149777381002346,1.482992863342203,-0.5945770249875676,4.61928372704123,0.034014273315594076,2.3091478422954723
-2.1605820996309197,1.482506921959128,-0.5960244880726662,4.618295684590945,0.034986156081743686,2.3099412556523458
-2.163637253268083,1.482843475956612,-0.5962112440478284,4.6198825113046915,0.034313048086775495,2.3097653987851468
-2.1711539690752844,1.4827506252502611,-0.5970765676205911,4.6195307975702935,0.03449874949947722,2.309592696481059
-2.1775820546295623,1.482248485153979,-0.5986223327949743,4.619185392962118,0.03550302969204147,2.309801961678579
-2.182425527532535,1.4825769055256175,-0.598836381531549,4.619603923357158,0.03484618894876446,2.3093914737339487
-2.189244384183369,1.4833071825149675,-0.5984090565281065,4.618782947467897,0.0333856349700645,2.30868729606338
-2.19642281938798,1.4838035767986613,-0.5983513338696681,4.61737459212676,0.03239284640267695,2.307955727495933
-2.1982116625518255,1.483868333422078,-0.5989875826912543,4.615911454991866,0.03226333315584365,2.3086619862857836
-2.1957870823998404,1.4842464471618462,-0.5991223681638718,4.617323972571567,0.03150710567630692,2.3081610374529213
-2.194056040029878,1.4845783028836064,-0.5993147817329161,4.616322074905843,0.03084339423278632,2.3078121995181937
-2.190685958555107,1.4843440270902328,-0.6003902880862193,4.615624399036387,0.03131194581953326,2.308197767180668
-2.183380519144586,1.4850050556986443,-0.6000829010470634,4.616395534361336,0.029989888602710544,2.307334919614424
-2.1782571926756518,1.4852002629428604,-0.6004912166093241,4.614669839228848,0.02959947411427826,2.3071894362126484
-2.165765474018121,1.485555164817058,-0.6006477986391545,4.614378872425297,0.02888967036588335,2.307011120813364
-2.152219194987625,1.4848946737129753,-0.6024200580404011,4.614022241626728,0.0302106525740485,2.307812429358685
-2.1332592614609807,1.4852933043504013,-0.6025110613043534,4.61562485871737,0.029413391299196626,2.3077066052017816
-2.1201549011206353,1.4857800567489974,-0.6024597789765223,4.615413210403563,0.02843988650200466,2.307301903973959
-2.104094166225541,1.485785133394608,-0.603164976549653,4.614603807947918,0.028429733210783747,2.30750445641152
-2.091147105658152,1.4857675160429893,-0.6039266621700594,4.61500891282304,0.028464967914021064,2.3074714307102813
-2.0793265950183732,1.4856836842583956,-0.6047754273312191,4.6149428614205625,0.02863263148320863,2.307553154708527
-2.0679823261466748,1.4853884482551543,-0.6059874144876112,4.615106309417054,0.0292231034896912,2.307537385968093
-2.059696459164854,1.4860234815583817,-0.6057024804689612,4.615074771936186,0.02795303688323612,2.3068124820809075
-2.0533663102775987,1.4856100561680146,-0.6070794870315448,4.613624964161815,0.02877988766397027,2.3069999738081637
-2.042266938017943,1.4850571257737974,-0.608687685849696,4.613999947616327,0.029885748452404434,2.3069123923232158
-2.032308872428873,1.4853477610535915,-0.6089153712786681,4.6138247846464315,0.02930447789281636,2.3066975183003517
-2.0250677336901193,1.485869360311159,-0.608817653193617,4.6133950366007035,0.02826127937768142,2.3059919623735814
-2.018939964458001,1.4854342766052504,-0.6101748012710844,4.611983924747163,0.029131446789498604,2.306944863126564
-2.0131086755304364,1.485902678314819,-0.6101618576821095,4.613889726253128,0.028194643370361202,2.306298824007481
-2.014355793293607,1.486004689401732,-0.6107064927054314,4.612597648014962,0.02799062119653544,2.3060243416851063
-2.0128659027385165,1.4867199287660047,-0.6102973304004554,4.612048683370213,0.02656014246799021,2.30524908389878
-2.0148192984278586,1.4874189325359881,-0.6099069729585526,4.61049816779756,0.025162134928023425,2.3045469303323363
-2.013764082021623,1.4876179470191575,-0.6103430940476361,4.6090938606646725,0.024764105961684522,2.303853564518242
-2.0060441650088423,1.4872148896550261,-0.6116491561196192,4.607707129036484,0.02557022068994708,2.304607433390922
-2.0005237276393824,1.4878921086963974,-0.6112971724925391,4.609214866781844,0.02421578260720453,2.304101546838265
-2.0006045646570882,1.488439705684761,-0.6111297450477483,4.60820309367653,0.023120588630477446,2.3041170571782454
-1.998070158117705,1.4886087781980888,-0.6115718256937336,4.608234114356491,0.022782443603821784,2.3035736100256106
-1.9893488114281426,1.4889215473115,-0.6117710270064094,4.607147220051221,0.022156905376999294,2.303451217003404
-1.9825825833032085,1.4890623741584015,-0.6122464978844068,4.606902434006808,0.021875251683196612,2.303122052227506
-1.976750200224032,1.4894862685423862,-0.6122646421741392,4.606244104455012,0.021027462915227037,2.3033684966775216
-1.9713102263037614,1.4894495599710313,-0.6129975203980743,4.606736993355043,0.0211008800579368,2.3037250749781197
-1.9626774640417293,1.4893638462864611,-0.6138549584066553,4.6074501499562395,0.02127230742707746,2.303315643930807
-1.9539245851246951,1.4892227975475165,-0.6147919797551626,4.606631287861614,0.021554404904966892,2.3031699435608597
-1.9444826296290938,1.489200753023653,-0.6155001073250939,4.606339887121719,0.021598493952693573,2.3034003229497766
-1.9400247687476098,1.489714123884282,-0.6153918694032939,4.606800645899553,0.020571752231435675,2.3029806820519854
-1.9356859935996997,1.4902759653038957,-0.6152008963701207,4.605961364103971,0.019448069392208212,2.302766755445259
-1.9269119102450984,1.4904853656083616,-0.6155707149133582,4.605533510890518,0.019029268783276192,2.3031135082063723
-1.9156622966095629,1.4906447585555147,-0.6160107728445782,4.606227016412745,0.01871048288896997,2.3028394461351214
-1.9063660532931546,1.4905780822267662,-0.616830439673303,4.605678892270243,0.01884383554646687,2.302645938610084
-1.8944027042594014,1.4901200568462103,-0.6182653211910483,4.605291877220168,0.019759886307578887,2.302720856830516
-1.884345752769106,1.489935749907907,-0.6192706118849995,4.605441713661032,0.020128500184185903,2.3029125373491275
-1.8773679713114497,1.4898407719982723,-0.6201214571240097,4.605825074698255,0.020318456003455013,2.302942278708974
-1.8763681566375847,1.489510556585316,-0.6213392748512239,4.605884557417948,0.020978886829367546,2.303295099078392
-1.8799583342831632,1.4900207599806554,-0.6212542088049843,4.606590198156784,0.01995848003868869,2.302666090133068
-1.8881446386702825,1.4901634052745496,-0.621749057990773,4.605332180266136,0.01967318945090018,2.302338269316794
-1.891490294374134,1.4904650986299184,-0.6219759406828009,4.604676538633588,0.019069802740162838,2.3019890613189538
-1.8991498196284513,1.4905787119846887,-0.6225253444784083,4.6039781226379075,0.01884257603062231,2.3013462928447392
-1.9081526920044212,1.4905802815843254,-0.6232462889641069,4.6026925856894785,0.018839436831348713,2.3007193149631475
-1.9173910178640665,1.4913291444292602,-0.622778702839212,4.601438629926295,0.01734171114147898,2.2998563799723186
-1.9302838785082115,1.4917761199348047,-0.6227845379066399,4.599712759944637,0.016447760130389812,2.299321754373509
-1.937150013456492,1.4923523481605594,-0.6225889148911428,4.598643508747018,0.015295303678880599,2.2986021237498315
-1.9442941216984193,1.4925386760322916,-0.6229745777786572,4.597204247499663,0.014922647935416145,2.298762003217568
-1.9470401240366617,1.4925470090492923,-0.6236812093877095,4.597524006435136,0.01490598190141474,2.29845649862939
-1.948083950326942,1.49221859204215,-0.6249036015674565,4.59691299725878,0.01556281591569932,2.2989062249229004
-1.9476411492336663,1.4925338583036667,-0.6251247178235558,4.597812449845801,0.01493228339266606,2.2984396534565645
-1.949984482240315,1.4926936533036261,-0.6256106163009465,4.596879306913129,0.014612693392747306,2.2982811314276996
-1.9531289848659996,1.4932211423393398,-0.625497324060171,4.596562262855399,0.013557715321320224,2.297586853979239
-1.959664173655078,1.4933907053742363,-0.6259488694232535,4.595173707958478,0.013218589251526941,2.297284865479908
-1.9632096509388792,1.4933692004711343,-0.6267018547022806,4.594569730959816,0.013261599057730809,2.2968602937246514
-1.9660687687165357,1.493320039331266,-0.6274886618687134,4.593720587449303,0.013359921337467521,2.296448638107028
-1.9685013451830808,1.493664413522116,-0.6276487732476371,4.592897276214056,0.012671172955767356,2.296023204488771
-1.9701994842596955,1.4936226722034358,-0.6283770328014812,4.592046408977542,0.012754655593127601,2.2966233678640475
-1.968207289743622,1.4942548619926215,-0.6280853394195021,4.593246735728095,0.011490276014756407,2.2958661742609086
-1.9674074544016718,1.4941327281391292,-0.6289789316029284,4.591732348521817,0.011734543721740901,2.2958999254533112
-1.959149574644212,1.4947214235298734,-0.6287621185524078,4.5917998509066225,0.010557152940252529,2.295114813312568
-1.9557586838305303,1.494528379808813,-0.6297846664895703,4.590229626625136,0.010943240382373461,2.295491316228875
-1.9472820859358313,1.4945201946507427,-0.6304941696263234,4.59098263245775,0.010959610698513892,2.295273917352897
-1.9413472730055399,1.4951582550292866,-0.6302063851075396,4.590547834705794,0.009683489941426189,2.2944020811340167
-1.9374385611496705,1.4953880676095719,-0.6305121747559771,4.588804162268033,0.009223864780855465,2.294565516136084
-1.9284455003510126,1.4959748772922337,-0.6302826847685467,4.589131032272168,0.008050245415531985,2.294002567257188
-1.9252543092011725,1.4951610954954326,-0.632235310588812,4.588005134514376,0.009677809009134074,2.295282513804276
-1.9173237868636268,1.4950248399359647,-0.6331605314479151,4.590565027608552,0.009950320128069996,2.2947891372896314
-1.9172251843347805,1.4956393457612258,-0.6328844877365116,4.589578274579263,0.008721308477547587,2.2943132922905285
-1.9205171410851258,1.496226449561504,-0.6326508477198687,4.588626584581057,0.007547100876990955,2.29358829404808
-1.9201147667673173,1.496114703179406,-0.6335459314923708,4.58717658809616,0.007770593641187112,2.293239542576184
-1.9132134069495248,1.4958169297836104,-0.6347102116929955,4.586479085152368,0.008366140432778571,2.2935817992441145
-1.907864940667462,1.4956688925800987,-0.6356297215050434,4.587163598488229,0.008662214839802035,2.293307711258985
-1.9048369599362385,1.4960131778469503,-0.6357744113342897,4.58661542251797,0.007973644306098916,2.292936147172122
-1.906640829614143,1.4967285024102128,-0.6353439664145947,4.585872294344244,0.006542995179573718,2.2922905146053734
-1.9085707286491411,1.4969907205114623,-0.6356345571138059,4.584581029210747,0.006018558977074548,2.292267316965767
-1.9042027256462029,1.497340808970989,-0.6357717615811483,4.584534633931534,0.005318382058021384,2.2920922713113283
-1.8987498547782078,1.4975500170233167,-0.6361324618301103,4.584184542622657,0.004899965953366156,2.2922666216574474
-1.8930180893491217,1.4978235495869956,-0.6363878224021509,4.584533243314895,0.004352900826008444,2.292097622590634
-1.8864761527119767,1.4977233867175093,-0.6372601503626083,4.584195245181268,0.004553226564980959,2.291746111918847
-1.8816267945873515,1.4976773067664588,-0.6380277742652886,4.583492223837694,0.00464538646708204,2.2914960608027504
-1.877016261212618,1.4981440043906802,-0.6380023155095814,4.582992121605501,0.0037119912186394815,2.2910745334869596
-1.8774318382991355,1.498850352169641,-0.6375874218970023,4.582149066973919,0.002299295660717882,2.2902134665635416
-1.87543475263401,1.4989283270792673,-0.6381718105783725,4.580426933127083,0.0021433458414653827,2.2897376156955533
-1.8669659639851668,1.4991095757082018,-0.6385876088107717,4.579475231391107,0.0017808485835961274,2.289591076526336
-1.8624243777053948,1.498868677546345,-0.6396320623533166,4.579182153052672,0.0022626449073097276,2.289526018500691
-1.857201317216359,1.4995738763427644,-0.6392126965443016,4.579052037001382,0.0008522473144707519,2.2888044974109594
-1.8587875045249906,1.499736849104921,-0.6396205313601111,4.577608994821919,0.0005263017901577492,2.2885840132455377
-1.8514636201399521,1.4997601281220019,-0.6402666443565995,4.5771680264910755,0.0004797437559961274,2.2893573534091214
-1.842624252572828,1.4996798865718295,-0.6410940562295327,4.578714706818243,0.0006402268563409939,2.288914332814608
-1.837102813433234,1.5000296593520062,-0.6412422412073934,4.577828665629216,-5.9318704012426417e-05,2.289120754434763
-1.8364753310848392,1.500752115605467,-0.6408035950307343,4.578241508869526,-0.0015042312109341842,2.2882149231336233
-1.8348515873972064,1.4998502048782787,-0.6428967094787827,4.576429846267247,0.0002995902434425712,2.2886991993697183
-1.8214981610049112,1.499497245947745,-0.6441233732397769,4.577398398739437,0.0010055081045100606,2.289363945568452
-1.8121210344741443,1.5001257132230017,-0.643815234097051,4.578727891136904,-0.000251426446003414,2.288885587090453
-1.8083504344464059,1.5008490723819161,-0.6433684238754532,4.577771174180906,-0.001698144763832205,2.2880268288875008
-1.8062040011714093,1.5002992167167697,-0.6449067014746991,4.5760536577750015,-0.0005984334335393067,2.288796921128769
-1.7968527293057321,1.500755637552049,-0.6448804085477619,4.577593842257538,-0.0015112751040980994,2.288700916876533
-1.7938404877065022,1.500728193351264,-0.64561331694853,4.577401833753066,-0.0014563867025279534,2.288531169072391
-1.788431513814439,1.500167607547274,-0.6471818904344608,4.577062338144782,-0.0003352150945480964,2.2885188875617737
-1.7832019817425895,1.4997956737557956,-0.6484722541474428,4.577037775123547,0.0004086524884088908,2.2883590566130847
-1.7801948534353444,1.500491777567655,-0.6480667915268405,4.576718113226169,-0.000983555135309615,2.287564380265734
-1.7813202466026414,1.501004166097147,-0.6479641339657699,4.575128760531468,-0.002008332194293536,2.2867705866955665
-1.7799380246683252,1.501445947633414,-0.6479521433808777,4.573541173391133,-0.0028918952668279445,2.286656415101157
-1.7806760513576658,1.5015590704634705,-0.6484615339503319,4.573312830202314,-0.003118140926940643,2.2865154946773156
-1.7789063834311516,1.5016687967241886,-0.6489774538680431,4.573030989354631,-0.0033375934483767518,2.286076584575245
-1.7776116713825938,1.5016831667848531,-0.6496444313071297,4.57215316915049,-0.00336633356970584,2.285925413699409
-1.7748881239035925,1.5023060883883965,-0.6493532640236654,4.571850827398818,-0.00461217677679243,2.2851662562581603
-1.7785731724376739,1.5013630915186016,-0.6515123549269926,4.5703325125163206,-0.0027261830372025024,2.285504671429914
-1.775485814288515,1.501346378616542,-0.6522258018462654,4.571009342859828,-0.00269275723308304,2.285621170686628
-1.7780336187640953,1.5006900547797044,-0.6539715335237362,4.571242341373256,-0.001380109559407869,2.285543184242734
-1.7788065273954277,1.5006722989841632,-0.6546699493944662,4.571086368485468,-0.001344597968325352,2.2854388117232607
-1.785264180995761,1.501133854523613,-0.6546343423519696,4.570877623446521,-0.0022677090472249858,2.2848444010998183
-1.7997024765720306,1.5009256150966481,-0.6556413392630241,4.569688802199637,-0.0018512301932952233,2.2849696621467928
-1.8073256629958583,1.5012380693695542,-0.65585624015299,4.5699393242935855,-0.002476138739107512,2.2843139757234003
-1.8158272103309065,1.5015323624485035,-0.6560610162001347,4.568627951446801,-0.0030647248970061417,2.2838032280268625
-1.8266430555350721,1.5016081224980922,-0.6566230465507584,4.567606456053725,-0.0032162449961836096,2.2836841997432433
-1.8409915690428433,1.5019256292148497,-0.656808620003357,4.567368399486487,-0.0038512584296986323,2.283356527674892
-1.8536845567641893,1.502321535099383,-0.6568841499224275,4.566713055349784,-0.004643070198765412,2.2826048813691777
-1.8673661380334732,1.5027953995563923,-0.6568182984674946,4.565209762738355,-0.005590799112783977,2.2820666250606645
-1.8790565265735664,1.502560204180455,-0.657898043930062,4.564133250121329,-0.00512040836090959,2.281709092062395
-1.8841306505549418,1.5013156484194996,-0.6605471466692688,4.56341818412479,-0.002631296838998574,2.2825473293753507
-1.8858742975260037,1.501707417111423,-0.6606322673698354,4.565094658750701,-0.0034148342228454446,2.2820356300445175
-1.9004272649164125,1.5021674453373157,-0.6605858816924608,4.564071260089035,-0.004334890674630878,2.281589473555971
-1.9158387736854106,1.5025221232079615,-0.6607444556708533,4.563178947111942,-0.005044246415922478,2.281029123555482
-1.9305913069857827,1.5030554239563443,-0.6605788601018354,4.562058247110964,-0.006110847912688097,2.280546066080885
-1.944280211319775,1.503220410199388,-0.661014728322644,4.56109213216177,-0.006440820398775441,2.280086604019943
-1.9540689239865632,1.5029310477272007,-0.6621441530421082,4.560173208039886,-0.005862095454400757,2.2803533993140883
-1.9615807886825214,1.5030696976387707,-0.6626065778795415,4.560706798628177,-0.00613939527754114,2.2802155492767957
-1.974921840665457,1.5037165926708191,-0.6622864631281626,4.560431098553591,-0.007433185341638093,2.2793889045922118
-1.9851247249803203,1.503723422123357,-0.6629578505152534,4.5587778091844235,-0.007446844246713864,2.279276096092613
-1.9887732033239374,1.5031486330144936,-0.6645407121280437,4.558552192185226,-0.006297266028986907,2.2791411374597117
-1.9878561925289833,1.5031360924721864,-0.6652165008727882,4.558282274919423,-0.0062721849443725325,2.2798931846080883
-1.9899471991325295,1.5033964233362307,-0.6654877022195549,4.559786369216177,-0.006792846672461309,2.2796154918823004
-1.994780626178837,1.5036446819093447,-0.6657714926767182,4.559230983764601,-0.007289363818689436,2.2797316466865216
-1.9968982441759424,1.503570571112722,-0.6665644846353704,4.559463293373043,-0.007141142225443921,2.2799056906792385
-1.998029432039595,1.5033479825977054,-0.6676091971796152,4.559811381358477,-0.00669596519541079,2.2796833696246668
-2.000079154398396,1.503653795858483,-0.6677964467718059,4.5593667392493336,-0.007307591716966024,2.279324386764476
-2.0043358993874922,1.5034756125821103,-0.6687591206654139,4.558648773528952,-0.006951225164220677,2.2796436649556244
-2.0069738897972753,1.5035491934602798,-0.6693121566398708,4.559287329911249,-0.007098386920559599,2.280036668473613
-2.0127667757641188,1.5037319497582757,-0.6697203243904686,4.560073336947226,-0.007463899516551235,2.279844645597833
-2.0208174722220846,1.5040858054510167,-0.6698275018626497,4.559689291195666,-0.008171610902033012,2.280172548975838
-2.027119239204042,1.5045506978315142,-0.6697772211252397,4.560345097951676,-0.009101395663027952,2.279625286403948
-2.027159904740464,1.5047493098579243,-0.6701191372539779,4.559250572807896,-0.009498619715848405,2.2794490602325803
-2.0256266416846573,1.5054187109735557,-0.6697486168917058,4.558898120465161,-0.010837421947111335,2.278685346036587
-2.0265450062071415,1.5059448045272517,-0.6696110761057934,4.557370692073174,-0.01188960905450321,2.278093739993587
-2.023918887602658,1.5059655007752777,-0.6702749609460206,4.556187479987174,-0.01193100155055532,2.2777729299151654
-2.019765757457348,1.5066268663843134,-0.6699079348617033,4.555545859830331,-0.013253732768626634,2.277113926624532
-2.017758988308903,1.5061601100166728,-0.6712674400260423,4.554227853249064,-0.012320220033345411,2.277419966670417
-2.0068761629586103,1.5064705383922583,-0.6714628272655745,4.554839933340834,-0.012941076784516318,2.277454607618811
-2.0002970644013507,1.5068164157591317,-0.6716007578084339,4.554909215237622,-0.013632831518263264,2.276783237778338
-1.996472968457351,1.5061550233130863,-0.6732901861477406,4.553566475556676,-0.012310046626172523,2.277727777039986
-1.9882505935026402,1.5066964347386824,-0.673117338078939,4.555455554079972,-0.013392869477365012,2.2771430496358382
-1.9833459508625377,1.5070216566236097,-0.6732913034744598,4.5542860992716765,-0.014043313247219526,2.2764936982804405
-1.9745841768688774,1.5072699055745087,-0.6735655286903215,4.552987396560881,-0.014539811149017454,2.2763037062729903
-1.9652755000099025,1.5076610312254186,-0.6736105037706094,4.552607412545981,-0.015322062450837294,2.275903443337066
-1.9563794661937828,1.508042550726806,-0.6736828102165843,4.551806886674132,-0.016085101453612024,2.2753536749077083
-1.9451392337586872,1.5082158027108257,-0.6740641412613398,4.550707349815417,-0.016431605421651233,2.2750014738616904
-1.9305976089089443,1.508541658460456,-0.6742211704043262,4.550002947723381,-0.01708331692091225,2.274819879199048
-1.9173040014052187,1.5092140871455042,-0.6738449434614903,4.549639758398096,-0.018428174291008417,2.2740964346319297
-1.9027464408781487,1.5097307922413228,-0.673701808939145,4.548192869263859,-0.019461584482645553,2.273520650951506
-1.8837748017656697,1.5099274075581084,-0.674049311567488,4.547041301903012,-0.01985481511621679,2.2734882276770696
-1.8623137651940258,1.510516732135171,-0.6737940633084829,4.546976455354139,-0.021033464270341595,2.2731028924628953
-1.8431488867083754,1.510349482741603,-0.674722838698992,4.546205784925791,-0.020698965483206103,2.2732498451039924
-1.8214816961847988,1.510931204148232,-0.6744795572856457,4.546499690207985,-0.02186240829646391,2.2727859679272235
-1.8038507512299167,1.511029589341405,-0.6749880456587061,4.545571935854447,-0.02205917868280985,2.2725114053729425
-1.7864573505187684,1.511473840816808,-0.6749511704299131,4.545022810745885,-0.02294768163361581,2.271909358409931
-1.7729339063346128,1.5121475219603793,-0.6745636169259722,4.543818716819862,-0.024295043920758187,2.2711194480983203
-1.7584335131111528,1.5121011540547553,-0.6752883284825764,4.542238896196641,-0.024202308109510483,2.27088358063681
-1.7423698052806467,1.5125729978901397,-0.6751889916671925,4.54176716127362,-0.02514599578027922,2.27080450522427
-1.7268758003471139,1.512731279263939,-0.6755875480578146,4.54160901044854,-0.02546255852787783,2.2710415222906413
-1.7102674448990953,1.5131047645166915,-0.6756752566715722,4.5420830445812825,-0.02620952903338301,2.270398422290017
-1.6957922754139683,1.5116448350791187,-0.678645506958348,4.540796844580034,-0.023289670158237484,2.26985166883877
-1.6734534296636605,1.5120817862844942,-0.6786222409499679,4.53970333767754,-0.024163572568988424,2.2693338300904875
-1.6636213449376833,1.5124765307219137,-0.6786834175226206,4.538667660180975,-0.02495306144382745,2.268702735222296
-1.6537181941348713,1.5117096300139203,-0.6805631531257954,4.537405470444592,-0.0234192600278408,2.2686913719814803
-1.6407706216686386,1.5114099495056934,-0.681715683128001,4.537382743962961,-0.02281989901138673,2.2685272950863333
-1.6338659868400605,1.5114019620650074,-0.6823873629436069,4.537054590172667,-0.022803924130014967,2.2684767252352107
-1.631154972347179,1.5117838264513204,-0.6824550415596313,4.536953450470421,-0.023567652902640682,2.268080899131448
-1.6308323848320305,1.5122044910565857,-0.6824643981612626,4.536161798262896,-0.02440898211317119,2.2674767061544916
-1.6309385568229242,1.5122144100101238,-0.6831105000409353,4.534953412308983,-0.024428820020247204,2.267228708406097
-1.6327046721460907,1.5128010296277368,-0.6828632895385448,4.534457416812194,-0.025602059255473267,2.2664844467831387
-1.6390556418179467,1.5134638024174838,-0.6824805326240422,4.532968893566277,-0.02692760483496732,2.2659485332344866
-1.6438240291181556,1.513985312020587,-0.682330797999717,4.531897066468973,-0.02797062404117392,2.2651701367312054
-1.6478095859877209,1.5135761826861187,-0.6836142172507447,4.530340273462411,-0.027152365372237138,2.2657032567684774
-1.6466055334415146,1.5139606001436767,-0.6836644172103906,4.531406513536955,-0.027921200287353114,2.2650698604474
-1.6523017296545917,1.514423208285121,-0.6836064752103117,4.5301397208948,-0.02884641657024156,2.2644979889755623
-1.6571572291335717,1.5131619668897804,-0.6862623349765968,4.528995977951125,-0.026323933779560563,2.26543612036247
-1.6577300642632908,1.5125251340422345,-0.6879556518477992,4.53087224072494,-0.02505026808446876,2.265569278164057
-1.6680917168715226,1.5126863660321384,-0.6883701938043385,4.531138556328114,-0.025372732064276288,2.2650569001239242
-1.6827726801926053,1.5124841387998513,-0.6893670491413778,4.5301138002478485,-0.02496827759970208,2.26464483674969
-1.6984963069475487,1.5125884535282448,-0.6898297685836972,4.52928967349938,-0.025176907056489083,2.265162064807452
-1.7167513419845108,1.5126231235164818,-0.6904358159133055,4.530324129614904,-0.025246247032963104,2.264840875797658
-1.7363601052527708,1.5131027001717101,-0.6903272528034039,4.529681751595316,-0.02620540034341978,2.266357245175332
-1.7527900134534558,1.5132006027996514,-0.6908377533169956,4.532714490350664,-0.026401205599302566,2.265910706155299
-1.767879619782019,1.5130413164442125,-0.6917482918883978,4.531821412310598,-0.026082632888424554,2.266358704901927
-1.7837400787069189,1.5133952289690427,-0.6918501278879613,4.532717409803854,-0.026790457938084804,2.2660392223437213
-1.7987565826975698,1.5140315974579,-0.6915140456209314,4.532078444687443,-0.028063194915799162,2.265416018975608
-1.8113153797812984,1.5146355800983562,-0.6912329226800283,4.530832037951216,-0.029271160196711533,2.2647144885817716
-1.819297372024422,1.5148658549080185,-0.6915325841915019,4.529428977163543,-0.02973170981603626,2.264538262481818
-1.8240711913601935,1.513647310253706,-0.694108980662999,4.529076524963636,-0.027294620507411323,2.2647037969582025
-1.8257090202710777,1.5124290511769753,-0.6966652599477706,4.529407593916405,-0.02485810235394985,2.266360095132908
-1.8308144047255857,1.5123401145527595,-0.6974742190841694,4.532720190265816,-0.024680229105518352,2.2659624908240716
-1.845814631857155,1.5127649000699175,-0.6974485454921967,4.531924981648143,-0.025529800139834278,2.2655967854684147
-1.8667600644260829,1.513323398156086,-0.6972424249993484,4.531193570936829,-0.026646796312171612,2.2648772805107145
-1.8884615028731737,1.5137308411459596,-0.6972702256573079,4.529754561021429,-0.027461682291918442,2.2643984755105135
-1.904440896995499,1.5131011145527544,-0.6988922062295435,4.528796951021027,-0.026202229105507943,2.2651085827912683
-1.917114657485976,1.5128779503636427,-0.6999081178415464,4.5302171655825365,-0.025755900727284498,2.265923461036916
-1.9352229592596557,1.5128710684575666,-0.7006227289671052,4.531846922073832,-0.025742136915132097,2.2653874892098065
-1.9499698408974169,1.5130738167611992,-0.7009791852742004,4.530774978419613,-0.026147633522397556,2.265013292969612
-1.962235017915084,1.5111985632492444,-0.7046472724159417,4.530026585939224,-0.022397126498487754,2.2651196279449466
-1.9681999501167615,1.511239089673564,-0.7052479979562924,4.530239255889893,-0.02247817934712685,2.2647745151992034
-1.983482716887374,1.511172816678247,-0.7060130237580858,4.529549030398407,-0.022345633356492985,2.2648202087712717
-1.998198877556082,1.511250824295691,-0.7065548980279031,4.529640417542543,-0.022501648591381228,2.264929435575023
-2.013139193133677,1.5113801374882778,-0.7069975278396834,4.529858871150046,-0.02276027497655488,2.2650384411058075
-2.0301261115097358,1.5112892917558345,-0.7077970898094186,4.530076882211615,-0.02257858351166827,2.265112388170825
-2.0458180079415236,1.5106227504668328,-0.7094883071681738,4.53022477634165,-0.02124550093366501,2.2652583786032556
-2.059161628384474,1.5110601066098486,-0.7094652514734429,4.530516757206511,-0.022120213219696698,2.2651190970738395
-2.0793561912826606,1.5109058306492595,-0.7103676952738022,4.530238194147679,-0.021811661298518442,2.264758982296642
-2.099596231095538,1.5102755791065543,-0.7120139671950843,4.529517964593284,-0.020551158213108114,2.265427934220386
-2.12305832560366,1.5103870871320235,-0.712509749024005,4.530855868440772,-0.020774174264046562,2.2651001676909535
-2.1517823715814965,1.5095070257408225,-0.7145355712566653,4.530200335381907,-0.019014051481644346,2.265745514218769
-2.1723825032676625,1.5093503754812305,-0.7154856536543179,4.531491028437538,-0.018700750962460443,2.265226306373336
-2.193023902592583,1.5093265433587895,-0.7162206582129278,4.530452612746672,-0.018653086717578527,2.264942869769973
-2.2135916981228028,1.509314950048789,-0.7169248746136259,4.529885739539946,-0.018629900097577815,2.2650582411514932
-2.236195957671871,1.5094529037147382,-0.7173774376379353,4.5301164823029865,-0.018905807429476305,2.2650132390131037
-2.2624327435037617,1.5097575689188052,-0.7175784311770266,4.530026478026207,-0.019515137837610507,2.2645869575585924
-2.290235630014676,1.5103151542947646,-0.717389991755758,4.529173915117185,-0.0206303085895292,2.26409443709058
-2.313476127200111,1.5103103425646542,-0.7180552653662664,4.52818887418116,-0.02062068512930854,2.2645664983901113
-2.329547503078783,1.510365536736361,-0.7186339612580954,4.5291329967802225,-0.02073107347272228,2.2645712479192692
-2.3448523075040635,1.510139364083421,-0.7196436457418983,4.5291424958385385,-0.020278728166842345,2.2654224320587004
-2.3593979041527047,1.5106261350800865,-0.7195437155963739,4.530844864117401,-0.021252270160173104,2.265249652413283
-2.3691041415943697,1.5103597714927042,-0.720641474049978,4.530499304826566,-0.020719542985408505,2.2649729049095186
-2.3728523380006346,1.5105771041531528,-0.7209957969691309,4.529945809819037,-0.021154208306305648,2.2645613216317257
-2.3777660232126316,1.5108296417560017,-0.7212578884101289,4.5291226432634515,-0.0216592835120032,2.264711992802171
-2.3810170547305165,1.5103181068736722,-0.7227247904529871,4.529423985604342,-0.020636213747344267,2.2649350063232943
-2.3805999094503147,1.510719380690936,-0.7227712288372317,4.5298700126465885,-0.021438761381872007,2.2645785111599217
-2.3834675317220415,1.5110320605639254,-0.722920786470394,4.529157022319843,-0.02206412112785061,2.265338397447307
-2.3798088664900496,1.5106593384399873,-0.7241812036445363,4.530676794894614,-0.021318676879974453,2.265868146581322
-2.374472588490991,1.5108671438642909,-0.7244867941551892,4.531736293162644,-0.021734287728581565,2.266304939150464
-2.3708760168965215,1.51089584466709,-0.7251171291085126,4.532609878300928,-0.021791689334179676,2.2660865016055944
-2.3621029243195006,1.5108549732139145,-0.7258460189893134,4.532173003211189,-0.021709946427828784,2.265997234179043
-2.3530006396089247,1.5102135957703877,-0.7275509966433024,4.531994468358086,-0.020427191540775436,2.2663379421901184
-2.338326088783444,1.5098751986141576,-0.7287605165047503,4.532675884380237,-0.01975039722831549,2.2664683723651473
-2.326054808462097,1.5098517389219528,-0.7294767273772959,4.532936744730295,-0.019703477843905613,2.2662798313169312
-2.3157111209901595,1.5104078290222205,-0.7292799750198435,4.5325596626338625,-0.02081565804444082,2.26571736569193
-2.306667148522714,1.5103675491956352,-0.7300127975251357,4.53143473138386,-0.020735098391270374,2.2660893849672137
-2.292896055622806,1.5096434028312864,-0.7318496718823435,4.532178769934427,-0.019286805662572726,2.2664976799186256
-2.2792356426186124,1.5095409646577804,-0.7327035069162777,4.532995359837251,-0.019081929315560662,2.266560959641202
-2.2740611674551268,1.5097734407948065,-0.7330156326172671,4.533121919282404,-0.019546881589612687,2.266153151377104
-2.2703433840563316,1.5093320434609565,-0.734339122147676,4.532306302754208,-0.018664086921912845,2.2665437242871183
-2.2640972705389926,1.5098755977884748,-0.7341488160556975,4.5330874485742365,-0.019751195576949623,2.265968833801574
-2.2614456455482026,1.509848060313242,-0.7348661475613663,4.531937667603148,-0.01969612062648422,2.2660223256714525
-2.257080881803713,1.509583688341418,-0.7359344386113186,4.532044651342905,-0.01916737668283593,2.266109947571485
-2.2512976779694287,1.5097035807953894,-0.7364451786834021,4.53221989514297,-0.019407161590778804,2.2658093344012302
-2.2491710749091203,1.508932040306538,-0.7382865375205092,4.5316186688024604,-0.01786408061307604,2.265922780568573
-2.245925118759379,1.5088536366398473,-0.7391027355457062,4.531845561137146,-0.01770727327969443,2.265525471095329
-2.2456774831581474,1.5085694632274609,-0.7401828520705441,4.531050942190658,-0.01713892645492158,2.2663859644241193
-2.248106241868973,1.5091092294014299,-0.7400187398453775,4.532771928848239,-0.018218458802859598,2.2658089509406603
-2.256079141150625,1.5090042238236892,-0.7408716579782326,4.5316179018813205,-0.018008447647378308,2.2654217115632185
-2.25750795203949,1.5089961151525797,-0.7415555845125568,4.530843423126437,-0.01799223030515956,2.265540368358477
-2.261161829466141,1.5089433736616276,-0.7423076501667378,4.531080736716954,-0.017886747323255462,2.265756313914701
-2.2651913316388863,1.5092677126312142,-0.7424510250276517,4.531512627829402,-0.01853542526242847,2.2655471245166288
-2.270536422188263,1.5093844188267813,-0.7429246753666323,4.5310942490332575,-0.018768837653562926,2.2654752785246886
-2.2709550955592577,1.509044630769933,-0.7441767390937839,4.530950557049377,-0.018089261539866147,2.2653498513465986
-2.268139664590277,1.50941676047985,-0.7442608596618857,4.530699702693197,-0.01883352095970036,2.2652184466792322
-2.2687811464611056,1.5100819091879032,-0.743895789048008,4.5304368933584644,-0.020163818375806566,2.264476803056816
-2.27185454184619,1.5098473991493966,-0.7449336325653073,4.528953606113632,-0.01969479829879355,2.26503440117297
-2.26749678560354,1.5101350304002665,-0.7451818230552316,4.53006880234594,-0.020270060800533382,2.264563472540925
-2.2625554750063674,1.5103281929738481,-0.7455646784506116,4.52912694508185,-0.020656385947696674,2.264085942564617
-2.255294020930305,1.510177157447533,-0.7464905977505925,4.528171885129234,-0.020354314895066217,2.2637988735831525
-2.2474173590437614,1.5108657576334699,-0.7460746509773588,4.527597747166305,-0.021731515266940178,2.263968893593202
-2.240525744136828,1.511370886674943,-0.7459481961678325,4.527937787186404,-0.022741773349886224,2.263670998626784
-2.231423113013992,1.5119115794227906,-0.7457557119429405,4.527341997253568,-0.02382315884558157,2.263261585095891
-2.219147828463319,1.5124776388513093,-0.7455481554125214,4.526523170191782,-0.024955277702618902,2.262559634363095
-2.2022845232808104,1.5131506272133681,-0.7451671387273227,4.52511926872619,-0.026301254426736517,2.26178382330964
-2.182727025393562,1.512751393338722,-0.7464561051656387,4.52356764661928,-0.025502786677444437,2.261609933738939
-2.1525122955309004,1.5129483919056381,-0.7468524751339136,4.523219867477878,-0.025896783811276653,2.2617361567789045
-2.1255338528404364,1.5130379358951513,-0.7473589181698002,4.523472313557809,-0.02607587179030294,2.261495705249634
-2.0965155332050482,1.513190472923286,-0.7477759051688634,4.522991410499268,-0.026380945846572194,2.2621220586345117
-2.071072052491429,1.5129811348051727,-0.7488051234162952,4.524244117269023,-0.025962269610346034,2.2618797902288224
-2.0439924660326407,1.5132969027852645,-0.7489648680312866,4.523759580457645,-0.02659380557052956,2.26170293276209
-2.0198302304018707,1.513353728440908,-0.7495318092515652,4.52340586552418,-0.026707456881816572,2.2624677661072803
-1.9938049328519813,1.513972595868062,-0.7492218223981129,4.524935532214561,-0.02794519173612491,2.261881528385919
-1.9714072977457726,1.5138766921247395,-0.7500754467516395,4.523763056771838,-0.0277533842494796,2.2613305268280715
-1.9445149182324903,1.513747060272291,-0.7509294583534368,4.522661053656143,-0.02749412054458255,2.2614550499403054
-1.9175550989034003,1.5131153219602982,-0.7525872416575389,4.522910099880611,-0.026230643920597218,2.2616661263587567
-1.892715232899203,1.51367408562812,-0.7523728743558546,4.5233322527175135,-0.02734817125624046,2.261715520515416
-1.8785793066146703,1.5139036714588021,-0.752691160044246,4.523431041030832,-0.027807342917605102,2.2613210273997337
-1.860307641570257,1.513870093271802,-0.7534143292385976,4.5226420547994675,-0.027740186543604987,2.261178920560401
-1.8426494043160453,1.5127773519940177,-0.7557666032277823,4.522357841120802,-0.02555470398803632,2.262079639882813
-1.8243223538553024,1.5124410950758604,-0.7570016657607012,4.524159279765626,-0.02488219015172186,2.2617891770118836
-1.811867644226158,1.5122123592981465,-0.7579924949637608,4.523578354023767,-0.02442471859629392,2.262559222323196
-1.806570742427445,1.5118910583342888,-0.7591846140591724,4.525118444646392,-0.023782116668578816,2.262621349569232
-1.8055652616150781,1.5111882721335383,-0.7609253847569258,4.525242699138464,-0.02237654426707805,2.263394105570404
-1.8088380600501104,1.5115606898235845,-0.7610061556111503,4.526788211140808,-0.02312137964717013,2.2652060986477576
-1.8215603835540624,1.512303623750201,-0.7605170246337944,4.530412197295515,-0.0246072475004032,2.264371537682008
-1.838800220217668,1.5126661843398934,-0.7605944488568617,4.528743075364016,-0.025332368679788046,2.264281392833285
-1.848661049901333,1.5122902125360407,-0.7618847461537587,4.52856278566657,-0.024580425072082742,2.264334595517977
-1.8564458870500045,1.5125911447157703,-0.7620766144166136,4.528669191035954,-0.025182289431541827,2.263908475777056
-1.8685828133204603,1.5117530823545755,-0.7640630955532943,4.527816951554112,-0.0235061647091522,2.2643888269489225
-1.877655033962176,1.5123911851710634,-0.7637156732655239,4.528777653897845,-0.024782370342128154,2.264153155283288
-1.893231395481493,1.5121050066135473,-0.764834625864297,4.528306310566576,-0.024210013227096146,2.2654374108673183
-1.9044548364069755,1.5122725523864424,-0.7652445049329715,4.530874821734637,-0.024545104772886548,2.2649938937378846
-1.9186623386112298,1.5124553517684642,-0.7656066532879511,4.529987787475769,-0.024910703536930114,2.2657130014303686
-1.9364432397634,1.5126915097617164,-0.7659139988148588,4.531426002860737,-0.025383019523434497,2.265386717577642
-1.9533093253225937,1.5132388272118753,-0.7657288665671903,4.530773435155284,-0.026477654423752196,2.2649623572864463
-1.9693901468014854,1.511711726426073,-0.7687661215456574,4.529924714572893,-0.02342345285214766,2.266710196207518
-1.9744341488304775,1.5120730716263313,-0.7688837901054628,4.533420392415036,-0.024146143252663947,2.2661877069987377
-1.9927107031196687,1.5120634280326972,-0.7695865748263485,4.5323754139974755,-0.02412685606539598,2.265886923727082
-2.0091739801886503,1.5127215372617582,-0.7692378829659913,4.531773847454164,-0.025443074523518044,2.2652570636446026
-2.027044002146057,1.5129534332302388,-0.7695288044233659,4.530514127289205,-0.02590686646047908,2.265191658662462
-2.035006392824255,1.5123970481775941,-0.7710583371407632,4.530383317324924,-0.024794096355189633,2.2657178751479883
-2.0378205114789454,1.512009081570913,-0.7723301685123132,4.531435750295977,-0.024018163141827396,2.2661804128760163
-2.0417341778150995,1.5123070248046548,-0.7725249223906242,4.532360825752033,-0.02461404960931107,2.2662605237881532
-2.047073074832421,1.51270602776226,-0.7725715207702457,4.5325210475763065,-0.02541205552452129,2.2659553477397183
-2.0477117478012548,1.5130855711028381,-0.7726570634207123,4.531910695479437,-0.026171142205677546,2.2654005862504176
-2.0475000665328813,1.5134737666695475,-0.7727105203072949,4.530801172500835,-0.026947533339096247,2.2650698401291844
-2.0510298082183565,1.5124050217080873,-0.7751093924654107,4.530139680258369,-0.02481004341617593,2.2649803880165598
-2.050054497783673,1.5120858206049543,-0.7762939320926499,4.5299607760331195,-0.024171641209910142,2.2653940639439134
-2.052860330049869,1.511942774661059,-0.7771931760910885,4.530788127887827,-0.023885549322119528,2.265553769473135
-2.0586155088307074,1.5121097749669077,-0.7776102682617372,4.53110753894627,-0.02421954993381711,2.2658326161800963
-2.0621105413238796,1.5126150123561382,-0.7774974704779662,4.531665232360193,-0.025230024712278077,2.265268140341593
-2.069544197345236,1.5129277220174657,-0.7776657722081513,4.530536280683186,-0.02585544403493337,2.2653105287098723
-2.0718026319503693,1.5130103902696268,-0.7782134158197106,4.5306210574197445,-0.026020780539255564,2.2651508909461815
-2.072192401023822,1.5125565252141495,-0.7796201857393941,4.530301781892363,-0.0251130504283012,2.265341418864725
-2.071316405333828,1.5131873589498173,-0.7793079452815584,4.53068283772945,-0.02637471789963688,2.2650769020743486
-2.076025561113152,1.5127135969851413,-0.7807415023312732,4.530153804148697,-0.025427193970284867,2.2647418727880537
-2.0767781441388644,1.5131848802188015,-0.7806834478072453,4.5294837455761074,-0.026369760437605284,2.264200280253554
-2.076356437471408,1.5126150958165583,-0.7822157994552356,4.528400560507108,-0.025230191633118924,2.264650793421786
-2.0722568982410636,1.5132021016431063,-0.781967503557041,4.529301586843572,-0.02640420328621502,2.2639123268475974
-2.073152227676765,1.5122664409187794,-0.7841168824114871,4.527824653695195,-0.024532881837561128,2.264718747155219
-2.0708014721288293,1.5121309100140492,-0.7850311526246831,4.529437494310438,-0.024261820028100983,2.264632145442677
-2.075135731591208,1.5126767093466813,-0.784848300613884,4.529264290885354,-0.02535341869336511,2.2641556582125557
-2.079495762088116,1.5122085370269762,-0.7862666265981046,4.528311316425111,-0.024417074053955004,2.2641120481432453
-2.0761041097531012,1.5122378787950421,-0.7868970387956266,4.528224096286491,-0.024475757590087015,2.2651025390251585
-2.0774492021441753,1.5124501776761534,-0.7872294777527884,4.530205078050317,-0.024900355352309667,2.2651464368981427
-2.081316859489674,1.5128401576527803,-0.7872963761536677,4.530292873796285,-0.02568031530556366,2.2645905932744945
-2.086598737600909,1.5129988771918197,-0.78774134943432,4.529181186548989,-0.025997754383642265,2.2639712374985272
-2.0912060185843937,1.5136267916443091,-0.7874247809160925,4.5279424749970545,-0.027253583288621056,2.2637211206149934
-2.0921405523372965,1.5138813752448748,-0.787662533106052,4.527442241229987,-0.027762750489752103,2.2636288590632714
-2.0864140394459625,1.5135348454821804,-0.7888847671467039,4.527257718126543,-0.027069690964363406,2.263874238200244
-2.07700879162185,1.5136912369439788,-0.7892854545205089,4.527748476400488,-0.02738247388796022,2.264583836192747
-2.0711928524083665,1.5125477389162474,-0.7917542029846969,4.529167672385494,-0.025095477832497645,2.2644127981978737
-2.064218538758465,1.5131563408494515,-0.7914825461689987,4.528825596395747,-0.026312681698905764,2.2641763932823933
-2.06760507315426,1.5126907112102321,-0.7928722556946196,4.528352786564787,-0.025381422420466992,2.2637302666184707
-2.064710046091724,1.5125909431133207,-0.7937067150207786,4.527460533236941,-0.025181886226643857,2.263695688447367
-2.0627809862454045,1.5123529375492917,-0.7947555344048935,4.527391376894734,-0.024705875098585975,2.263483165251936
-2.065216877283247,1.5127715903039343,-0.7947773655786531,4.526966330503872,-0.025543180607871,2.263435297670748
-2.068442223380245,1.5130140992707741,-0.7950731827728933,4.526870595341496,-0.026028198541550918,2.263174407444723
-2.071655240902003,1.5129816835356948,-0.7958166319179496,4.526348814889446,-0.02596336707139254,2.2636185280334473
-2.0705681107111285,1.5128036693927078,-0.7967632879442185,4.527237056066895,-0.02560733878541855,2.2634979231337216
-2.0730664648851835,1.5124300995595858,-0.79801747217934,4.526995846267443,-0.02486019911917447,2.264683295060004
-2.0722910511163093,1.5129291410971752,-0.7979131597393816,4.529366590120008,-0.02585828219435336,2.2642019818726444
-2.0747122737376893,1.5133040678107506,-0.7979855332017538,4.528403963745289,-0.026608135621504013,2.264050252130505
-2.0772540604593615,1.5132880854036008,-0.798684371784709,4.52810050426101,-0.026576170807204733,2.264455313948584
-2.0747400603785175,1.5135719350317751,-0.798905816146879,4.528910627897168,-0.027143870063553403,2.264293552580516
-2.0732066292049,1.5131039301266225,-0.8003157539148703,4.528587105161032,-0.026207860253248155,2.2640848757139675
-2.0693169925841404,1.5129494234112826,-0.8012139600100309,4.528169751427935,-0.02589884682256835,2.264158088634781
-2.070403403269373,1.5134868513854771,-0.8010559317819261,4.528316177269562,-0.026973702770957286,2.2634492686141043
-2.074779314535964,1.5122793740425746,-0.8036313077753746,4.526898537228209,-0.024558748085152283,2.2641177858394603
-2.0756607518153833,1.511534737174566,-0.8054721030606422,4.528235571678921,-0.023069474349134856,2.264346801892046
-2.0835659835713427,1.511513985288994,-0.8061615479272163,4.528693603784092,-0.02302797057799095,2.264964932705848
-2.0948809330559937,1.5115844245771566,-0.8067307205846409,4.529929865411696,-0.023168849154315843,2.2648886227430673
-2.1073618480344924,1.5116032595712325,-0.8073852183633083,4.529777245486135,-0.023206519142467668,2.2648484601375594
-2.1150718654620464,1.5115407418031432,-0.8081911858630111,4.529696920275119,-0.023081483606288897,2.265646846447411
-2.126462882885778,1.5116528561111193,-0.8086843296519052,4.531293692894822,-0.023305712222240985,2.2656126275836375
-2.1365793179634407,1.5121200237913919,-0.808643374461605,4.531225255167275,-0.02424004758278596,2.2649332354724065
-2.1464411678448525,1.5122730051757867,-0.809086765287036,4.529866470944813,-0.024546010351575467,2.26479768197202
-2.151477138682402,1.51200616692807,-0.8101984240398576,4.52959536394404,-0.02401233385614207,2.2645332676333787
-2.1569060192407825,1.5124631798974322,-0.8101654423544857,4.529066535266757,-0.024926359794866397,2.263968291305659
-2.1665389989795525,1.5119710243711817,-0.8116202568066292,4.527936582611318,-0.023942048742365385,2.264183155366185
-2.17066412442765,1.5119585064501886,-0.8123209951029461,4.52836631073237,-0.023917012900379068,2.264261327905557
-2.1770898842461066,1.5120465269062913,-0.8128658934710089,4.528522655811114,-0.02409305381258456,2.264239169247091
-2.1819416327545813,1.5118122207955595,-0.8138701442738933,4.528478338494182,-0.023624441591121037,2.265263105953617
-2.1884264646038316,1.5121233057690537,-0.8140414055690484,4.530526211907234,-0.02424661153810948,2.2651276121638046
-2.1993132745181967,1.512191632154147,-0.8146202934254705,4.530255224327609,-0.024383264308296057,2.2648594138797424
-2.207500945151237,1.5123187115953987,-0.8151122081786987,4.529718827759485,-0.024637423190799326,2.2645669451431774
-2.2167970935808317,1.512036909139187,-0.8162128613211485,4.529133890286355,-0.024073818278376062,2.2651098937924274
-2.222036401553031,1.5121566646761957,-0.8167008678776145,4.530219787584855,-0.024313329352393574,2.2648418217322095
-2.22849604553456,1.5124623084378546,-0.8168986303220955,4.529683643464419,-0.024924616875711094,2.2645539271326
-2.2379547411900873,1.5123718219530897,-0.8177160959887708,4.5291078542652,-0.024743643906181268,2.264719043415187
-2.2396211699100004,1.5121633619266681,-0.8187347915748959,4.529438086830374,-0.024326723853337846,2.264452981159271
-2.237866814032802,1.511360499032127,-0.8207233685949807,4.528905962318542,-0.022720998064255805,2.264100046815047
-2.2350257834243443,1.511239366090338,-0.8216227829405608,4.528200093630094,-0.022478732180677707,2.2640655980594304
-2.2372751913055096,1.5112956930039698,-0.8221948188870173,4.528131196118861,-0.02259138600794138,2.2643636861718845
-2.2403918908775347,1.5116800931702268,-0.8222553096439185,4.528727372343769,-0.02336018634045514,2.2643296227972147
-2.2434469495902913,1.5121019521899528,-0.8222891100519988,4.5286592455944294,-0.024203904379907378,2.2640336728110233
-2.2446143761983297,1.5120618527669758,-0.8230460622129823,4.528067345622047,-0.024123705533953283,2.2641090300309443
-2.2446913783876625,1.5123211466203255,-0.8233166364633727,4.528218060061889,-0.024642293240652757,2.2637314845161476
-2.2463211970585104,1.511796168021606,-0.8248420543600093,4.527462969032295,-0.023592336043213924,2.2639500202260434
-2.2429928747706978,1.5116035297007067,-0.8258390171540436,4.527900040452087,-0.023207059401414872,2.263784967860733
-2.245417955427337,1.5121431634132287,-0.8256700402176316,4.527569935721466,-0.024286326826458936,2.263889975614062
-2.2482885256778533,1.5125858221055188,-0.8256493284543746,4.527779951228124,-0.025171644211039273,2.2634914684032097
-2.2471833189436343,1.513019143517925,-0.825629871825718,4.526982936806419,-0.026038287035851447,2.2632738990877646
-2.243662522456316,1.5122632596915593,-0.8274860520224686,4.526547798175529,-0.02452651938312002,2.2640694336479017
-2.2331994252428755,1.5126301949479604,-0.827597795116499,4.528138867295803,-0.025260389895922268,2.2636864234624503
-2.230385227830279,1.5124877599685649,-0.8284941049545587,4.527372846924901,-0.024975519937131273,2.263424327095982
-2.2244206788613443,1.5122683355586402,-0.829539305378954,4.526848654191964,-0.02453667111728162,2.2635338452918754
-2.2195220017787842,1.512224838333475,-0.8302700492079641,4.527067690583751,-0.024449676666951376,2.2640908266170903
-2.214819816903537,1.5120938175098164,-0.8311545066437283,4.5281816532341805,-0.02418763501963413,2.26402756302634
-2.2107188526501873,1.5118958838770629,-0.8321495978823767,4.52805512605268,-0.023791767754126832,2.2646605963342834
-2.2088175998025794,1.5120193786524687,-0.8326360561223778,4.529321192668567,-0.02403875730493836,2.2650160441667757
-2.2083056844263576,1.5123260948928834,-0.8328022201556065,4.530032088333551,-0.024652189785767876,2.265575636261014
-2.2067581192091046,1.513001254364624,-0.8323900989919539,4.531151272522028,-0.026002508729249398,2.265428854546462
-2.2012237467446587,1.5134150645802427,-0.8324273783544172,4.530857709092924,-0.02683012916048676,2.264900777475438
-2.1896297267438865,1.5139059746438739,-0.832341813270649,4.529801554950876,-0.027811949287749157,2.2644952484202836
-2.1762246774138365,1.5141529846716328,-0.8326375840562994,4.528990496840567,-0.028305969343267234,2.2641588862108613
-2.161574376750808,1.514327462111481,-0.8330521919380857,4.5283177724217225,-0.02865492422296369,2.264753116886416
-2.148077845402264,1.5147254190388777,-0.8330686793049017,4.529506233772832,-0.02945083807775718,2.265320613207565
-2.134348283163357,1.514628473881595,-0.833894083635711,4.53064122641513,-0.029256947763191453,2.2651351968506335
-2.1187096120514646,1.514967765094776,-0.8340203167725425,4.530270393701267,-0.029935530189553645,2.2650626329853427
-2.1027796209164693,1.5153451750908513,-0.834119357588374,4.530125265970685,-0.030690350181704358,2.265394207806758
-2.0845560779232293,1.5159175713905926,-0.8339022072466171,4.530788415613516,-0.0318351427811868,2.2651053883984416
-2.0684683416546226,1.5161337855728512,-0.8342388469938335,4.530210776796883,-0.032267571145704194,2.264739625823885
-2.0508768256843384,1.5162597334621735,-0.8347142240674054,4.52947925164777,-0.03251946692434901,2.264876809688293
-2.0348992485637436,1.5167206162049836,-0.8346558833272268,4.529753619376586,-0.033441232409969116,2.2647564851209103
-2.0167570785294098,1.5163355292096574,-0.8359518149216808,4.529512970241821,-0.03267105841931686,2.264623427399682
-1.9963221838851481,1.5168962045478382,-0.8357433150059843,4.529246854799364,-0.03379240909567837,2.264038056871075
-1.979907196803741,1.516777087202163,-0.8366183109553608,4.52807611374215,-0.03355417440432815,2.2635295278430037
-1.9580409922834852,1.5173417263705982,-0.8364081586831976,4.527059055686007,-0.034683452741198134,2.263371756733014
-1.9389570437632884,1.5172267412931517,-0.8372270474722764,4.526743513466028,-0.03445348258630527,2.2646321362582738
-1.9149628860966503,1.5170487542068551,-0.8381749497310278,4.5292642725165475,-0.034097508413712056,2.2645690318005856
-1.8912357627569356,1.517532720397906,-0.8380997950410568,4.529138063601171,-0.03506544079581376,2.2639012368665186
-1.8713407103473187,1.5178404800375918,-0.8383174422349565,4.527802473733037,-0.03568096007518524,2.2634814004938493
-1.850696508340183,1.517959525847031,-0.8387966503585244,4.5269628009876985,-0.03591905169406389,2.263195565696598
-1.833222176789214,1.5176181637426032,-0.8400013008806652,4.526391131393196,-0.035236327485208205,2.2630359963784703
-1.8170082509575725,1.517819464067493,-0.8403383592353236,4.526071992756941,-0.03563892813498773,2.262896618133434
-1.807010391874328,1.5179681221451369,-0.8408007895939011,4.525793236266868,-0.03593624429027554,2.262553914357074
-1.7978860437607997,1.5178764549758783,-0.8416363416184117,4.525107828714148,-0.03575290995175858,2.26216946178489
-1.7890768880658983,1.5168008440885266,-0.8439964028186239,4.52433892356978,-0.03360168817705509,2.262233089529683
-1.780918997172332,1.5173697815439438,-0.843771358232674,4.524466179059366,-0.034739563087889586,2.26192660258301
-1.7809633186579312,1.516484913163788,-0.8458280330352176,4.52385320516602,-0.03296982632757846,2.2616050694834557
-1.7764766121927447,1.5150351418557106,-0.8487544372255051,4.5232101389669115,-0.03007028371142345,2.26350057776551
-1.776201884803751,1.5155152908045397,-0.8486778562728899,4.52700115553102,-0.031030581609081797,2.262846413574759
-1.7894018376952041,1.5157421722353654,-0.8490140291129213,4.525692827149518,-0.03148434447073317,2.26248969117273
-1.8011645861442886,1.516219240355679,-0.8489539242218791,4.52497938234546,-0.032438480711360025,2.2622248099260736
-1.8137606383395743,1.5163215079629937,-0.849469899779538,4.524449619852147,-0.03264301592598948,2.2621943622930334
-1.825925568414283,1.5160913392831317,-0.850539081737825,4.524388724586067,-0.03218267856626542,2.261396389149257
-1.8357748780747216,1.5162524048987178,-0.8509276478885004,4.522792778298514,-0.03250480979743759,2.26146218519942
-1.8513317263917022,1.5160312580386068,-0.851937590706539,4.52292437039884,-0.03206251607721561,2.262576351235124
-1.865075836247264,1.5149767443409061,-0.8543155756945627,4.525152702470248,-0.029953488681814355,2.261943346752205
-1.881215119772596,1.5146547048560963,-0.8555160039272094,4.52388669350441,-0.02930940971219458,2.261558821038144
-1.9028516602155492,1.5149563701063031,-0.8557359854997248,4.523117642076288,-0.029912740212608344,2.2609511742528023
-1.9269669886129666,1.515116193295968,-0.8561202548117606,4.521902348505605,-0.030232386591937964,2.2616023488287493
-1.9522083366690937,1.5150545127710757,-0.8569096705512725,4.523204697657499,-0.030109025542153157,2.2615051209983186
-1.977781341447665,1.5153231592688592,-0.8571918065118879,4.523010241996637,-0.030646318537720013,2.260945926136479
-2.005079676048585,1.5150813373863643,-0.8582382224505253,4.521891852272958,-0.030162674772730238,2.2614430301697657
-2.0281541069168045,1.5154532098213256,-0.8583453519071368,4.522886060339531,-0.030906419642652984,2.260847670962844
-2.054629146064253,1.5141590142082988,-0.861087332449501,4.521695341925688,-0.028318028416599476,2.261683746488318
-2.0751826786957017,1.5137576143596279,-0.8624190123443681,4.523367492976636,-0.027515228719257462,2.2615793405758797
-2.101920964022071,1.5139586752469922,-0.862774340317814,4.5231586811517595,-0.02791735049398644,2.261764056031692
-2.127373918890568,1.513995831724879,-0.8634260563267752,4.523528112063384,-0.027991663449760056,2.261526489658688
-2.15441774572407,1.5136318495581929,-0.8646865182020241,4.523052979317376,-0.027263699116387676,2.2619405808249917
-2.1760188518201904,1.5139163876300437,-0.8649473378599352,4.523881161649983,-0.0278327752600893,2.261276150939715
-2.194669533560491,1.5144191220006342,-0.86485388155358,4.52255230187943,-0.028838244001270295,2.26067873318888
-2.214339285664797,1.5151298154133137,-0.8644325532502964,4.52135746637776,-0.030259630826629486,2.259874073887813
-2.2316842685772813,1.5145311026177959,-0.8660326575892487,4.519748147775626,-0.029062205235593684,2.260252218603871
-2.242257087502164,1.514954406797515,-0.8660539063043411,4.520504437207742,-0.029908813595031843,2.259686348108328
-2.2575198364483455,1.5153280977431498,-0.8661334539748724,4.519372696216656,-0.03065619548630141,2.259408107631236
-2.267971041836468,1.5156670842904254,-0.8662518571513094,4.518816215262472,-0.031334168580852716,2.259492062157068
-2.2759253649529985,1.515481364243204,-0.867193396178915,4.518984124314136,-0.03096272848640957,2.25985428381667
-2.2783983463790083,1.515598979221812,-0.8676966209986009,4.51970856763334,-0.031197958443625717,2.260192236813321
-2.277132034665316,1.5156161443212022,-0.8683452699862597,4.520384473626642,-0.031232288642405744,2.2599609351377272
-2.272424928549402,1.5162104861076784,-0.8680911202571917,4.5199218702754544,-0.0324209722153581,2.2594594431177195
-2.2698467094688266,1.5164284654906104,-0.8684223227937342,4.518918886235439,-0.032856930981221916,2.259750550309675
-2.2622344523109637,1.5166130980178916,-0.8687947683324305,4.51950110061935,-0.03322619603578409,2.259664008917354
-2.2522211497101576,1.5163826749868963,-0.8698363409274339,4.519328017834708,-0.032765349973793365,2.2608370010767374
-2.240910704327157,1.516918560600596,-0.8696827839481384,4.521674002153475,-0.033837121201192775,2.2601941515947566
-2.230891990614808,1.5166283698781988,-0.87084771662857,4.520388303189513,-0.03325673975639837,2.259791185262426
-2.216948525963795,1.5162695952907386,-0.8720996922737859,4.519582370524852,-0.03253919058147802,2.2601058356984205
-2.198834950090661,1.5164049962432475,-0.8725584760113734,4.520211671396841,-0.03280999248649581,2.259957957798612
-2.1815392275918217,1.5167416813236037,-0.8727109165724718,4.519915915597224,-0.033483362647208165,2.2600131046779524
-2.164939628961126,1.5168740871164974,-0.8731521507077478,4.520026209355905,-0.03374817423299551,2.260235471250411
-2.1460825630697675,1.5169336134976146,-0.873716304131567,4.520470942500822,-0.03386722699523005,2.2603479157777158
-2.12480630698483,1.5171380313283214,-0.8740587430467052,4.5206958315554315,-0.03427606265664382,2.2603247476194444
-2.105309185187414,1.5166426952751106,-0.8755199799422275,4.520649495238889,-0.03328539055022249,2.2615460038686277
-2.0862034777223384,1.5159446284242233,-0.8773113861163321,4.523092007737255,-0.03188925684844797,2.262229791289339
-2.0741150897173477,1.5159150370442254,-0.8780457547312286,4.524459582578678,-0.03183007408845207,2.2625629141646115
-2.0644721856622,1.51547553585546,-0.8794472831433503,4.525125828329223,-0.030951071710921086,2.2621545811685873
-2.0567057777047073,1.5160626144711995,-0.8792200974019,4.5243091623371745,-0.03212522894240023,2.2615096685144365
-2.055985052012568,1.5157533934455245,-0.8803979984034015,4.523019337028873,-0.03150678689105006,2.2621725631754757
-2.051632876150029,1.5150501719176797,-0.8821976700878178,4.524345126350951,-0.030100343835360414,2.262294485547667
-2.04730131587006,1.5146913748955146,-0.8834380396431027,4.524588971095334,-0.02938274979103059,2.2627138780184537
-2.0478129753960332,1.5134498471840312,-0.886034701206745,4.525427756036907,-0.026899694368063727,2.264912264836477
-2.0482723564124603,1.513315754384282,-0.8869181021883155,4.529824529672954,-0.026631508768565085,2.264836613594813
-2.060449345964921,1.5132258888311183,-0.8877505929640002,4.529673227189626,-0.026451777662237937,2.2647048625066244
-2.0751048901861804,1.5136826794873914,-0.8877319639169219,4.529409725013249,-0.02736535897478427,2.264389213237779
-2.0931467676180495,1.5136238422591997,-0.8884949290526324,4.528778426475558,-0.027247684518400546,2.264546992455928
-2.1067648175376994,1.5143095587470827,-0.888100461792476,4.529093984911856,-0.028619117494166773,2.264204754120868
-2.1263770751766122,1.5151028401928863,-0.887544761368953,4.528409508241736,-0.03020568038577413,2.263822134787907
-2.1405942862991063,1.5145113530251875,-0.8891552800112656,4.527644269575814,-0.029022706050376625,2.264230870589069
-2.143139572526816,1.5148737447558824,-0.8892638119692415,4.528461741178138,-0.029747489511766676,2.2638070091066034
-2.1515161593468335,1.5143858542097732,-0.8907001672944886,4.527614018213207,-0.028771708419548046,2.2639761125066737
-2.1577147762676447,1.5150307481646208,-0.890364939014828,4.5279522250133475,-0.030061496329243372,2.2634370424362134
-2.1697117105284063,1.5155797067781087,-0.8902072493024035,4.526874084872427,-0.031159413556219307,2.2628762631481267
-2.1773902364380486,1.5146948174722537,-0.8922997676102534,4.5257525262962535,-0.029389634944509035,2.262906618680823
-2.1789393894652327,1.5142666408545093,-0.8936767716644748,4.525813237361646,-0.028533281709020277,2.2632569737422616
-2.1829155055908513,1.514302453977143,-0.894309506506612,4.526513947484523,-0.02860490795428774,2.263103817306423
-2.1868490342482105,1.5143188052090508,-0.8949635688841879,4.526207634612846,-0.02863761041810313,2.263488127325659
-2.1901653414274387,1.5132839713445316,-0.8972525970605141,4.526976254651318,-0.0265679426890647,2.264327895499462
-2.1884650244249286,1.5137392169802135,-0.8972452301320701,4.528655790998924,-0.02747843396042834,2.2637422816498547
-2.1982118664543195,1.5137856966623437,-0.8978750779949666,4.527484563299709,-0.027571393324688807,2.2633456801962377
-2.2024859367593694,1.5124038876252979,-0.900716551294754,4.526691360392475,-0.02480777525059687,2.266049239591464
-2.199559473537394,1.5120599294286683,-0.9019397954929501,4.532098479182928,-0.0241198588573379,2.2665986779491747
-2.202487322472682,1.5120702015180458,-0.9026245005393955,4.533197355898349,-0.02414040303609293,2.2666580801563887
-2.2027114961367142,1.5115525272779406,-0.904136341647061,4.533316160312777,-0.023105054555882742,2.2680992713340276
-2.20050977750233,1.5116195673140993,-0.9047387694396821,4.536198542668055,-0.023239134628199973,2.267700589938076
-2.2012777913853254,1.5118798307535377,-0.9049994187665914,4.535401179876152,-0.023759661507076785,2.267672724357698
-2.204701925572829,1.5116426063897748,-0.9060660451454721,4.535345448715396,-0.023285212779551014,2.2680741593736604
-2.2048770508586504,1.5113254647647125,-0.9072570148076032,4.536148318747321,-0.02265092952942659,2.268661464607711
-2.2106732159436113,1.5107864874031993,-0.9087823687429092,4.537322929215422,-0.02157297480640012,2.2688113164788133
-2.2242571044267194,1.5110161027024525,-0.9091277252696572,4.537622632957627,-0.022032205404906594,2.2684860989273914
-2.239507968065002,1.5114855271476033,-0.9090886013224784,4.536972197854783,-0.022971054295208473,2.267840508329848
-2.256170797490581,1.5112413248911283,-0.9101691104098912,4.535681016659696,-0.02248264978225852,2.2683348086975528
-2.265840349971411,1.5116600410257033,-0.9102051528095587,4.5366696173951055,-0.02332008205140837,2.2679054636812146
-2.2827673554560937,1.5122997965815281,-0.9098849570979071,4.535810927362429,-0.024599593163058077,2.2675376211284117
-2.301279354800239,1.5122927448641432,-0.9105902162347342,4.5350752422568235,-0.02458548972828825,2.2670942542659613
-2.3098006148278443,1.512767919572548,-0.9105419435416274,4.534188508531923,-0.025535839145098032,2.267039232758351
-2.3173570587140313,1.513019816978031,-0.9108442043524622,4.534078465516702,-0.02603963395606346,2.2670142470721704
-2.3212940511880795,1.512939809140881,-0.91166144408656,4.534028494144341,-0.025879618281763658,2.267698217297468
-2.32275612668532,1.513278174243085,-0.9118362073590931,4.535396434594936,-0.026556348486171395,2.2674897446986426
-2.321089210718246,1.5130638644247496,-0.912858504590918,4.534979489397285,-0.026127728849500882,2.267946152217807
-2.318559923129144,1.5127112501036746,-0.9140920876080396,4.535892304435614,-0.025422500207350953,2.2684370603815456
-2.316670403469412,1.511563680435209,-0.9166378850373897,4.536874120763091,-0.023127360870420104,2.2683776171570615
-2.3086381676817864,1.5121599018573704,-0.9164013291023835,4.536755234314123,-0.02431980371474294,2.2680980336565355
-2.307853679451368,1.5114486224570651,-0.9182288650132854,4.536196067313071,-0.022897244914132458,2.2689430397497286
-2.299522388597022,1.5119515375920871,-0.918135204345698,4.537886079499457,-0.023903075184176333,2.2691200176323125
-2.294817059456528,1.5124460475802115,-0.9180672035359464,4.538240035264625,-0.024892095160425308,2.2685099957206676
-2.287055735387532,1.5129177305871735,-0.9180211220241041,4.537019991441335,-0.02583546117434947,2.2684283126829086
-2.277425442514658,1.5131877732763774,-0.9182985671489695,4.536856625365817,-0.026375546552757263,2.268328337035736
-2.26308772235939,1.5136041793309145,-0.918325471466646,4.536656674071472,-0.02720835866183159,2.2683224813704097
-2.2460548616763063,1.5130940866368945,-0.919795269077691,4.536644962740819,-0.02618817327379163,2.268830752893181
-2.2217920996745275,1.5121161087639283,-0.9220311077024351,4.537661505786362,-0.02423221752785924,2.268931824763528
-2.199828927999413,1.5119146132853254,-0.923060450628198,4.537863649527056,-0.023829226570653363,2.2684079054258826
-2.1866835213073768,1.5121468287789548,-0.9234153260531023,4.536815810851765,-0.024293657557912005,2.2683393040635815
-2.1746343619803645,1.5124507342057119,-0.9236038967958191,4.536678608127163,-0.02490146841142604,2.2689044402227667
-2.164237107219612,1.5131491690892014,-0.9231994232409207,4.537808880445533,-0.026298338178405094,2.2686265585865955
-2.1577109174047147,1.5122085702527595,-0.9253406041109941,4.537253117173191,-0.024417140505521448,2.27126737510735
-2.1424594725686803,1.5119339638286624,-0.9264440135753965,4.5425347502147,-0.023867927657327186,2.274259969931801
-2.135844817486074,1.5122381179799085,-0.9266705164347847,4.548519939863602,-0.02447623595981922,2.27428713727711
-2.1337082038639226,1.5114436754062444,-0.928606520744048,4.54857427455422,-0.022887350812490843,2.274877825565506
-2.1272179866408742,1.5107233300817644,-0.9304236204773656,4.549755651131012,-0.021446660163531125,2.275797622914451
-2.126476297611097,1.51107755393418,-0.9305593559555502,4.551595245828902,-0.022155107868362535,2.2760538839394013
-2.1309582413838806,1.5109841680767901,-0.9313753587941026,4.552107767878803,-0.02196833615358248,2.2765023772834483
-2.1313048675793413,1.5114308182813072,-0.9313570167633748,4.553004754566897,-0.022861636562616642,2.2761564211728893
-2.129543841906571,1.5118975800482615,-0.9313451492553688,4.552312842345779,-0.02379516009652505,2.275514357470252
-2.12947186119749,1.5117865920959832,-0.9322251986113358,4.551028714940504,-0.023573184191968712,2.2753571869633054
-2.1227518827251792,1.5114941820553445,-0.9334051316723467,4.550714373926611,-0.02298836411069123,2.2749808892551147
-2.119488279421073,1.510890734340723,-0.9350765931705245,4.549961778510229,-0.02178146868144833,2.274956219103284
-2.1200903600954404,1.5113575981163196,-0.9350392664820402,4.549912438206568,-0.02271519623264179,2.2744857779817136
-2.129201330203971,1.5121840632234491,-0.9344428546176585,4.548971555963427,-0.02436812644690082,2.273843142535505
-2.1384109861937626,1.512927983068976,-0.9339697465823784,4.54768628507101,-0.025855966137954288,2.2731450883551534
-2.1431799165331844,1.5126104615275213,-0.9351499877061441,4.546290176710307,-0.02522092305504525,2.273861324732632
-2.137930586258584,1.5133204061293868,-0.9347293186684291,4.547722649465264,-0.02664081225877609,2.2732842780963574
-2.1330779261006265,1.5126058529567745,-0.9365497622995698,4.546568556192715,-0.025211705913551565,2.2729627392855374
-2.11888064688673,1.5125613620027432,-0.9373294889455093,4.545925478571075,-0.025122724005488865,2.2729055405533485
-2.1106995918849574,1.5124350554509944,-0.9382145896722291,4.545811081106697,-0.024870110901991566,2.2740472892727928
-2.104335213605107,1.511803629828276,-0.9399077040026499,4.5480945785455855,-0.023607259656554833,2.274458979706034
-2.102199777086347,1.5120611465802147,-0.9401951821603712,4.548917959412068,-0.02412229316043224,2.2743578709079326
-2.1014207301221055,1.5122820260100531,-0.9405411177653015,4.548715741815865,-0.024564052020108997,2.274311755577243
-2.0980789492904774,1.5126507203778667,-0.9406763323667865,4.548623511154486,-0.025301440755736166,2.2737742458050927
-2.0956699783207835,1.5125623330034386,-0.9415163459173547,4.547548491610185,-0.025124666006879993,2.2740692872225208
-2.086987729833465,1.5122152990578772,-0.9427570462519297,4.5481385744450415,-0.024430598115757342,2.2739704428995307
-2.075227298955955,1.5118635177730084,-0.9440145613995602,4.547940885799061,-0.02372703554601995,2.275321692680422
-2.066971152110674,1.5113838867940363,-0.9454931658022085,4.550643385360844,-0.02276777358807568,2.275331799136625
-2.059591572492008,1.511363316708732,-0.9462341935926736,4.55066359827325,-0.022726633417466884,2.2749739434736864
-2.058089470013282,1.5095825460514003,-0.9496874955365792,4.549947886947373,-0.019165092102803708,2.2778874389025052
-2.055036938388948,1.50886496601921,-0.951511567681334,4.5557748778050104,-0.017729932038422797,2.278995961928448
-2.060461321661863,1.5089664461090635,-0.9520267402416033,4.557991923856896,-0.017932892218129742,2.279264678307264
-2.0698192302287564,1.5086370663661062,-0.9532459869685017,4.558529356614528,-0.01727413273221496,2.2791493119330846
-2.0752517009786375,1.5093779824111266,-0.9527925802296464,4.558298623866169,-0.018755964822255885,2.27853412278335
-2.087715777671005,1.5089717318503235,-0.9541505642499136,4.5570682455667,-0.017943463700649493,2.2783015865448406
-2.0992421803536514,1.509126975486238,-0.9546152621867875,4.556603173089681,-0.018253950972478318,2.278110190317497
-2.119596620715723,1.5082552700049023,-0.9566993507253975,4.556220380634994,-0.016510540009806878,2.2784842737466313
-2.135379930103561,1.508531572697565,-0.9569785661328681,4.556968547493263,-0.01706314539513212,2.2783834597012675
-2.162846818495462,1.5091885482323382,-0.9566653637050043,4.556766919402535,-0.018377096464678378,2.2778361909861546
-2.1870752711620365,1.508596562917645,-0.9583231830774815,4.555672381972309,-0.017193125835292006,2.277711602814956
-2.203618465729229,1.5080021355045556,-0.9599578646303215,4.555423205629912,-0.016004271009113433,2.279234400667111
-2.222086412539979,1.507676315623334,-0.9611579807613516,4.558468801334222,-0.015352631246670086,2.280005181339814
-2.2410114519782076,1.5082530589938798,-0.9609768037268611,4.560010362679628,-0.0165061179877619,2.279434013708111
-2.2650187598729987,1.508307252785128,-0.9616108885650384,4.558868027416222,-0.01661450557025812,2.279438547596963
-2.285081238191063,1.5081658232553947,-0.9625432107224055,4.558877095193926,-0.01633164651079164,2.279583725511579
-2.3062862749741013,1.508016508451636,-0.963477379076358,4.559167451023158,-0.016033016903274053,2.2801188198421993
-2.3274412431195177,1.508319907142928,-0.9637129271926823,4.560237639684399,-0.01663981428585849,2.2796906949995033
-2.348459919951213,1.5084613561741333,-0.9641616848276438,4.5593813899990066,-0.01692271234826904,2.2810921920718834
-2.3652133185620965,1.5078366445275977,-0.9658521608031386,4.562184384143767,-0.01567328905519767,2.2818230569586966
-2.376351277055297,1.5083059990503598,-0.9658037087843894,4.563646113917393,-0.016611998100721757,2.2819034328000853
-2.3923224328010173,1.5075251448038602,-0.9677221542083708,4.563806865600171,-0.015050289607722733,2.2833008155585603
-2.3946444918892715,1.507708090152616,-0.9681451813823735,4.566601631117121,-0.015416180305234279,2.2844282075675992
-2.3987981211584533,1.508403005216754,-0.9677649185849891,4.5688564151351985,-0.01680601043351029,2.2839266208146802
-2.402969607994818,1.5085477342241966,-0.9682520581324849,4.5678532416293605,-0.017095468448395348,2.2835078873930144
-2.3983459551158477,1.5083566561589867,-0.9693067041490392,4.567015774786029,-0.016713312317975328,2.282892753922145
-2.3968437342470117,1.509191465772949,-0.9687226024322866,4.56578550784429,-0.018382931545899952,2.282121121627273
-2.3962447399130986,1.5087082609463345,-0.9701905019446785,4.564242243254546,-0.017416521892670882,2.2826575095496713
-2.385248899301698,1.5080458477626457,-0.9719533589255256,4.565315019099343,-0.01609169552529343,2.284240918263374
-2.3715748976655817,1.5073567871159825,-0.9737575961870818,4.568481836526748,-0.01471357423196693,2.285110024861879
-2.361743360764525,1.5062504974269013,-0.9761772218826409,4.570220049723758,-0.012500994853804362,2.286657791863526
-2.357987593218913,1.5068141341704153,-0.9760203579612792,4.573315583727052,-0.013628268340832408,2.2860760164978924
-2.3599437160225447,1.5069530659267574,-0.9765267825741073,4.572152032995785,-0.01390613185351644,2.286247010417653
-2.354183010787811,1.5069016427895878,-0.9773474367032295,4.572494020835306,-0.013803285579177295,2.2862987273356046
-2.3453199327057104,1.507027091924444,-0.9778719685650961,4.572597454671209,-0.014054183848889661,2.2857918993621333
-2.340700573994081,1.5066133018934336,-0.9792441435795024,4.571583798724267,-0.013226603786868843,2.285950941234939
-2.3341494077407514,1.5064293225248844,-0.9802663696874603,4.571901882469878,-0.012858645049770336,2.285732400257388
-2.329282898535351,1.5062063849396863,-0.9813659233889965,4.571464800514776,-0.012412769879374091,2.2857905953155795
-2.3244230111206092,1.5058257694836723,-0.9826571740784739,4.571581190631159,-0.011651538967346303,2.2867044724993972
-2.322033393846803,1.506383818193099,-0.9824970104445019,4.5734089449987945,-0.012767636386199984,2.286327081921656
-2.3246502626741257,1.5048447666923013,-0.9856412949057962,4.572654163843312,-0.00968953338460416,2.2873049354363255
-2.3157244859882153,1.5047762835787193,-0.9864514656864213,4.574609870872651,-0.009552567157440173,2.2886151833177157
-2.319507751472649,1.5044352602447286,-0.9877071949802336,4.5772303666354315,-0.00887052048945865,2.288886485309709
-2.319786886530082,1.5041031423556477,-0.9889122276963168,4.577772970619418,-0.008206284711296911,2.2905022407411737
-2.322934439632323,1.5029806565092847,-0.9913982917048503,4.581004481482347,-0.005961313018571064,2.2919313831010975
-2.330712794865046,1.5035918301172189,-0.9911576381979196,4.583862766202195,-0.007183660234439544,2.2915515641620154
-2.3486047205685137,1.5017451340357741,-0.9947687342033582,4.583103128324031,-0.0034902680715499625,2.2939112514039763
-2.3555918674635032,1.5013577529737885,-0.9961081601748732,4.587822502807953,-0.0027155059475788288,2.2940357997961485
-2.380618323168041,1.501572121215508,-0.9965214747780328,4.588071599592297,-0.003144242431017843,2.2938505115227077
-2.4071319509315456,1.501335577426165,-0.9976528138914752,4.587701023045415,-0.002671154852331811,2.293749100310404
-2.428581882271179,1.5012474799714877,-0.9985424506017333,4.587498200620808,-0.00249495994297716,2.2938624074300034
-2.4485915131253586,1.5008259410282685,-0.9999221391289896,4.587724814860007,-0.001651882056539016,2.2945379460053776
-2.4635490153099755,1.5010712640097292,-1.0002874749596924,4.589075892010755,-0.002142528019460711,2.294321387890685
-2.485865567224453,1.5007403952288907,-1.001539611604938,4.58864277578137,-0.0014807904577836283,2.2950398228095077
-2.5060539243153253,1.4979498413038543,-1.0066931692354175,4.590079645619015,0.004100317392288978,2.297959406500862
-2.5211001945944425,1.497546265276662,-1.008053053517217,4.595918813001724,0.0049074694466734485,2.298486190510772
-2.5527571544066125,1.4974349967111242,-1.0089934532333045,4.596972381021544,0.005130006577749025,2.2986647832976908
-2.584981389720503,1.4976838027957644,-1.0093384133724825,4.5973295665953815,0.004632394408468632,2.2986051630190194
-2.6176114921777853,1.4980352268844122,-1.009526399184909,4.597210326038039,0.003929546231173142,2.2987915691791345
-2.64759837166188,1.498161513195364,-1.0100748317908421,4.597583138358269,0.0036769736092691417,2.300059636615089
-2.672485920249758,1.4977356898880587,-1.0115176695634596,4.600119273230178,0.004528620223879601,2.300449700691122
-2.6985273958700065,1.4984400528073114,-1.0111658269415307,4.600899401382244,0.0031198943853741365,2.300085418817565
-2.7224584763867004,1.4989919221655905,-1.0110445758441142,4.60017083763513,0.002016155668816034,2.2995456620576644
-2.739634054183182,1.4981876499834212,-1.013056256210382,4.599091324115329,0.0036247000331547418,2.299982741641851
-2.7469049328397954,1.4984505524722749,-1.0134091151314373,4.599965483283702,0.003098895055447261,2.2998081170834164
-2.757976500109612,1.4979499862697636,-1.0149333362876325,4.599616234166833,0.004100027460469973,2.300185138250135
-2.7594376509278895,1.4982814319605848,-1.0151700982696041,4.60037027650027,0.0034371360788276696,2.300091615846895
-2.768898031286296,1.4991682670527697,-1.0145263626554182,4.60018323169379,0.0016634658944579151,2.299470346893077
-2.7691346024838617,1.4994888112709712,-1.0147721564689445,4.598940693786154,0.0010223774580548637,2.299733582643308
-2.756836760461966,1.4998641268595971,-1.0149438517552982,4.599467165286616,0.0002717462808029602,2.2993642001588217
-2.7430609327134485,1.500037450545818,-1.0154394791634123,4.598728400317643,-7.490109163878168e-05,2.299101804839686
-2.724357222813893,1.499641573086558,-1.0167952607391653,4.598203609679372,0.0007168538268811654,2.2993109551416273
-2.702050422877903,1.4994300375707446,-1.0178769260522655,4.598621910283255,0.001139924858508116,2.2996976590755924
-2.6794981462162513,1.4999596977899028,-1.0177941178807222,4.599395318151185,8.06044201914673e-05,2.300654777412908
-2.6609334585239868,1.4994397708316232,-1.019378070773482,4.601309554825816,0.0011204583367507895,2.300987410163665
-2.6341427986277166,1.4994494583324596,-1.0201063007596316,4.60197482032733,0.0011010833350777916,2.3011649584705482
-2.6009431759561767,1.5000817330375311,-1.0198758950816915,4.6023299169410965,-0.00016346607506516667,2.300533962804826
-2.567269313925592,1.5000389567779373,-1.0206881976131128,4.601067925609652,-7.79135558774881e-05,2.3010928090125873
-2.5271918509894977,1.5000381360175719,-1.0214283555744446,4.602185618025175,-7.627203514644351e-05,2.3013623438392417
-2.4892491945936115,1.4992891387116465,-1.0233145442241387,4.602724687678483,0.0014217225767043271,2.302334885916663
-2.451999806891478,1.498926199174345,-1.0246501577914402,4.604669771833326,0.002147601651307325,2.3024828205706047
-2.4203226028807876,1.4989342638549135,-1.0253841703363806,4.604965641141209,0.0021314722901703336,2.3032168918127924
-2.390092732871598,1.4983670887215836,-1.0270026169079773,4.606433783625585,0.0032658225568300307,2.3044049217984304
-2.36402176475607,1.4989792905965535,-1.0267877883458434,4.608809843596861,0.002041418806890234,2.3040362459029393
-2.347830335532043,1.4987131075640343,-1.0279478987466637,4.608072491805879,0.002573784871928538,2.304994048462923
-2.3230699074922914,1.4984424957138414,-1.029118348528229,4.609988096925846,0.0031150085723144435,2.305055690895303
-2.3020388479256093,1.4987017749035338,-1.0294839782543157,4.610111381790606,0.0025964501929292678,2.3045206557374254
-2.282498329636576,1.4986210320183744,-1.0303828048193369,4.609041311474851,0.00275793596324842,2.304850805200925
-2.2636887552358838,1.4987399616137167,-1.0309154384481931,4.60970161040185,0.0025200767725639932,2.305467318033762
-2.254191943995676,1.4991743681594925,-1.0309942032914285,4.610934636067524,0.0016512636810122644,2.305487571462235
-2.247817112305703,1.499682699412178,-1.0309378665007556,4.61097514292447,0.0006346011756411787,2.30544967139239
-2.242477406286662,1.5004480531508833,-1.0304738716592938,4.61089934278478,-0.0008961063017695642,2.3046956546332575
-2.236909119951184,1.5008344763024026,-1.030590572772705,4.609391309266515,-0.0016689526048083048,2.3042346682589323
-2.2245221285612953,1.5016244016906704,-1.0300977590575944,4.608469336517865,-0.003248803381343682,2.3033912745907785
-2.211163282457384,1.501698948501534,-1.0307049836023892,4.606782549181557,-0.003397897003071028,2.304494289042991
-2.19469979505072,1.5020317332700668,-1.0309164184122943,4.608988578085982,-0.00406346654013651,2.304605864641263
-2.177389416572642,1.5019278822912527,-1.0317936756825254,4.609211729282526,-0.0038557645825086275,2.305629565294361
-2.158337432375284,1.5016790392055817,-1.0328973155038574,4.611259130588722,-0.0033580784111665605,2.306688290524237
-2.1443106293607572,1.5010069024697255,-1.0347026928622822,4.613376581048474,-0.0020138049394541214,2.3074216458581103
-2.131064238469892,1.501552546481733,-1.0346111929376556,4.6148432917162205,-0.003105092963469039,2.3068828534055807
-2.124616798988293,1.5013453862502693,-1.035659259758471,4.6137657068111615,-0.0026907725005416673,2.3084386655966798
-2.1109616720181243,1.5003027955712955,-1.0380377637670146,4.6168773311933595,-0.0006055911425943672,2.3091272397659033
-2.0952993663320654,1.5009137769373018,-1.0378295915380924,4.618254479531807,-0.0018275538746070506,2.3086821358537306
-2.0886707181052806,1.5000908358231329,-1.0398832737127395,4.617364271707461,-0.00018167164626927833,2.3086092087907226
-2.073122437874259,1.5002054065084272,-1.0404416314578733,4.617218417581445,-0.0004108130168578724,2.3087659914919363
-2.0675228694692116,1.5002695502420422,-1.0410943141716567,4.617531982983873,-0.0005391004840879638,2.3092001947753706
-2.0607214175078434,1.500602162382171,-1.041301261311188,4.618400389550741,-0.0012043247643457435,2.3093182455466725
-2.0537639300981496,1.500422495886607,-1.042341596902989,4.618636491093345,-0.0008449917732177711,2.3095130448210544
-2.0456322300689145,1.5009406716187539,-1.0422669658719916,4.619026089642109,-0.001881343237511484,2.3091327076944963
-2.0402935472847723,1.5007304425368455,-1.0433641317985163,4.618265415388993,-0.0014608850736946457,2.3090193492991498
-2.031284293334664,1.5014563914323196,-1.042978432779204,4.6180386985982995,-0.002912782864642562,2.3081938852978365
-2.0284398530947416,1.5015968488772622,-1.0435234499893582,4.616387770595673,-0.0031936977545276167,2.307984710699846
-2.022867389281787,1.5013275511827369,-1.044659241932288,4.615969421399692,-0.002655102365477127,2.3084872901074855
-2.0210662450120664,1.5006801199882551,-1.0463746397528415,4.616974580214971,-0.0013602399765137193,2.3098435503342456
-2.021999391725693,1.5008156795422376,-1.046911784158471,4.619687100668491,-0.0016313590844785238,2.3103112106226633
-2.0332500546566745,1.5013178380791317,-1.0468764766641838,4.620622421245327,-0.0026356761582665813,2.309793032160643
-2.0456648467483842,1.5015434597494806,-1.0472814392312881,4.619586064321286,-0.003086919498964234,2.309468007453108
-2.0567747456733434,1.501345172302911,-1.0483472644803682,4.618936014906216,-0.0026903446058251074,2.3100879098596514
-2.0655774863782375,1.5019881309648153,-1.0480670316172185,4.620175819719303,-0.003976261929633696,2.3096141909913257
-2.0766404135930294,1.5023404630966493,-1.0482426712794246,4.619228381982651,-0.004680926193301449,2.3096137967406456
-2.080592528439447,1.5023295159278802,-1.0490073216355393,4.619227593481291,-0.004659031855763494,2.310195675208122
-2.084999378663016,1.501148473569395,-1.0516154992520408,4.620391350416244,-0.002296947138792998,2.312033518543752
-2.0856286636558306,1.5016579171258466,-1.051563461126719,4.624067037087504,-0.0033158342516964577,2.311438951017742
-2.091106410548928,1.5021941290911285,-1.0514518521565834,4.622877902035484,-0.004388258182259994,2.3113237960365978
-2.097468038086861,1.502773020200368,-1.051269970512155,4.6226475920731955,-0.0055460404007391115,2.3108643826047737
-2.0976083505063636,1.503231146956759,-1.051324074692727,4.621728765209547,-0.00646229391352094,2.3101171956195907
-2.0945109069200685,1.5038587956219411,-1.0510864891330445,4.6202343912391814,-0.007717591243885441,2.309391607038039
-2.0895783449567045,1.5042271051486418,-1.0512600728601524,4.618783214076078,-0.008454210297286742,2.3091149418121213
-2.0818646069386233,1.5034035218187076,-1.0533038437216413,4.618229883624243,-0.006807043637418485,2.3095801134677845
-2.0682426685155457,1.5037220099547226,-1.0535346960428238,4.619160226935569,-0.007444019909448542,2.3092780127842745
-2.063629002040238,1.5036723333340758,-1.0543614671280892,4.618556025568549,-0.007344666668154876,2.3094812018990374
-2.055395216561247,1.504333977611178,-1.054046025436553,4.618962403798075,-0.008667955222359063,2.309032272494394
-2.053722227031484,1.5045055498314719,-1.0545514395544457,4.618064544988788,-0.00901109966294685,2.3085342201304333
-2.0473462407346776,1.504718123168938,-1.0549620267296758,4.617068440260867,-0.009436246337878946,2.3084190518465286
-2.0390074222787122,1.5053592195817633,-1.054726268884515,4.616838103693057,-0.010718439163529688,2.307548212567238
-2.0280171650723195,1.5058611092690677,-1.054687216913925,4.615096425134476,-0.01172221853813842,2.3069060047615655
-2.01351522759637,1.505730994427002,-1.0556370530630885,4.613812009523131,-0.011461988854007366,2.3068755375523806
-1.997412240139939,1.5054730841708595,-1.0567934927922853,4.613751075104761,-0.010946168341721888,2.3069574479621164
-1.9827504127866882,1.5062480942329552,-1.0563040560651766,4.613914895924233,-0.012496188465913318,2.306349779700966
-1.971170776296039,1.505692954648402,-1.0579039391443776,4.612699559401932,-0.011385909296806806,2.30689290718246
-1.9551218224369848,1.5061317207879883,-1.0579493096102772,4.61378581436492,-0.01226344157597962,2.306606390591707
-1.9458799451434938,1.5063887543224972,-1.0582954490389158,4.613212781183414,-0.012777508644997266,2.3064487646086786
-1.9341174105954986,1.5069520830603074,-1.0581417727291753,4.612897529217357,-0.013904166120617656,2.305837672836066
-1.918039963305088,1.5070248172001275,-1.0587758705478931,4.611675345672132,-0.014049634400258033,2.3057620908283454
-1.9006855702686958,1.5077051002185953,-1.0584452912248499,4.611524181656691,-0.01541020043719346,2.305309896340659
-1.8878707557830976,1.5085984166130135,-1.0577794565772594,4.610619792681318,-0.017196833226029776,2.3044419275416135
-1.875259149476652,1.5091791413972673,-1.0576099628581206,4.608883855083227,-0.018358282794537203,2.3043011361755386
-1.858110703558376,1.5091805240786247,-1.05835146238234,4.608602272351077,-0.018361048157252164,2.303868278823954
-1.8403438710781679,1.5096735675644082,-1.058328206976469,4.607736557647908,-0.019347135128819377,2.3032139381258516
-1.8262055974185454,1.5086544205741372,-1.060702255381927,4.606427876251703,-0.017308841148277694,2.303651707037729
-1.8032292785836175,1.5088013137861607,-1.0611927073862724,4.607303414075458,-0.01760262757232447,2.304887055726121
-1.7890132333140516,1.5086197835012667,-1.0622218755846546,4.609774111452242,-0.017239567002536593,2.3051535487639154
-1.7736938158203912,1.508948498268573,-1.0624447457479058,4.610307097527831,-0.017896996537149316,2.3047621946192627
-1.7646902969450693,1.509322560534332,-1.0625874501662678,4.609524389238525,-0.018645121068666892,2.3044326551818233
-1.7556678720467496,1.5095800028444726,-1.0628948117220645,4.6088653103636466,-0.01916000568894824,2.3046642813448117
-1.746177596076635,1.5100404482624004,-1.0629156207748167,4.609328562689623,-0.020080896524803746,2.3041285331662733
-1.7400909123787731,1.5087397431442617,-1.0657126076814276,4.608257066332547,-0.01747948628852657,2.305065880271527
-1.7303331579530516,1.5083171051524502,-1.0670983806666434,4.610131760543054,-0.016634210304903696,2.305500145028134
-1.7272382767466106,1.507809813647612,-1.0686581358162373,4.611000290056268,-0.015619627295227187,2.3060227685005654
-1.7250780184242531,1.5076528046158075,-1.0696742635073533,4.612045537001131,-0.015305609231618285,2.305659070308314
-1.730881679234638,1.507147712075386,-1.0711943035797553,4.611318140616628,-0.01429542415077532,2.306726625263535
-1.7349898215803354,1.5074267644006276,-1.071490609576594,4.61345325052707,-0.014853528801258571,2.306128695156426
-1.745679848991475,1.5055560684158247,-1.0752253750104845,4.612257390312852,-0.01111213683165269,2.3058659649530506
-1.751211965784174,1.505592850838368,-1.0759323710807807,4.611731929906101,-0.011185701676739577,2.305633406509065
-1.770963363179084,1.5053907791071934,-1.0769770739869564,4.61126681301813,-0.01078155821439049,2.305665823480194
-1.7908696104987998,1.5062635457256903,-1.0763346557209084,4.611331646960388,-0.012527091451384339,2.3055019228611915
-1.8187615969611388,1.5068089393739679,-1.0762187930302411,4.611003845722383,-0.01361787874793955,2.304923539668461
-1.8469019240998183,1.507316620922226,-1.07618346882479,4.609847079336922,-0.014633241844455884,2.3041241720492636
-1.875640328008956,1.5076913300111816,-1.0763283128982453,4.608248344098527,-0.01538266002236738,2.303603305131116
-1.901691937771331,1.5084925084635887,-1.0757886203947535,4.607206610262232,-0.016985016927181434,2.3035398823171547
-1.9297629811591686,1.5086815239377533,-1.0762093108138762,4.607079764634309,-0.017363047875510875,2.3034776505644756
-1.9472414654897132,1.5081976825039294,-1.0776985250480586,4.606955301128951,-0.016395365007862914,2.3043005157443193
-1.9625465256074517,1.507843722901731,-1.078996154757416,4.6086010314886385,-0.015687445803466198,2.30492501702625
-1.9790488302777323,1.5069597987892311,-1.0811248016442945,4.6098500340525,-0.013919597578466638,2.3053364428552157
-1.9970011229034272,1.5060929663634002,-1.0832134280301065,4.610672885710431,-0.012185932726804693,2.3070893727167627
-2.020008353765642,1.5059350650112777,-1.084207202902299,4.6141787454335255,-0.011870130022559686,2.306777318814457
-2.049137299728822,1.5062714390333527,-1.084392441119582,4.613554637628914,-0.012542878066709656,2.3082078324608513
-2.0824524841811165,1.5061708625693624,-1.0852965052405192,4.6164156649217025,-0.012341725138729153,2.3080217886536345
-2.107463468642564,1.5057669492781642,-1.0866864755223995,4.616043577307269,-0.011533898556332692,2.3083378650304063
-2.129587412681235,1.5056215243389994,-1.0876738374579489,4.6166757300608126,-0.011243048678003052,2.3085045456174376
-2.1511180801248577,1.5061692340211388,-1.0875656311344808,4.617009091234875,-0.012338468042281565,2.308021981711202
-2.173463496707771,1.5065126740184775,-1.0877979096216137,4.616043963422404,-0.013025348036959159,2.3074850017449857
-2.188847081388796,1.5056934224061667,-1.0898685455157937,4.614970003489971,-0.011386844812337383,2.3073920233538465
-2.1997591769318356,1.5061071274563025,-1.089966875370863,4.614784046707693,-0.012214254912609171,2.3070371896491584
-2.2093828439859586,1.5064172162970453,-1.0901987436611142,4.614074379298317,-0.012834432594094827,2.3073075339759255
-2.2154623516193395,1.5063023495654928,-1.0911369300414244,4.614615067951851,-0.012604699130990002,2.307201538378184
-2.2166293912011663,1.5057892760940763,-1.0927090427335278,4.614403076756368,-0.011578552188156932,2.30669143254319
-2.222949967834724,1.505710472845204,-1.0935979959833697,4.61338286508638,-0.011420945690412423,2.3063176111470884
-2.234900696783254,1.506006227948005,-1.0939066927240833,4.612635222294177,-0.012012455896014754,2.306015791477444
-2.2502722327761537,1.5056666427921135,-1.0951846240517127,4.612031582954888,-0.011333285584231443,2.306118722233777
-2.263686441650287,1.5056524795229902,-1.0959638701547443,4.612237444467554,-0.011304959045984702,2.3062201897541033
-2.284509276420308,1.5053907624989173,-1.0971024672856995,4.6124403795082065,-0.010781524997838899,2.306932775135672
-2.3050897018927587,1.5056690043104561,-1.0974154261637252,4.613865550271344,-0.011338008620916698,2.3068051164515078
-2.3253386433582444,1.5062248138590661,-1.0972820463471455,4.6136102329030155,-0.012449627718136923,2.306902499152814
-2.3423501214368923,1.5065199707079595,-1.0975696644957542,4.613804998305628,-0.01303994141592366,2.3071470295217247
-2.350640581514044,1.5070053449643614,-1.0975581423157588,4.614294059043449,-0.014010689928727558,2.306656640514542
-2.35318036239533,1.507502459407157,-1.0975349158403536,4.613313281029084,-0.015004918814318948,2.3067020661850473
-2.3512032008434565,1.5082187658276305,-1.097144787292775,4.6134041323700945,-0.016437531655265795,2.3060588044833
-2.347934213192514,1.5086299949422304,-1.0972545908342244,4.6121176089666,-0.017259989884465556,2.3055796176845127
-2.337805903155889,1.5081975701482617,-1.0986795499306585,4.611159235369025,-0.01639514029652839,2.306354783034155
-2.320669768371753,1.5087157118922279,-1.098609680331379,4.61270956606831,-0.017431423784460724,2.305917592414467
-2.3067493670261037,1.5089944814967513,-1.098899062373241,4.611835184828934,-0.017988962993507784,2.3065586073657216
-2.292050724255828,1.509404669067981,-1.0990133235238044,4.613117214731443,-0.018809338135967198,2.306135970695542
-2.277745993776194,1.509618933008359,-1.0993920011980944,4.612271941391084,-0.019237866016723233,2.3064197111589784
-2.256973342714896,1.510145633750424,-1.099301660952735,4.612839422317957,-0.02029126750085336,2.3060053950304544
-2.238068346379466,1.5101706444992071,-1.100020209467577,4.612010790060909,-0.020341288998419565,2.305873973988888
-2.216363134203238,1.5104341436189086,-1.1003335851285714,4.611747947977776,-0.020868287237822324,2.3059065946137283
-2.194659260306856,1.510794129161793,-1.1005101593309126,4.6118131892274565,-0.02158825832359122,2.3058456060718466
-2.169668838982272,1.5091707419404066,-1.103802020011191,4.611691212143693,-0.018341483880818348,2.3062928336697137
-2.137462320897619,1.5085375113341428,-1.1055719356087486,4.612585667339427,-0.01707502266829074,2.3063088453738407
-2.1155146248349745,1.5074101683982999,-1.1081049006139072,4.6126176907476815,-0.014820336796604754,2.306472984041055
-2.0938038740613063,1.50777321068792,-1.1082535230801847,4.61294596808211,-0.015546421375845068,2.3071307630157327
-2.080635621964519,1.5084858829064884,-1.1078874232053961,4.614261526031465,-0.016971765812981984,2.3067259784912437
-2.065751752501277,1.5091606378162499,-1.1075779719612198,4.6134519569824874,-0.018321275632504828,2.306070321824115
-2.0483338728988527,1.5093360763751134,-1.1080654300145725,4.61214064364823,-0.018672152750231687,2.305779982090804
-2.029362948420709,1.5097042612804439,-1.1082133371096163,4.611559964181608,-0.0194085225608929,2.305334024143783
-2.0123272143678355,1.510106475433099,-1.108322266721412,4.610668048287566,-0.02021295086620318,2.304923086796322
-1.996899144753871,1.5098938546720693,-1.1093869856320808,4.609846173592644,-0.019787709344143724,2.3058358000748194
-1.9813377813956665,1.5101838883701455,-1.1096779516444164,4.611671600149639,-0.02036777674029609,2.30577334442403
-1.9732209376870533,1.5102220624732905,-1.1103607580276798,4.61154668884806,-0.02044412494658608,2.305899287474174
-1.9660188667390803,1.5106872305090966,-1.1103726261187714,4.611798574948348,-0.0213744610181981,2.305948745615246
-1.9587958122741946,1.5107648668469178,-1.1109823074945926,4.611897491230492,-0.021529733693840463,2.306493754325283
-1.9517586605629493,1.5117038030757957,-1.1102523930632258,4.612987508650566,-0.023407606151596278,2.305615322244355
-1.9487492673892721,1.5114933671925757,-1.1113127981812654,4.61123064448871,-0.02298673438515639,2.3068590651313516
-1.9379537353704344,1.5120461555847784,-1.111163586456906,4.613718130262703,-0.02409231116956201,2.3087036601452464
-1.9318478902522789,1.511586121156724,-1.1126333389007976,4.617407320290493,-0.023172242313453356,2.3087048828014947
-1.9236754014596453,1.511986028272755,-1.11276055508931,4.617409765602989,-0.02397205654551551,2.3081634536962583
-1.9204146087588498,1.5116262722994354,-1.1140995466819117,4.616326907392517,-0.02325254459887605,2.3079943239873106
-1.9151060069130041,1.5119467810423752,-1.1143702395157098,4.615988647974621,-0.023893562084755706,2.307427657353327
-1.9155031719760796,1.512268423668269,-1.1145990694183556,4.614855314706654,-0.02453684733654327,2.307274669818217
-1.9094104401833687,1.512897854608639,-1.114324608720352,4.614549339636434,-0.025795709217282862,2.3069338387255534
-1.9005685718114154,1.5135917788810724,-1.1139620448848633,4.613867677451107,-0.027183557762149955,2.3069069127721895
-1.8847411608277589,1.5133848498354885,-1.1150317142444686,4.613813825544379,-0.026769699670981906,2.3066857893263726
-1.8648081105201402,1.5139386520174813,-1.1148842298605912,4.613371578652745,-0.02787730403496779,2.3067415243335683
-1.8524182659600603,1.5140712352635723,-1.1154099579216794,4.6134830486671365,-0.02814247052714982,2.3064752693514063
-1.8402945478556803,1.5143508295650805,-1.115692944706096,4.612950538702813,-0.028701659130165907,2.306512359524364
-1.8292339851644792,1.5143919219165058,-1.116405828349645,4.613024719048728,-0.02878384383301663,2.3057632213171284
-1.8184251380405099,1.5149225065899439,-1.1162988924144517,4.611526442634257,-0.02984501317989267,2.305265741568549
-1.811166572317052,1.5141052535180781,-1.1183343879985455,4.610531483137098,-0.028210507036160997,2.3055403824264302
-1.7971682540277878,1.5143694511642434,-1.1186500284960401,4.6110807648528604,-0.028738902328491675,2.305050745414336
-1.790742465015249,1.5149828055513048,-1.1184036529393715,4.610101490828672,-0.029965611102614656,2.3045696399374735
-1.7845557155968659,1.5155997183365386,-1.1181632766126257,4.609139279874947,-0.031199436673082403,2.30399713046512
-1.7777671086808016,1.5154899239751949,-1.1190498910031443,4.60799426093024,-0.030979847950394945,2.305001020665756
-1.766507886009383,1.5162056544146476,-1.1186629799996006,4.610002041331512,-0.03241130882930017,2.3042889794175045
-1.7655150605584105,1.5170304598655706,-1.1180889992508019,4.608577958835009,-0.03406091973114615,2.3035075138602807
-1.7602258075351567,1.5175886928033022,-1.1179241003617189,4.6070150277205615,-0.035177385606609456,2.303362638645487
-1.7522494308118732,1.5175692118617345,-1.1186677655176274,4.606725277290974,-0.03513842372347406,2.3038227252670924
-1.738485923876464,1.5180329871687896,-1.1186405959719707,4.607645450534185,-0.036065974337584475,2.304167195308935
-1.7283858131105512,1.5186919156628074,-1.1183236551876932,4.60833439061787,-0.03738383132561969,2.3035127430427593
-1.7154951639711515,1.5186288382824853,-1.1191643526043835,4.607025486085519,-0.03725767656497557,2.3030222587946616
-1.6990495744687508,1.5195552649425332,-1.118440720992533,4.606044517589323,-0.03911052988507145,2.302104871249198
-1.687392997049028,1.5201013152133254,-1.1182936311647242,4.604209742498396,-0.04020263042665564,2.3019171526757596
-1.6703664958582518,1.5204523462827209,-1.1184604083757148,4.603834305351519,-0.04090469256544655,2.301464778451624
-1.6543911295765819,1.5212240423397303,-1.117985347294992,4.602929556903248,-0.04244808467946522,2.300525280961061
-1.6375986706733996,1.521759372841756,-1.1178823162548785,4.601050561922122,-0.04351874568351665,2.29977938861988
-1.6189906258183089,1.5222127645988197,-1.1178844422929772,4.59955877723976,-0.04442552919764418,2.299191219165813
-1.5986891550896445,1.521835829951384,-1.1191975246321526,4.598382438331626,-0.04367165990277263,2.2996572512752604
-1.575942749869894,1.521707053965256,-1.1201122948941198,4.599314502550521,-0.04341410793051699,2.2992929662825508
-1.5560328943376835,1.5217992830676539,-1.1206765422258655,4.5985859325651015,-0.043598566135313044,2.2992415767806964
-1.5403424092045184,1.5224000061024636,-1.120456907202775,4.598483153561393,-0.04480001220493261,2.2985265110377937
-1.523505991765152,1.5229376765156106,-1.1203386564211821,4.597053022075587,-0.04587535303122653,2.2982867973144407
-1.5053144027152117,1.5228963512465725,-1.1211317646858188,4.5965735946288815,-0.045792702493150435,2.297887407623431
-1.4867501309096978,1.5226183034868175,-1.122264424261599,4.595774815246862,-0.0452366069736404,2.298229204128209
-1.4714421971882894,1.522718618250159,-1.1228343707985984,4.596458408256418,-0.045437236500323795,2.297600051022199
-1.4583584684944035,1.5231451116067143,-1.122905352746652,4.595200102044398,-0.04629022321343427,2.2968573479857013
-1.4500210118225074,1.5235162925800088,-1.123037364305675,4.593714695971403,-0.0470325851600234,2.2962835730775657
-1.4449902329507165,1.5235373318967227,-1.1237205233755525,4.592567146155131,-0.04707466379345113,2.295944392845312
-1.4407061995576793,1.5239408771001681,-1.123770098748261,4.591888785690624,-0.047881754200341846,2.295699776392198
-1.4379419646342115,1.5237280030372495,-1.1248428884485393,4.591399552784396,-0.04745600607450477,2.2955334528392854
-1.4344584701522594,1.5242257223976927,-1.1247710611909232,4.591066905678571,-0.04845144479539115,2.294891293886495
-1.4374294600281579,1.524533191667999,-1.1250119619867187,4.58978258777299,-0.049066383336003466,2.2944307094821337
-1.4380065220888354,1.5250180553679544,-1.124984589248487,4.588861418964267,-0.05003611073591461,2.294056963905357
-1.4457283752492278,1.5248133102837278,-1.1260321865421743,4.588113927810714,-0.049626620567461366,2.294062785802777
-1.4525699940425345,1.5243412199291932,-1.1274574183771529,4.588125571605554,-0.04868243985839232,2.294245085058668
-1.4615295267941735,1.5248409579425073,-1.1273911869985351,4.588490170117336,-0.04968191588502062,2.2936385452853956
-1.4793173633011372,1.5245613292087778,-1.1285458870961755,4.587277090570791,-0.04912265841756175,2.293898411518864
-1.4958258956947303,1.5252906748179422,-1.1281310509561302,4.587796823037728,-0.05058134963589067,2.2931093953197146
-1.518479963452805,1.5251948559597823,-1.1289923083838596,4.586218790639429,-0.050389711919570895,2.2932675428898723
-1.5340790912586553,1.5254010326180907,-1.129405568951845,4.586535085779745,-0.050802065236187494,2.292789795111785
-1.5505260447053755,1.5259727590031975,-1.1292099199315768,4.58557959022357,-0.05194551800640121,2.2922749034267556
-1.5675751713843622,1.526436984652317,-1.1291803874312656,4.584549806853511,-0.05287396930463996,2.29200844818248
-1.5845703485662808,1.5266497850701735,-1.1295618059394927,4.58401689636496,-0.05329957014035312,2.2915250880010674
-1.601296133659931,1.526658648287176,-1.1302686769631993,4.583050176002135,-0.053317296574358394,2.291193507113526
-1.6162588120712769,1.5269916028298691,-1.1304564867813585,4.582387014227052,-0.05398320565974477,2.290811328133819
-1.6307126930967137,1.527290788899098,-1.1307113175560033,4.581622656267638,-0.05458157779820275,2.290215253173787
-1.643605032221448,1.5279650583478437,-1.1303533436021893,4.580430506347574,-0.055930116695693824,2.289510878500622
-1.6577313420955408,1.5282736860465111,-1.1305727818310771,4.579021757001244,-0.05654737209302862,2.2889844916516084
-1.6684105082818284,1.5288085284653352,-1.1304194239006984,4.577968983303217,-0.05761705693067659,2.2893962698600396
-1.6777688479721047,1.5292512365868622,-1.1304023299673576,4.578792539720079,-0.05850247317373084,2.289127102352368
-1.685455350727554,1.5291792815014302,-1.1312278124071693,4.578254204704736,-0.05835856300286705,2.2893592312276136
-1.6880625444998312,1.5292647155738166,-1.1317744556364755,4.578718462455227,-0.05852943114763974,2.289459514433002
-1.6932191758657926,1.5295948600811777,-1.1319472961076227,4.578919028866004,-0.05918972016236219,2.289758176356485
-1.6993649603475829,1.5302716271355021,-1.1316118675363436,4.57951635271297,-0.06054325427101109,2.2888807200975982
-1.7065406321808296,1.5308258932649674,-1.1314466624208568,4.5777614401951965,-0.0616517865299419,2.2885170196442157
-1.7080118534055873,1.5308575933763993,-1.1321175308722566,4.577034039288431,-0.061715186752805476,2.287842861520804
-1.7026572711280308,1.5307770097458901,-1.132928906297715,4.575685723041608,-0.06155401949178744,2.2876572567110958
-1.6987590692621108,1.5309096535322742,-1.133410813719963,4.5753145134221915,-0.06181930706455554,2.287622503743346
-1.6939959026689924,1.5311578158038608,-1.133708240766716,4.575245007486692,-0.06231563160772859,2.2873029023824705
-1.6926366968637507,1.531230904875469,-1.134306065335932,4.574605804764941,-0.06246180975094507,2.2871317829280806
-1.688750352705859,1.5319779908032178,-1.1338309113104426,4.574263565856161,-0.0639559816064424,2.2866241822579636
-1.6867606146026322,1.5321719053371388,-1.1342278615154633,4.573248364515927,-0.06434381067428442,2.286394083592493
-1.681423393836543,1.532566543503215,-1.1343134949242426,4.572788167184986,-0.06513308700643669,2.285856362096282
-1.6776786993813468,1.5329981457711588,-1.1343152244096013,4.571712724192564,-0.06599629154232425,2.2856413533210724
-1.6727948202818799,1.5330099644760407,-1.1350049036802135,4.571282706642145,-0.06601992895208814,2.285304026441547
-1.6644669523973359,1.533765801876703,-1.1344998751255568,4.570608052883094,-0.06753160375341297,2.285119323097187
-1.659403561857805,1.5335051102850554,-1.1355964286828684,4.570238646194374,-0.06701022057011745,2.2850697743558004
-1.6483831965943145,1.534242843633031,-1.1351498721095419,4.570139548711601,-0.06848568726606884,2.2842496533100376
-1.6446052130936772,1.5345172410107901,-1.1354004300369156,4.568499306620075,-0.06903448202158671,2.284000333838192
-1.6366834604100304,1.534147685298347,-1.136656087478397,4.568000667676384,-0.06829537059670046,2.284131970797908
-1.6285956199937832,1.5346218178802358,-1.1365865884555073,4.568263941595816,-0.06924363576047769,2.2837869150549333
-1.6262978428153392,1.5351638568455255,-1.1364271774556154,4.5675738301098665,-0.07032771369105692,2.283654793108496
-1.6215986055932874,1.5344897569760487,-1.1381518273828228,4.567309586216992,-0.06897951395210329,2.2854452919664032
-1.611482235762929,1.5347835880844067,-1.138375855059574,4.5708905839328065,-0.06956717616881952,2.2854614515947262
-1.6079038376080945,1.5352460416787044,-1.1383493453357885,4.5709229031894525,-0.07049208335741493,2.284927510703755
-1.607296747162519,1.5350444100686191,-1.1393785201433744,4.56985502140751,-0.07008882013724432,2.2844051680040764
-1.6057223038131367,1.5350509660753373,-1.1400635951350555,4.568810336008153,-0.0701019321506808,2.2842784253067374
-1.6058285439796944,1.5354261073081898,-1.1401741539471293,4.568556850613475,-0.07085221461638594,2.283687353368611
-1.6067164877703226,1.5357028370032961,-1.140436701204353,4.567374706737222,-0.07140567400659853,2.283239611122586
-1.6063332437465059,1.536422044671223,-1.1399928609269203,4.566479222245172,-0.07284408934245215,2.2825644209840195
-1.6071153116978143,1.5360548930757405,-1.1412717969319373,4.565128841968039,-0.07210978615148723,2.282454752467505
-1.6013887715920778,1.53483466683173,-1.1438546906034432,4.56490950493501,-0.06966933366346655,2.2822013237083687
-1.5994340216391663,1.5351686501551733,-1.1440183044200405,4.564402647416737,-0.0703373003103529,2.281664819527345
-1.6064793209315225,1.5357053119377746,-1.1438651593525064,4.56332963905469,-0.07141062387555523,2.2819007921500187
-1.614554594290551,1.53651156292031,-1.1432930871065343,4.5638015843000375,-0.07302312584062638,2.281034257997755
-1.6228218975148303,1.5369707826399734,-1.143272416465136,4.56206851599551,-0.07394156527995313,2.280401650166164
-1.6251740348228156,1.5376283303174727,-1.1429296222972902,4.560803300332328,-0.07525666063495182,2.2799291571442732
-1.6303833624820676,1.5372418757186899,-1.1442308983659564,4.5598583142885465,-0.07448375143738625,2.279601464917229
-1.6282481097128443,1.5376821377440597,-1.1442335387414861,4.559202929834458,-0.07536427548812609,2.279122635303627
-1.6341018102349778,1.5367983611698808,-1.1463291647239042,4.558245270607254,-0.07359672233976806,2.2791366476055854
-1.6356363732434238,1.537288045827409,-1.1462414868200326,4.558273295211171,-0.07457609165482458,2.278820749076678
-1.6423832297553211,1.5379891069160854,-1.1458344273323466,4.557641498153356,-0.0759782138321775,2.2780393160567076
-1.6495172491372325,1.5387412313908428,-1.1453351512912375,4.556078632113415,-0.07748246278169223,2.277473160299363
-1.655465415575574,1.5373995433918115,-1.1481330227631634,4.554946320598726,-0.07479908678362948,2.278111030172896
-1.6488183552555942,1.5379861681126619,-1.147893401462527,4.556222060345792,-0.07597233622533031,2.2774956916137925
-1.6527720279356568,1.538489634464938,-1.1478051418014348,4.554991383227585,-0.07697926892988255,2.2767630027863954
-1.6555104595843002,1.5388790184104815,-1.1478703830221628,4.553526005572791,-0.07775803682096973,2.2763590055260012
-1.6544168661727074,1.5395650723142538,-1.1474623871106517,4.5527180110520025,-0.07913014462851413,2.275823146423146
-1.6520490134983838,1.5402936438866712,-1.1470103248094279,4.551646292846292,-0.08058728777334911,2.275023332400315
-1.6474310886117642,1.5403769578205997,-1.147586256901384,4.55004666480063,-0.08075391564120596,2.274501113293152
-1.6378829968065949,1.5400737904015223,-1.1487882163268948,4.549002226586304,-0.08014758080305098,2.2736402434157235
-1.6310567419227435,1.5401071837603086,-1.1494019506758106,4.547280486831447,-0.08021436752062393,2.273457294287808
-1.6248152539169232,1.5403550881029529,-1.1496927223810922,4.546914588575616,-0.08071017620591224,2.273178384324131
-1.6148266119277344,1.5406585707572646,-1.1498965519293263,4.546356768648262,-0.0813171415145359,2.2726990110507543
-1.6053228720919228,1.5410320452827853,-1.1499827419545623,4.545398022101509,-0.08206409056557719,2.2724732601680295
-1.5972929615373503,1.5417436890378378,-1.1495635894253755,4.544946520336059,-0.08348737807568203,2.271621327460572
-1.5934449194762934,1.5420906234239784,-1.149707306020702,4.543242654921144,-0.08418124684796316,2.2710995545556614
-1.5867826409710015,1.5419365361747077,-1.1506265390659098,4.542199109111323,-0.08387307234942187,2.2707685781678997
-1.580864857445227,1.5425276440589668,-1.1503631217153814,4.541537156335799,-0.0850552881179399,2.27025808130214
-1.576098166357714,1.5427629080128205,-1.1506605168150281,4.54051616260428,-0.08552581602564735,2.269800974274188
-1.5694785593054061,1.5433219895677779,-1.1504803529235876,4.539601948548376,-0.08664397913556231,2.2691331134675474
-1.5597060860736784,1.5433568993852091,-1.1511135911255206,4.538266226935095,-0.08671379877042486,2.268724563777224
-1.5482453407568346,1.5432780933801757,-1.1519153273893468,4.537449127554448,-0.08655618676035812,2.268756346334348
-1.5404529472670165,1.5432012756525235,-1.1527299024280286,4.537512692668696,-0.08640255130505381,2.268809138579029
-1.5375836195596941,1.5434332476499928,-1.1530220058289835,4.537618277158058,-0.08686649529999253,2.268659834635856
-1.5318622439304408,1.5439325539393163,-1.1529017147402183,4.537319669271712,-0.08786510787863942,2.2683023565614056
-1.5290171851630663,1.5444036926188212,-1.15284423835037,4.536604713122811,-0.08880738523764904,2.267630942821677
-1.5263064287468682,1.5444209195930276,-1.1535187001456142,4.535261885643354,-0.08884183918606214,2.2672275593063005
-1.52216418140687,1.5445951979471089,-1.153912286483412,4.534455118612601,-0.08919039589422453,2.267014592407033
-1.5224125344382704,1.5452174777006185,-1.1536120365178946,4.534029184814066,-0.09043495540124391,2.2663102312908503
-1.5274872474786914,1.5451572899278752,-1.1543997735038332,4.532620462581701,-0.0903145798557571,2.2655364744699282
-1.5280618425580135,1.5454410581156004,-1.1546167836959431,4.5310729489398565,-0.09088211623120743,2.2653593398854968
-1.5288634175495206,1.545869212733264,-1.1546029768337418,4.5307186797709935,-0.09173842546653488,2.265167622080359
-1.5290897672544497,1.5460418214666072,-1.154991009241721,4.530335244160718,-0.09208364293322091,2.265359652452512
-1.5278685274701387,1.546086270919094,-1.1556037085400888,4.530719304905024,-0.09217254183819414,2.2649724347620483
-1.5270585791019973,1.5461722838942362,-1.1561249333837265,4.529944869524097,-0.09234456778847898,2.264832804904253
-1.528055832851875,1.546544764273079,-1.1562041990798926,4.529665609808506,-0.09308952854616447,2.2645274315270156
-1.5335900101305349,1.5454084685815426,-1.158617948359782,4.529054863054031,-0.09081693716309167,2.2653027263727457
-1.535250477678656,1.5451327445623881,-1.1596925233979118,4.530605452745491,-0.0902654891247829,2.267283845639688
-1.5423200143089117,1.5454155815581228,-1.1599140196284219,4.534567691279376,-0.09083116311625218,2.266948190165485
-1.5550839972595536,1.545797507527124,-1.159961975138936,4.53389638033097,-0.09159501505425466,2.2667448565176964
-1.5680039074731669,1.546306953806974,-1.1598420691097522,4.533489713035393,-0.09261390761395463,2.2660399901977
-1.5823892689279417,1.5467272581246245,-1.15985398406639,4.5320799803954,-0.09345451624925571,2.265503133368061
-1.5941122195623527,1.5475833591208148,-1.1591894760748256,4.531006266736122,-0.09516671824163603,2.264619169456517
-1.6044798963881564,1.5481797392198828,-1.158916696888196,4.529238338913034,-0.09635947843977218,2.2642867644455253
-1.6069861826233522,1.5484288544578015,-1.1591818709312343,4.528573528891051,-0.09685770891560971,2.2642428617266606
-1.6061859102995864,1.5490207810786865,-1.1589194270302385,4.528485723453321,-0.09804156215737955,2.263755893509348
-1.6074241012806538,1.5495447517700633,-1.1587431291666956,4.527511787018696,-0.09908950354013316,2.2633435176017795
-1.607409898534922,1.5496970752972805,-1.1591576538582893,4.526687035203559,-0.09939415059456763,2.2628786395843674
-1.603507205031883,1.550280210832593,-1.1589057516148495,4.525757279168735,-0.10056042166519277,2.2624725705071653
-1.6005402035903833,1.5497653075589013,-1.1604268334607606,4.524945141014331,-0.09953061511780906,2.261652814209789
-1.5947166156851336,1.5496820896328147,-1.1612241191551205,4.523305628419578,-0.09936417926563608,2.261211336626641
-1.5914985167931002,1.5490402489808008,-1.162942870543138,4.522422673253282,-0.0980804979616085,2.2607172132002162
-1.5882469286333998,1.5495510251050653,-1.1628176958098837,4.5214344264004325,-0.09910205021013727,2.2600780359471506
-1.5922440449923791,1.5500115216080312,-1.1627550883451068,4.520156071894301,-0.10002304321606922,2.2602993159847933
-1.5940663704647378,1.5501883005241623,-1.1631269362388954,4.520598631969587,-0.1003766010483315,2.259939247952454
-1.5928295604969835,1.5505816480249637,-1.1631449143021437,4.519878495904908,-0.1011632960499343,2.2600360590658455
-1.5915312338495762,1.5510673132157347,-1.1630404531530185,4.520072118131691,-0.10213462643147606,2.2596320882878156
-1.590110829337486,1.5515465226968153,-1.1629421333373586,4.519264176575631,-0.10309304539363724,2.2591781200695404
-1.582215855099174,1.551803547375718,-1.1631928146883272,4.518356240139081,-0.10360709475144275,2.2589388016496157
-1.570082259059493,1.5520923922561018,-1.1634042639767082,4.517877603299231,-0.1041847845122105,2.258326965389116
-1.5580295097632075,1.552399409121355,-1.1635765114430079,4.516653930778232,-0.10479881824271707,2.2579072516699985
-1.5464665913876638,1.552309583382695,-1.164401240630586,4.515814503339997,-0.10461916676539666,2.2573906179998304
-1.5350038673581257,1.55222682611227,-1.1651866686101147,4.514781235999661,-0.10445365222454694,2.257169623436965
-1.5260272856765091,1.5518795797110332,-1.1664135236208233,4.51433924687393,-0.10375915942207306,2.2566302839065746
-1.5232956867113376,1.551753709895476,-1.1672792418555167,4.513260567813149,-0.10350741979095832,2.2565535695704604
-1.5257553379845719,1.5514275545979073,-1.1684511055408424,4.513107139140921,-0.10285510919582114,2.256251391418364
-1.529490180926073,1.5515879239284438,-1.1688737212486018,4.512502782836728,-0.10317584785689404,2.2557780870032187
-1.5390238778177214,1.5518840696694822,-1.1690569132120137,4.511556174006437,-0.10376813933897089,2.255808819827093
-1.551116137635723,1.5520804121790566,-1.1693900714141685,4.511617639654186,-0.1041608243581196,2.255464542109101
-1.5624448692771555,1.5521231772495636,-1.1700097705333796,4.510929084218202,-0.10424635449913383,2.2547941265458427
-1.575748636759204,1.5528304892868798,-1.1695652710889035,4.509588253091685,-0.1056609785737663,2.2540296254452383
-1.5888094251240976,1.5529313803749523,-1.1700652994303353,4.508059250890477,-0.10586276074991129,2.2535833177631166
-1.5957476067549843,1.5526143276855187,-1.171226817560236,4.507166635526233,-0.10522865537104416,2.253673463548604
-1.5987896952401182,1.551964963168407,-1.172910164488466,4.507346927097208,-0.10392992633682091,2.253067832091558
-1.6048392937377702,1.552517156932417,-1.172704352699867,4.506135664183116,-0.10503431386484123,2.252432848634869
-1.6187110182944573,1.5524394256164988,-1.1735033219838427,4.504865697269738,-0.10487885123300478,2.251795015084378
-1.62875886185948,1.552992026880353,-1.1732845927884086,4.503590030168756,-0.10598405376071296,2.2512434675515154
-1.6427009096237433,1.553104380152342,-1.1737737485818123,4.502486935103031,-0.10620876030469105,2.2508354423270385
-1.6549553092598988,1.5537234342318234,-1.1734623059532268,4.501670884654077,-0.10744686846365338,2.2502913271899883
-1.6704348436498662,1.5534733561996892,-1.1745113624794212,4.5005826543799765,-0.10694671239938497,2.250227520727472
-1.6811749228644544,1.5534362262426418,-1.1752054049979233,4.500455041454944,-0.10687245248529025,2.250426940951002
-1.6947039662706382,1.55381779468733,-1.1752666127030675,4.500853881902004,-0.10763558937466638,2.2501091268606808
-1.7107062076775463,1.5538044776955466,-1.1759582729496363,4.5002182537213615,-0.1076089553910996,2.249768912435527
-1.7229974906111791,1.5541521246941594,-1.1760935889619981,4.499537824871054,-0.10830424938832527,2.249138071367947
-1.7354769278756546,1.5546988113456224,-1.1759112311095308,4.498276142735894,-0.10939762269125097,2.2484798762913263
-1.7447588851980749,1.5551468246848845,-1.175874211001744,4.496959752582653,-0.11029364936977522,2.247810313273779
-1.749562009377183,1.5557320042910867,-1.1756067163148916,4.495620626547558,-0.11146400858217968,2.247171071580259
-1.7503448334818021,1.5565186627264442,-1.1750296986687905,4.494342143160518,-0.11303732545289487,2.2463310129857934
-1.7483503903894144,1.5567491104308366,-1.175332692370174,4.492662025971587,-0.11349822086167956,2.245769388743645
-1.7400881414373952,1.557001961445706,-1.1755784998891274,4.49153877748729,-0.11400392289141811,2.2453029301393848
-1.731178178940639,1.5571304231506111,-1.1760427432920824,4.4906058602787695,-0.11426084630122829,2.245001079312659
-1.7203903030149863,1.5576431624264087,-1.1758917195111438,4.490002158625318,-0.11528632485282353,2.244443565646421
-1.7140772002954865,1.558213550017507,-1.1756419756166885,4.488887131292842,-0.11642710003502003,2.243876447208773
-1.7051713356390135,1.5581888464897196,-1.176300430066234,4.487752894417546,-0.11637769297944532,2.2439686945799657
-1.689874348866916,1.5584657756861082,-1.176500280521939,4.4879373891599315,-0.11693155137222272,2.2436187512423924
-1.6727359361813778,1.5587318740500196,-1.1767391133537037,4.487237502484785,-0.1174637481000456,2.2430936287437078
-1.6570654351526495,1.5590395994356419,-1.1768810434912689,4.4861872574874155,-0.11807919887128998,2.243411648913674
-1.6398152033572995,1.5593986789550305,-1.176989955119073,4.486823297827348,-0.11879735791006717,2.242709717496743
-1.624131114875311,1.558319720619909,-1.1793442394102125,4.485419434993486,-0.11663944123982452,2.242807654956736
-1.6035272532772475,1.5586279095535822,-1.179493223697145,4.485615309913472,-0.1172558191071709,2.2426226699144993
-1.593820656040063,1.5589043560318074,-1.179670482741574,4.485245339828999,-0.11780871206362138,2.2424113733370974
-1.5817287892468068,1.5590901195920532,-1.1800001499696446,4.484822746674195,-0.11818023918411293,2.2424755400452514
-1.5681508717983714,1.5590225351832503,-1.180783388917901,4.484951080090503,-0.11804507036650685,2.2423275791051345
-1.5551539850583982,1.5593080574959577,-1.180966215839382,4.484655158210269,-0.11861611499192162,2.2420432672854482
-1.5436761581573144,1.5589264998154402,-1.1821888893044699,4.4840865345708965,-0.1178529996308865,2.2421175983007466
-1.531199158097924,1.559220198159599,-1.1823785487745002,4.484235196601493,-0.11844039631920392,2.241795822876279
-1.5251765090755993,1.5589994437534933,-1.1833981557203919,4.483591645752558,-0.11799888750699235,2.241525764629541
-1.519127087764293,1.559365055951646,-1.1834885799127086,4.483051529259082,-0.11873011190329812,2.240910358600673
-1.5190872074988417,1.5591663992688614,-1.1844343101996626,4.481820717201346,-0.1183327985377286,2.2409044566642145
-1.5216250415680965,1.5593720074947772,-1.1847476181750767,4.481808913328429,-0.11874401498956054,2.240509154979388
-1.5275438633911245,1.5601969999971557,-1.184104149587598,4.481018309958776,-0.12039399999431749,2.239669445425962
-1.5357709618995348,1.5596023516331519,-1.185681799036425,4.479338890851924,-0.11920470326631001,2.2396881538406084
-1.5349155209976044,1.559786523633358,-1.186017346499651,4.479376307681217,-0.11957304726672222,2.239436300938362
-1.5413282388024336,1.559785277790621,-1.186621897041397,4.478872601876724,-0.11957055558124845,2.2398065089257453
-1.5499706241393678,1.5600519504103922,-1.1868497626936296,4.479613017851491,-0.12010390082079127,2.2393247911209015
-1.5595644460632239,1.5599951459002672,-1.1875918719256622,4.478649582241803,-0.1199902918005412,2.2390841255888363
-1.5687248954635413,1.5598991057632168,-1.1883892339622273,4.478168251177673,-0.1197982115264403,2.2392651270949475
-1.5795780497945373,1.5601034781518668,-1.1887208196375143,4.478530254189895,-0.1202069563037405,2.2390087869608317
-1.5933387957546197,1.5588013636221731,-1.1913870801919921,4.478017573921663,-0.11760272724435304,2.2395394394435413
-1.604299546542459,1.558900107666115,-1.1918502178542818,4.479078878887083,-0.11780021533223682,2.239503570447312
-1.6196377395444643,1.5596225404948358,-1.191356060601951,4.479007140894624,-0.11924508098967812,2.2390184972547424
-1.6377059280944302,1.5601128822480268,-1.1912217310398163,4.478036994509485,-0.12022576449606026,2.2384140469723053
-1.651889215427975,1.559616752447149,-1.192649745784587,4.476828093944611,-0.11923350489430457,2.2380707078681805
-1.661658682043433,1.560134434549965,-1.1924851138815866,4.476141415736361,-0.120268869099937,2.237514873090975
-1.6755181937881232,1.5602178259450665,-1.1930101907689934,4.47502974618195,-0.12043565189013979,2.2375967189741512
-1.6865719032344924,1.5607817138763285,-1.1927496698757287,4.4751934379483025,-0.12156342775266385,2.2371035614471366
-1.6966366126398396,1.5609757703379867,-1.1930956551398153,4.474207122894273,-0.12195154067598031,2.236748873564537
-1.7035538884700445,1.5612155322466674,-1.193341226798619,4.473497747129074,-0.1224310644933415,2.2366344690978304
-1.7082874113137467,1.5615210019505708,-1.1935035633493785,4.473268938195661,-0.12304200390114801,2.2360975744716214
-1.7133905079290956,1.5620823781661166,-1.1932712064536402,4.472195148943243,-0.12416475633223985,2.2355331841948045
-1.7162337998220414,1.562083891048851,-1.1939089285139726,4.471066368389609,-0.12416778209770851,2.235232018510958
-1.7148637179131856,1.5617124470954071,-1.1951309335292244,4.470464037021916,-0.12342489419082085,2.2353084569006803
-1.7189839417294719,1.5625398327568703,-1.1944821464081905,4.4706169138013605,-0.1250796655137471,2.2344818328256575
-1.724885695633725,1.5626062681891668,-1.1950149128675374,4.468963665651315,-0.12521253637834007,2.2341952873673807
-1.7219094944647846,1.5622252635616627,-1.1962397029640903,4.468390574734761,-0.12445052712333188,2.2340843869172224
-1.7169746170988578,1.5617003618539336,-1.197691837460859,4.468168773834445,-0.12340072370787374,2.23467293643629
-1.714098343562152,1.5611812384000028,-1.1991451557448354,4.46934587287258,-0.12236247680001214,2.2343225447672497
-1.7126385737336196,1.5614322278807258,-1.199376676786338,4.468645089534499,-0.1228644557614581,2.234321872737494
-1.7144266998180744,1.5614555433940105,-1.1999635063686134,4.468643745474988,-0.12291108678802765,2.234129306447168
-1.7150217172502402,1.5606614970175023,-1.2018274533419893,4.468258612894336,-0.12132299403501119,2.234164857493672
-1.7085289232014016,1.5598852365366358,-1.2036662588050329,4.468329714987344,-0.11977047307327825,2.2356976851791677
-1.7052381730645874,1.5599432982781574,-1.2042323639250918,4.471395370358335,-0.11988659655632157,2.235224977336775
-1.7115517842741028,1.5597610120500218,-1.205188435470135,4.47044995467355,-0.1195220241000506,2.234714551722036
-1.7195284708239558,1.5599136125484891,-1.2055969987776125,4.469429103444072,-0.11982722509698532,2.2347603699708443
-1.727041241992002,1.5603674091953597,-1.2055493598197675,4.4695207399416885,-0.12073481839072653,2.234090677291291
-1.737386793573404,1.559443267126858,-1.207595300563349,4.468181354582582,-0.11888653425372334,2.235163721706967
-1.7420665272876674,1.5594481709376438,-1.2082466521834976,4.470327443413934,-0.11889634187529466,2.2347915211641913
-1.7557648544044828,1.559962044509037,-1.2080955619170453,4.469583042328383,-0.11992408901808087,2.234182355687006
-1.7716810662209523,1.5600753862107,-1.2085731073845576,4.468364711374012,-0.12015077242140677,2.234333407813617
-1.7847954385810942,1.5599397244313389,-1.2094252360776265,4.468666815627234,-0.1198794488626846,2.2340945525058817
-1.7982470738282714,1.5590437240431056,-1.2114552147292854,4.4681891050117635,-0.1180874480862183,2.23442168258133
-1.813671115314586,1.558735120349685,-1.212603911589076,4.46884336516266,-0.11747024069937717,2.234163305779822
-1.833980249558479,1.5582299920757134,-1.2140660471949805,4.468326611559644,-0.11645998415143387,2.2345781371676625
-1.8534443410444088,1.5581372900997188,-1.214836003495974,4.469156274335325,-0.11627458019944437,2.234895494747022
-1.8838385159888402,1.5584224207051591,-1.2150379923315933,4.469790989494044,-0.11684484141032483,2.234484408634628
-1.9159781594021459,1.558667308108981,-1.2153079160161215,4.468968817269256,-0.11733461621796876,2.2341886676296117
-1.9447056632943085,1.5582160443926638,-1.2166433446253333,4.468377335259223,-0.11643208878533455,2.234659232248906
-1.9678297409122056,1.5583462241132686,-1.2170856474095881,4.469318464497812,-0.11669244822654416,2.234772894990477
-1.9917568927793043,1.5583752970755969,-1.2176942067278456,4.469545789980954,-0.11675059415120084,2.234807074640825
-2.0156622358458725,1.5581235112801124,-1.218742722368577,4.46961414928165,-0.11624702256023182,2.2348838233346693
-2.03830116611298,1.5581227752975675,-1.219371631349469,4.469767646669339,-0.11624555059514206,2.2352381253635056
-2.0588161409411225,1.5587768009392082,-1.2189951087668167,4.470476250727011,-0.11755360187842372,2.2347596297600636
-2.0769349863012843,1.5585161458897516,-1.2200388272648965,4.469519259520127,-0.11703229177951033,2.2353016540156507
-2.087676360134627,1.5588325168394983,-1.220191624957972,4.4706033080313015,-0.11766503367900374,2.234922814712643
-2.099326797970318,1.5583572254745357,-1.2215700192962895,4.469845629425286,-0.11671445094907852,2.235198369228444
-2.107056986530517,1.5572053184459125,-1.223981205049806,4.470396738456888,-0.1144106368918322,2.2361763299761175
-2.1171325489395856,1.5566892375517551,-1.2254390804309574,4.472352659952235,-0.1133784751035175,2.236156934974864
-2.1286641810195674,1.556288971780675,-1.2267037773360423,4.472313869949728,-0.11257794356135718,2.23629767188872
-2.1419794321096344,1.5559543015760187,-1.227877826189111,4.47259534377744,-0.11190860315204457,2.236438027556355
-2.1597771892084916,1.5563282764696196,-1.2279405753732007,4.47287605511271,-0.11265655293924659,2.236130662820911
-2.180791813034155,1.5559839564454274,-1.229117033357269,4.472261325641822,-0.1119679128908624,2.236377475540558
-2.1962112759377943,1.5559256111858082,-1.2298626238871408,4.472754951081116,-0.11185122237162383,2.2364285714368677
-2.2091948152639054,1.556150817760515,-1.2301543641937738,4.472857142873735,-0.11230163552103725,2.236101282121093
-2.220778882905961,1.5565795623205643,-1.2301552443788932,4.472202564242186,-0.11315912464113599,2.235521016534213
-2.2282736519051354,1.5566565814849458,-1.2306666839222213,4.471042033068426,-0.11331316296989914,2.2355394548942815
-2.230845511000209,1.5570651370166508,-1.230695241528313,4.471078909788563,-0.11413027403330935,2.2353182843724024
-2.2346220372008405,1.5568501139674158,-1.2317359666219143,4.470636568744805,-0.11370022793483929,2.234904266035395
-2.2348839742098434,1.5565999826874073,-1.2327955263570334,4.46980853207079,-0.11319996537482231,2.234761508292453
-2.233286700206315,1.5560251490956325,-1.2343627527453942,4.469523016584906,-0.11205029819127292,2.234227357608521
-2.232158301044521,1.5558336583577512,-1.2352659475637973,4.468454715217042,-0.11166731671551029,2.23530118859324
-2.2343023185682247,1.5553146585404571,-1.2367418598094806,4.47060237718648,-0.11062931708092198,2.235916756158107
-2.234727268672441,1.555523545616254,-1.2370611302398318,4.471833512316214,-0.11104709123251541,2.235754598861933
-2.2389972613090454,1.5550962089703504,-1.2383556397674171,4.471509197723866,-0.11019241794070833,2.2371385698217265
-2.2447981886259227,1.555575145366907,-1.2382474630241334,4.474277139643453,-0.11115029073382199,2.236791225944795
-2.253291154588893,1.5549746259755812,-1.2398349320734334,4.47358245188959,-0.10994925195117036,2.237566810020695
-2.257519719056992,1.5555359336389354,-1.2396084258994196,4.47513362004139,-0.1110718672778786,2.237462979651292
-2.264893290254852,1.5556749184649843,-1.2400300781870792,4.474925959302584,-0.11134983692997634,2.237583927321944
-2.2622172544788888,1.555264857099213,-1.2413541731539142,4.475167854643888,-0.11052971419843358,2.2375187889595543
-2.2545251910242055,1.5548753757001734,-1.2426579516905563,4.4750375779191085,-0.10975075140035442,2.2375038995483956
-2.246597934153384,1.5531102113136166,-1.2460561528602672,4.475007799096791,-0.10622042262724073,2.2378679681940867
-2.235181219310812,1.5525402231901138,-1.2475861273045195,4.4757359363881735,-0.10508044638023493,2.2406386360478527
-2.2357411332531205,1.5512811043167265,-1.2502123318114053,4.4812772720957055,-0.10256220863346022,2.2404699986137895
-2.2353775422686777,1.5513670943702635,-1.2507569844909934,4.480939997227579,-0.10273418874053412,2.2404338556724746
-2.2432939430881036,1.5510142647572076,-1.2519531313889176,4.480867711344949,-0.1020285295144223,2.2410543352609213
-2.2509679949677537,1.551071690843908,-1.2525166684259013,4.482108670521843,-0.10214338168782312,2.2417797780842617
-2.2641287308937534,1.5513243593775345,-1.2527781889388077,4.483559556168523,-0.10264871875507627,2.2415577706423395
-2.277971163055202,1.5519208593529534,-1.2525069422280004,4.483115541284679,-0.10384171870591404,2.241216200225354
-2.2938434623417763,1.5517564863927102,-1.2534088401633114,4.482432400450708,-0.10351297278542748,2.241339499808508
-2.3026488443486475,1.5506188137641936,-1.2558564744571807,4.482678999617016,-0.10123762752839424,2.2419493210173385
-2.308454741006299,1.5510352002810979,-1.2558416586880976,4.483898642034677,-0.10207040056220257,2.242457905504428
-2.320336942513638,1.5503050727085195,-1.257628650994554,4.484915811008856,-0.10061014541704585,2.2429244558559223
-2.3256109933104367,1.5501844872309123,-1.2584882058375013,4.4858489117118445,-0.10036897446183161,2.243057212876852
-2.333140933732526,1.5500296195622048,-1.2594099584342535,4.486114425753704,-0.10005923912441637,2.242444017039361
-2.342294532715658,1.5489523792650088,-1.2618326120489052,4.484888034078722,-0.09790475853002469,2.2420380691106807
-2.347586295356151,1.5494184983117705,-1.261777092588748,4.484076138221361,-0.09883699662354786,2.241546626013397
-2.364604675118239,1.5500005562625996,-1.261524365458485,4.483093252026794,-0.10000111252520612,2.2415294457110684
-2.375981407163807,1.5503592000110105,-1.2616218738061158,4.483058891422137,-0.10071840002202775,2.2417844677700405
-2.3865300490102035,1.5506245828084435,-1.2618533283266957,4.483568935540081,-0.10124916561689372,2.2426937844113453
-2.395272027719626,1.5494210460262778,-1.2644074219785246,4.4853875688226905,-0.09884209205256239,2.24210067840278
-2.3963645365687363,1.5497407015914932,-1.2645494929734955,4.48420135680556,-0.09948140318299314,2.2418570754273524
-2.404360553497251,1.5497663519877052,-1.2651615956988498,4.483714150854705,-0.09953270397541693,2.2427608240109653
-2.4022000347302543,1.5498127232547614,-1.2657651543640824,4.485521648021931,-0.09962544650952952,2.2442473013622077
-2.396794657793275,1.5497536962101328,-1.2665523517864488,4.4884946027244155,-0.09950739242027248,2.244103779189426
-2.3850507517615522,1.5494517127786582,-1.26769082743779,4.488207558378852,-0.09890342555732318,2.244340936230375
-2.373163952970706,1.5491533946746006,-1.2688295965813945,4.48868187246075,-0.09830678934920777,2.2443427880335185
-2.3607348753774007,1.5489493144555,-1.2698068632416284,4.488685576067037,-0.0978986289110066,2.2443323141186955
-2.350127851617338,1.5474983420691475,-1.272762694766587,4.488664628237391,-0.09499668413830152,2.243725195015105
-2.338636022479215,1.5482921256958864,-1.272204175522896,4.48745039003021,-0.09658425139177922,2.2432378321741364
-2.3428615404915307,1.548782895921005,-1.2720829795680486,4.486475664348273,-0.0975657918420167,2.2428939676847865
-2.3391662242274607,1.548916392569545,-1.2725562587053374,4.485787935369573,-0.0978327851390969,2.2427606808233267
-2.326419727582261,1.5486749507371182,-1.27357187285784,4.485521361646653,-0.09734990147424337,2.2430885432937893
-2.3145929570112087,1.5490161169172885,-1.2737182862494336,4.4861770865875785,-0.09803223383458387,2.2426347100385327
-2.302126882763919,1.5492949837343026,-1.2739621909765768,4.485269420077065,-0.09858996746861223,2.242342738374196
-2.286940226333226,1.5490933569797045,-1.274955377575733,4.484685476748392,-0.09818671395941583,2.242500832929056
-2.2682698124735428,1.5489779257810312,-1.275818357879451,4.485001665858112,-0.09795585156206936,2.242194586960248
-2.246454638344807,1.5494798999522628,-1.2757035283172304,4.484389173920496,-0.09895979990453234,2.241696002200266
-2.2300130046818865,1.5494899194513505,-1.276318732638795,4.483392004400532,-0.09897983890270778,2.2418465806922785
-2.2134026559215023,1.549733208046516,-1.276584788010819,4.483693161384557,-0.09946641609303901,2.2417271812915405
-2.199857213799678,1.5497143493751337,-1.2772811326033322,4.483454362583081,-0.09942869875027432,2.2419316767984054
-2.186236789371671,1.5502012173067166,-1.2771935050649292,4.483863353596811,-0.1004024346134399,2.2413539475355604
-2.169587273589854,1.5496469040714342,-1.2787523971016572,4.482707895071121,-0.09929380814287533,2.2412688242200565
-2.149674708232241,1.5502881541848514,-1.2784011676940354,4.482537648440113,-0.10057630836970992,2.240881175541536
-2.1361372821745275,1.550208725734178,-1.2792123323752274,4.481762351083072,-0.10041745146836273,2.240822728689718
-2.117371689347877,1.5500325400301826,-1.2801751043206224,4.481645457379436,-0.10006508006037224,2.241131771945474
-2.0991480053783516,1.5505924204626236,-1.2799526016203713,4.482263543890948,-0.10118484092525402,2.240780038490568
-2.082979910456655,1.5511723264883175,-1.279709239221453,4.481560076981136,-0.10234465297664182,2.240117538236557
-2.0626996842080967,1.551300519510723,-1.280169063124351,4.480235076473114,-0.10260103902145278,2.2414568359347693
-2.037433905211108,1.5516967625926725,-1.2802033936714523,4.482913671869539,-0.10339352518535182,2.2415124168367164
-2.007530895966108,1.5515337642387135,-1.281151258472506,4.483024833673433,-0.10306752847743385,2.2413531948655874
-1.9805563017266916,1.551385273506114,-1.2820157161669465,4.482706389731175,-0.10277054701223486,2.2422207783946724
-1.9582201623222084,1.551489406557904,-1.282514848211079,4.484441556789345,-0.10297881311581475,2.2425185412255684
-1.9388022558927804,1.550890025851381,-1.2841263461925516,4.485037082451137,-0.10178005170276871,2.242612435420432
-1.916893843656576,1.5508640595773049,-1.2848292513410011,4.485224870840864,-0.10172811915461645,2.242346386923334
-1.9017608141605566,1.5513619338862061,-1.2847068804702024,4.484692773846668,-0.10272386777241901,2.242031005436751
-1.8904904560552795,1.5515288167680557,-1.2850981474465757,4.484062010873502,-0.10305763353611812,2.241966187645911
-1.8755506343194557,1.5515297358223388,-1.2857575446502443,4.483932375291822,-0.10305947164468417,2.2416987327597573
-1.8597356647081977,1.5508396185304363,-1.287495095622674,4.483397465519515,-0.10167923706087939,2.2420480512113863
-1.8458861021102624,1.5507003487847242,-1.2883640266734864,4.484096102422773,-0.10140069756945513,2.2419940578258193
-1.8371755615654188,1.5502048189159483,-1.2897839135209088,4.483988115651639,-0.10040963783190317,2.242608117774039
-1.8302809042127564,1.5503440700615567,-1.2902281720849156,4.485216235548078,-0.10068814012312008,2.242567718405853
-1.8278252149270575,1.5503922894832018,-1.2908085429280771,4.485135436811706,-0.10078457896641031,2.2428828279769113
-1.8280126765376656,1.5504290564209373,-1.2914205715148301,4.485765655953823,-0.10085811284188108,2.24260047217406
-1.8264373343773233,1.5510513237964245,-1.2911071243287806,4.48520094434812,-0.1021026475928555,2.2420579617377006
-1.830858126991845,1.5517043534291777,-1.2907227314519805,4.484115923475401,-0.10340870685836188,2.2418762131557086
-1.8320131461677664,1.5510771915794181,-1.2923333990122567,4.483752426311417,-0.10215438315884283,2.2421227567723694
-1.825767035061891,1.5517015365358076,-1.2920230412161071,4.484245513544739,-0.10340307307162164,2.242489777909434
-1.8291204776013135,1.5504900316899017,-1.2945639506226028,4.484979555818868,-0.10098006337980993,2.2426502945431697
-1.8280502491734942,1.5510117495659872,-1.2944254596420532,4.485300589086339,-0.10202349913198068,2.2425723588364996
-1.837090598031679,1.5513136313204192,-1.2946353188246436,4.485144717672999,-0.10262726264084472,2.242231384752477
-1.84526944382701,1.5506587900058122,-1.2963414752375009,4.484462769504954,-0.10131758001163088,2.2419277589028113
-1.8491242544777589,1.551144603772077,-1.2962720898093565,4.4838555178056225,-0.10228920754416054,2.2412764118045088
-1.8582436528346522,1.5515241365640025,-1.2963418266399318,4.4825528236090175,-0.1030482731280113,2.2410494390450926
-1.8651847253321754,1.5522227834626172,-1.2959157412942788,4.482098878090185,-0.10444556692524065,2.240792673652284
-1.8686075897479015,1.5518392558336258,-1.2972237594577156,4.481585347304568,-0.10367851166725776,2.2404204691159144
-1.8647239799427933,1.5514662038420897,-1.298499399376423,4.480840938231829,-0.10293240768418552,2.2398369345735856
-1.8654473160751706,1.5512447904958353,-1.2994982684352305,4.479673869147171,-0.102489580991677,2.2401287795881655
-1.8691147330821851,1.5500660240062263,-1.3020205741050446,4.480257559176331,-0.10013204801245913,2.2407642643310193
-1.8713302528465487,1.550977982879789,-1.3012704967161943,4.4815285286620385,-0.10195596575958459,2.239992714263302
-1.8805278516352102,1.5501188467961806,-1.3032987145580246,4.479985428526604,-0.10023769359236773,2.239613734717162
-1.8752817473739203,1.5501279642382333,-1.3039335286957117,4.479227469434324,-0.10025592847647295,2.2396983105733486
-1.873492225694362,1.5505332614322194,-1.30397905215927,4.479396621146697,-0.1010665228644453,2.2394846811253575
-1.873217674086744,1.550264666949106,-1.3050475844615368,4.478969362250715,-0.1005293338982184,2.239932805768374
-1.8691535024622354,1.5500262751191367,-1.3060942338308235,4.479865611536748,-0.10005255023827969,2.23943302888793
-1.8663919049004776,1.5492574760006812,-1.3079452846124033,4.47886605777586,-0.09851495200136853,2.2406214744429227
-1.8670493347563122,1.5490102425182999,-1.3090371714707203,4.481242948885845,-0.09802048503660586,2.24076096744062
-1.8760981115481312,1.5477975772126387,-1.3115828057799441,4.48152193488124,-0.09559515442528338,2.2419003371496338
-1.8811790297130884,1.5470322225316042,-1.3134504957310402,4.4838006742992675,-0.09406444506321457,2.242334118654972
-1.8957616699770028,1.5473149160912298,-1.3136776322039652,4.484668237309944,-0.09462983218246583,2.242004410494624
-1.911499121892057,1.547899959802855,-1.3134333171662402,4.484008820989248,-0.09579991960571647,2.2415745052338782
-1.9295287516835662,1.54869281297182,-1.3128594188650526,4.4831490104677565,-0.09738562594364655,2.2410169948842316
-1.9461296912540442,1.5478856947965591,-1.3147778176780731,4.482033989768463,-0.09577138959312455,2.2413255428457677
-1.950156160496095,1.5470727343721795,-1.31671207412075,4.482651085691535,-0.09414546874436523,2.2417426189871916
-1.9601030920620663,1.5465317882421712,-1.3182294234207066,4.483485237974383,-0.09306357648434839,2.2419472454897065
-1.9760677588156066,1.5472306440961978,-1.3178235297491714,4.483894490979413,-0.09446128819240182,2.2412313696226027
-2.0021469903421973,1.5475749897240125,-1.3179265490231051,4.482462739245205,-0.09514997944803107,2.2411847258966375
-2.0209613880897477,1.547470514499392,-1.318793424623557,4.482369451793275,-0.09494102899879006,2.240878522654658
-2.0347306470660924,1.5472659703849896,-1.319768480367256,4.481757045309316,-0.09453194076998506,2.2418808401454084
-2.047447000563994,1.5468892548866835,-1.3210194009500533,4.483761680290817,-0.09377850977337306,2.24276257333382
-2.0556137889402875,1.5472695830491232,-1.321094967102308,4.48552514666764,-0.09453916609825251,2.2426100825669937
-2.0768362017293,1.5475999116740295,-1.3212394460973618,4.485220165133987,-0.0951998233480654,2.2431311910290974
-2.091824039204832,1.5479505215909148,-1.3213760305414484,4.486262382058195,-0.095901043181836,2.2427636909726893
-2.1046113420324546,1.5479373505522978,-1.3220534587118344,4.485527381945379,-0.09587470110460189,2.242787134687093
-2.1164006938633575,1.5476692105346574,-1.3231566334040892,4.485574269374186,-0.09533842106932122,2.2426409560035814
-2.1257637003717473,1.5467717758476411,-1.3252246507530083,4.485281912007163,-0.09354355169528883,2.2440196153603598
-2.133082337079947,1.5472497577162019,-1.3251531795837945,4.4880392307207195,-0.09449951543241025,2.2452037944406547
-2.143761821020825,1.5476984216815322,-1.3251174638797203,4.490407588881309,-0.09539684336307083,2.2457849045275142
-2.1496736025316663,1.5469482187451518,-1.3269989443963957,4.4915698090550285,-0.09389643749030985,2.245932357881545
-2.144189073404408,1.5463378893338138,-1.3286180536379129,4.49186471576309,-0.0926757786676341,2.246918118900736
-2.1383606388345235,1.5454583936870716,-1.3306682341714893,4.493836237801472,-0.09091678737414975,2.247301453728323
-2.135515461273589,1.5456608890694985,-1.3310612296733715,4.494602907456646,-0.09132177813900365,2.2468782625524693
-2.142340273813911,1.5456310800664719,-1.331794549952101,4.4937565251049385,-0.09126216013295042,2.246756152264537
-2.152947519363769,1.5460073047565623,-1.3319186805905399,4.493512304529074,-0.09201460951313127,2.2460956021784466
-2.1607703102587914,1.5460685016647087,-1.3324822903479745,4.492191204356893,-0.09213700332942379,2.2463984565911033
-2.1616530938510357,1.5467403614483224,-1.3321224711278752,4.4927969131822065,-0.09348072289665121,2.2459416192660444
-2.1607913394495233,1.5457003506914129,-1.3344739457874357,4.491883238532089,-0.09140070138283211,2.2461004608769035
-2.1553766377898382,1.5460388031710237,-1.3346300183981492,4.492200921753807,-0.09207760634205367,2.2460632743616857
-2.159483066618937,1.545225029390373,-1.3366060389705439,4.4921265487233715,-0.09045005878075243,2.245883865328195
-2.1578653546379556,1.5457346200265638,-1.336509003245884,4.49176773065639,-0.09146924005313375,2.245229777499619
-2.1618827913006147,1.5456966287109255,-1.3372477581086009,4.490459554999238,-0.09139325742185718,2.2450407978997964
-2.1593895103262843,1.5448772256872603,-1.339208203862894,4.490081595799593,-0.08975445137452681,2.2464917723986324
-2.15705351353286,1.5439930278314076,-1.3412919808250234,4.492983544797265,-0.08798605566282135,2.2461313895401176
-2.15978544244315,1.5431507765549337,-1.3432969103071686,4.492262779080235,-0.08630155310987345,2.247909135535076
-2.168344034962977,1.5430028420998372,-1.3442019413851538,4.495818271070152,-0.08600568419968052,2.2479911409668034
-2.1822243858028596,1.5428428576289017,-1.3451502391989796,4.495982281933607,-0.08568571525780962,2.2480098105128974
-2.1954625690132126,1.543178297154939,-1.3453058444709647,4.496019621025795,-0.0863565943098844,2.2480559792879182
-2.2068435343733386,1.542819511229275,-1.3465707142775551,4.4961119585758365,-0.08563902245855627,2.247737648519996
-2.217370304031284,1.543165358040921,-1.3467207676576982,4.495475297039992,-0.08633071608184803,2.2475053890061565
-2.234101540339635,1.5437671698522595,-1.346465665483154,4.495010778012313,-0.08753433970452504,2.247094098813062
-2.246064869311373,1.543932772842529,-1.3468695279349596,4.494188197626124,-0.08786554568506402,2.2475967617887536
-2.25006323875956,1.5446588384332667,-1.3464311588468172,4.495193523577507,-0.08931767686653956,2.2472084222526214
-2.250446114835186,1.5442319933986042,-1.3477705053304523,4.494416844505243,-0.08846398679721434,2.247538545642275
-2.243683238824175,1.5440540461819983,-1.3487409760352354,4.49507709128455,-0.08810809236400259,2.2476701646262525
-2.239152839052802,1.5443345281806078,-1.34898032246454,4.495340329252505,-0.08866905636122158,2.247464617895236
-2.238714660243983,1.5436941949469662,-1.350682685040796,4.494929235790472,-0.08738838989393849,2.247060852508054
-2.234464060008486,1.5436151384641001,-1.351445354006256,4.494121705016108,-0.08723027692820608,2.2475696826354956
-2.2390407323435104,1.5430023853668249,-1.353073541559427,4.495139365270991,-0.0860047707336557,2.2492802821224793
-2.2380163214418523,1.5425751924035467,-1.3544663003724988,4.498560564244959,-0.0851503848070993,2.250147887645273
-2.2420058667078235,1.5432455194661219,-1.3541169327128608,4.500295775290546,-0.08649103893224987,2.2496990071784144
-2.247087956244841,1.5437645876095736,-1.3539756610732727,4.499398014356829,-0.08752917521915318,2.250214365764757
-2.2503399879213646,1.5433194310031415,-1.3554080643518067,4.500428731529514,-0.08663886200628891,2.25099739660942
-2.247461873904344,1.5431292443418745,-1.3564109898876386,4.50199479321884,-0.08625848868375503,2.2505234399992444
-2.2435353283519435,1.5432458754451024,-1.3569013728829686,4.501046879998489,-0.086491750890211,2.250966674737811
-2.237299648939866,1.543277974534025,-1.357555691627766,4.501933349475622,-0.08655594906805637,2.2509002765645647
-2.2263065519895173,1.5427304955074508,-1.3591618044522091,4.501800553129129,-0.08546099101490791,2.2511019132776617
-2.212737705249416,1.5430406146676847,-1.3593761777147837,4.5022038265553235,-0.0860812293353758,2.2512704479622037
-2.203057542079411,1.5425117499649432,-1.3608854437153868,4.502540895924407,-0.08502349992989282,2.251960667795023
-2.1914047373909487,1.5429029873255273,-1.3609640938914824,4.503921335590046,-0.08580597465106093,2.251993779969486
-2.18286119004316,1.5430191546887109,-1.3614645174013378,4.503987559938972,-0.08603830937742821,2.2518562911310944
-2.173436505317979,1.5434461525193104,-1.3614948390850399,4.503712582262189,-0.08689230503862747,2.2514955447698815
-2.168172826993588,1.5431124341611684,-1.3626929413688973,4.502991089539763,-0.08622486832234337,2.2515728220050417
-2.1595855528686627,1.5436796519992062,-1.3624708151032812,4.503145644010083,-0.08735930399841883,2.252039450868963
-2.1601040534506946,1.5428625992179812,-1.3644495201898097,4.504078901737926,-0.08572519843596871,2.2517867616423843
-2.1517869368540836,1.5432381079019704,-1.3645513436824606,4.503573523284769,-0.08647621580394697,2.2514215003992852
-2.1494226331053063,1.5424464451786746,-1.3664549968852364,4.5028430007985705,-0.08489289035735559,2.2516326726477316
-2.143745966308277,1.541282593930665,-1.3689599128948977,4.503265345295463,-0.0825651878613363,2.25268766297716
-2.1379073623417706,1.5419330631450878,-1.3686434423923146,4.50537532595432,-0.08386612629018211,2.2527901494785216
-2.1413113525543137,1.5414958372490908,-1.3701050865104398,4.505580298957043,-0.08299167449818785,2.2519635199808925
-2.1352231397623678,1.5407845622143548,-1.3718597238070536,4.503927039961785,-0.08156912442871604,2.2551203827765
-2.1288608519231405,1.5410426675982636,-1.3721822384433648,4.510240765553,-0.08208533519653344,2.2547612836232687
-2.1326665889974494,1.5395016513766633,-1.3752819321275507,4.509522567246537,-0.07900330275333284,2.2556572863286406
-2.1339735586284645,1.5397331633114262,-1.3756099471956909,4.511314572657281,-0.07946632662285845,2.256553713988819
-2.1440982829636637,1.539870268945276,-1.376115010511634,4.513107427977638,-0.07974053789055788,2.256118857584051
-2.152127062920166,1.5389614346780565,-1.3782383201603823,4.512237715168102,-0.07792286935611907,2.255823086969922
-2.1576994688487554,1.5392637183146325,-1.378464678601088,4.511646173939844,-0.07852743662927104,2.2556970700537473
-2.1706992753565943,1.5390908759774637,-1.3794593441071206,4.511394140107495,-0.07818175195493358,2.2563250835852786
-2.1785359298164266,1.5392043860972735,-1.3799846307701724,4.512650167170557,-0.0784087721945533,2.2561619972149156
-2.1899028226031003,1.5392962118904951,-1.380519868854279,4.512323994429831,-0.07859242378099639,2.2567584798645677
-2.198347356028516,1.5393479997882729,-1.3811437413322083,4.513516959729135,-0.07869599957655175,2.2567468971572815
-2.20853749430013,1.5389588302950663,-1.382438223763281,4.513493794314563,-0.07791766059013855,2.257810057416972
-2.218009871226904,1.539520618399628,-1.3822833923275986,4.515620114833944,-0.07904123679926171,2.257720630080198
-2.2342687211976267,1.5393920098905205,-1.3831800961991654,4.515441260160396,-0.07878401978104685,2.258377063710621
-2.2436598711158284,1.538664484236659,-1.3849836889238831,4.516754127421242,-0.07732896847332393,2.2597418719521607
-2.2557070300369766,1.5378883549226505,-1.3869286465065152,4.519483743904321,-0.07577670984530704,2.260167045252884
-2.2670841442896457,1.5379787218672585,-1.3874992437743798,4.520334090505768,-0.07595744373452307,2.260428063686996
-2.2862506036696404,1.5364762092565223,-1.3905849127470302,4.520856127373992,-0.07295241851305079,2.2606986762637975
-2.297114264003925,1.5367648041036024,-1.390819873717435,4.521397352527595,-0.07352960820721095,2.261197389514821
-2.313505366508128,1.5372080227901928,-1.390855180105454,4.522394779029642,-0.07441604558039161,2.260708940583643
-2.332730019143814,1.5376077110707456,-1.3909328496302904,4.521417881167286,-0.0752154221414974,2.2608708930750683
-2.3467859038288754,1.5378111521053976,-1.3913339188979812,4.5217417861501366,-0.07562230421080153,2.2606862387408078
-2.3542528487369268,1.5377811468709515,-1.3920906051194624,4.5213724774816155,-0.07556229374190909,2.2610341270620817
-2.360989178988474,1.5364116991306214,-1.39494503697135,4.5220682541241635,-0.07282339826124908,2.261764959124225
-2.357595318987373,1.5364751229242746,-1.3955763115906041,4.52352991824845,-0.07295024584855546,2.261740063400528
-2.3643626911344695,1.536969288398266,-1.395512725590979,4.523480126801056,-0.0739385767965381,2.261479368062212
-2.3721968290429256,1.5355576191755953,-1.398489949927093,4.522958736124424,-0.0711152383511966,2.261210510346246
-2.3674608428137915,1.534794413468335,-1.4003784206533554,4.522421020692492,-0.06958882693667577,2.261938105439367
-2.3716045772042733,1.532885999412307,-1.4041087103873544,4.523876210878734,-0.06577199882461997,2.262212411956814
-2.3749255991452536,1.5334747109533517,-1.4039263276902518,4.524424823913628,-0.06694942190670948,2.2626157773400064
-2.392406598491961,1.5330545095830517,-1.4052563690361084,4.525231554680013,-0.0661090191661091,2.2628462919890384
-2.4037569432129784,1.5321435949347573,-1.4073613863391956,4.525692583978077,-0.06428718986952027,2.2654006270118883
-2.4158032662242688,1.5325150986822018,-1.4074990400125047,4.5308012540237765,-0.06503019736440943,2.265135754620994
-2.4329056474105264,1.5319449658960946,-1.4090903539901736,4.530271509241988,-0.06388993179219511,2.26662347212372
-2.44874785077568,1.5317905241442071,-1.410073349164117,4.53324694424744,-0.06358104828842027,2.2672358488440096
-2.467328934523211,1.5320655346331606,-1.4103647997107351,4.534471697688019,-0.06413106926632708,2.267250435909093
-2.48404665936214,1.532018797196207,-1.4111968220149538,4.534500871818186,-0.06403759439241945,2.2669929428475495
-2.4942533321053153,1.5313875642904886,-1.4129367201596805,4.533985885695099,-0.062775128580983,2.2671428537432243
-2.5032888280238255,1.5313055260042618,-1.413769413708956,4.534285707486449,-0.0626110520085295,2.2672008512074266
-2.50996621821041,1.530968022249177,-1.4150451294667157,4.534401702414853,-0.06193604449836,2.2672134455729447
-2.517673857770024,1.5296847931294355,-1.4177746781574563,4.534426891145889,-0.0593695862588767,2.2686523918784163
-2.5270947635302115,1.5299552957207554,-1.4180635717413907,4.5373047837568325,-0.05991059144151657,2.269238172996735
-2.548288665697876,1.5298599277287896,-1.4189238517046876,4.53847634599347,-0.05971985545758521,2.269857219080295
-2.5679006531163857,1.5290297283099792,-1.4209501913005258,4.53971443816059,-0.05805945661996421,2.2712125242034418
-2.585667190406392,1.5297698484691893,-1.4205101222453973,4.5424250484068835,-0.05953969693838423,2.2711133314725993
-2.604992593065559,1.5294639851410607,-1.4217046829450861,4.542226662945199,-0.05892797028212712,2.271775905198074
-2.616290126354622,1.5299841168017787,-1.4216290954841686,4.543551810396148,-0.05996823360356307,2.2714992202411155
-2.6340494762422395,1.5294376879782143,-1.423202168314754,4.542998440482231,-0.05887537595643445,2.273350387272632
-2.6389970694230076,1.5295076710205704,-1.4237946853133587,4.546700774545264,-0.05901534204114654,2.276179525120225
-2.6439795200007374,1.5301579303457573,-1.4235330309347012,4.55235905024045,-0.06031586069152041,2.275772980089883
-2.641440337192294,1.530271945281303,-1.424094166751219,4.551545960179766,-0.06054389056261177,2.275971141766502
-2.6364858566042972,1.530015238903215,-1.425238073064126,4.551942283533004,-0.060030477806435764,2.276252027637281
-2.6272253974800774,1.529556862469889,-1.4266744721626108,4.552504055274562,-0.059113724939783854,2.2769844635884047
-2.6140191240931867,1.5291266260997318,-1.4281292475794811,4.553968927176809,-0.058253252199469654,2.2767083667125667
-2.6049693091394746,1.529545694843053,-1.4281955150536914,4.553416733425133,-0.059091389686112085,2.2766869677498724
-2.5971229023796285,1.5299219907916686,-1.428321723773898,4.553373935499745,-0.05984398158334312,2.2771858512740675
-2.5854449712934096,1.5286105629448836,-1.4311254626764194,4.554371702548135,-0.05722112588977309,2.27576348204689
-2.568511857248435,1.528322470418267,-1.4323257155424063,4.55152696409378,-0.05664494083653993,2.275904819423922
-2.559515873371664,1.5277933322240944,-1.4338947698313866,4.551809638847844,-0.05558666444819501,2.276982074640224
-2.5482146234332688,1.5280099265271778,-1.4342847362149538,4.553964149280448,-0.056019853054362044,2.277245521601359
-2.5409182967109185,1.5279375647234241,-1.4351302713445229,4.554491043202718,-0.05587512944685463,2.2783980955310104
-2.5299036545460187,1.5277813743548097,-1.4360886880792962,4.556796191062021,-0.0555627487096257,2.279860408012768
-2.5134923710522052,1.5278197086016994,-1.4367698857542393,4.559720816025536,-0.055639417203405275,2.282666719980993
-2.500030553220827,1.5282865913721668,-1.4367669009313893,4.565333439961986,-0.05657318274434009,2.2829343668322544
-2.4871432105802453,1.528011703362846,-1.4379192701356192,4.565868733664509,-0.056023406725698194,2.28442757003997
-2.465944744247453,1.5285714242721786,-1.4377741888545028,4.56885514007994,-0.05714284854436345,2.284505191611107
-2.453764699328976,1.5284366145546362,-1.4387402268369902,4.569010383222214,-0.05687322910927858,2.2845653241704595
-2.435158832243555,1.5274610318511257,-1.4410130403233699,4.569130648340919,-0.054922063702257495,2.286277467004596
-2.418839434553889,1.526179613777866,-1.4438241186335004,4.572554934009192,-0.05235922755573802,2.2848712575900807
-2.4039573437450823,1.5260118786050192,-1.4448252008824776,4.569742515180161,-0.05202375721004451,2.2854975501034827
-2.3984109379201177,1.5259114224024009,-1.4457311201864405,4.570995100206965,-0.05182284480480796,2.285642044676772
-2.3987820666382422,1.5258161422237666,-1.4466438944058093,4.571284089353544,-0.051632284447539666,2.285688897429955
-2.4009496988884935,1.5258269536026967,-1.4473641858746473,4.57137779485991,-0.051653907205399884,2.28681951826467
-2.4032674529648315,1.5262216464902327,-1.4475130037490063,4.57363903652934,-0.05244329298047214,2.2864271857858456
-2.404889488358985,1.5264570028946107,-1.4478835959943752,4.572854371571691,-0.052914005789228113,2.2867823911705702
-2.4023119571666003,1.5257048513644365,-1.4497965979290337,4.5735647823411405,-0.05140970272887963,2.287756554684446
-2.3989379123940218,1.5251810310138503,-1.4513510681855555,4.575513109368892,-0.050362062027707495,2.2889353921344906
-2.4023313328959213,1.525528207017093,-1.4515563269842846,4.577870784268981,-0.05105641403419301,2.2887173814766855
-2.4053815909132314,1.5255463875289392,-1.4522832178752076,4.577434762953371,-0.05109277505788523,2.289004912134737
-2.4046252854226067,1.526210846887019,-1.4519997510503961,4.578009824269474,-0.05242169377404461,2.2883586922906507
-2.403349096053894,1.5264891075431541,-1.452303369006144,4.576717384581301,-0.05297821508631479,2.2886678462335963
-2.398416818980008,1.5268044426172862,-1.4525460309855893,4.577335692467193,-0.053608885234578935,2.2887081159092397
-2.3920296306817885,1.5271133512839128,-1.4528318623431158,4.5774162318184795,-0.05422670256783193,2.2884411904056003
-2.3833785348994754,1.5271410630791373,-1.4535353117235128,4.576882380811201,-0.054282126158280826,2.288678103509448
-2.3728295094581218,1.5272495230072798,-1.4541460492830585,4.577356207018896,-0.05449904601456579,2.2894266104336483
-2.365435581635756,1.5273638833400438,-1.4547126549735887,4.5788532208672965,-0.05472776668009401,2.2907782067121296
-2.356473233070913,1.5282735511434207,-1.4540405008103363,4.581556413424259,-0.056547102286847555,2.2900046728091206
-2.3526808498507186,1.5282936488462382,-1.4547853546420257,4.580009345618241,-0.05658729769248257,2.2901032183931114
-2.3393991843047557,1.5285911278171567,-1.4550573737387718,4.580206436786223,-0.057182255634319355,2.290234602324959
-2.3227664040849305,1.528495072190492,-1.4559661490715516,4.580469204649918,-0.05699014438098982,2.290847695968638
-2.298382923434872,1.5294095042689515,-1.4552689297677033,4.581695391937276,-0.05881900853790911,2.290222593796551
-2.276577477924854,1.5293490978136366,-1.4560488584950733,4.580445187593102,-0.058698195627279466,2.291957112990425
-2.24545913372995,1.529905283167164,-1.4559243703114626,4.58391422598085,-0.05981056633433424,2.2915114391454874
-2.216171664455707,1.5299023859265308,-1.456685877629503,4.583022878290975,-0.0598047718530677,2.291538976560491
-2.1827619575368074,1.5297992124165418,-1.4576171218180383,4.583077953120982,-0.05959842483308974,2.2917682648573994
-2.1519463332578126,1.5296219891575984,-1.4586145836204494,4.583536529714799,-0.05924397831520272,2.291971423084596
-2.123436636128525,1.5298772208299585,-1.458953957081979,4.583942846169192,-0.05975444165992283,2.2926543078336907
-2.0944065277120325,1.5308330515212407,-1.4582093868391894,4.5853086156673815,-0.06166610304248751,2.2917996927342767
-2.064367819665926,1.5314984974366566,-1.457916876341225,4.5835993854685535,-0.0629969948733193,2.290985025327767
-2.0293988285392013,1.531452045733178,-1.458738749896675,4.581970050655534,-0.0629040914663622,2.290724800424707
-1.9898198917958658,1.5313928434334605,-1.459584425574219,4.581449600849414,-0.06278568686692712,2.2911251343883348
-1.955493958620906,1.5312562232115208,-1.4605591389308719,4.5822502687766695,-0.06251244642304757,2.290674428185295
-1.9238403659984311,1.5317287843070162,-1.4605861516872898,4.58134885637059,-0.06345756861403852,2.289898497449553
-1.8971832983256778,1.5323894678625825,-1.460286001599456,4.579796994899106,-0.06477893572517084,2.2893792144088776
-1.871315868110255,1.5324126718427968,-1.460980150261154,4.578758428817755,-0.06482534368559979,2.2902218033043367
-1.8414503987542707,1.533225940159658,-1.460436227096053,4.580443606608673,-0.06645188031932195,2.289618890500866
-1.8153479697507824,1.5331115802125679,-1.4613265320596418,4.579237781001732,-0.0662231604251416,2.2901272475276984
-1.7838055262442138,1.5337737413119896,-1.4610115332082874,4.580254495055397,-0.0675474826239852,2.2896459470601607
-1.7620242346417176,1.5337846466703475,-1.4617263657909558,4.579291894120321,-0.06756929334070091,2.2901954069716326
-1.736374205418065,1.533963430695838,-1.4622046881521302,4.580390813943265,-0.06792686139168218,2.2901119711411497
-1.7139369571027683,1.5342132047835604,-1.4625376538628632,4.5802239422822995,-0.0684264095671267,2.289938782030595
-1.6919010883207275,1.534687291790289,-1.4625237274167662,4.57987756406119,-0.06937458358058365,2.2896593731016197
-1.6764425007057318,1.5343744738063323,-1.4637210057226655,4.579318746203239,-0.06874894761267043,2.2901915628395546
-1.6577032394898956,1.53472827847928,-1.463911850933365,4.580383125679109,-0.06945655695856584,2.2894355347349205
-1.6460793756000998,1.5346336945243897,-1.46477592230357,4.578871069469841,-0.0692673890487852,2.2905744359004596
-1.6328987591787603,1.5343428495083031,-1.4659628873249404,4.581148871800919,-0.06868569901661206,2.291042450802915
-1.6203865638854007,1.5348845321003741,-1.4658214744808373,4.58208490160583,-0.06976906420075404,2.2908815780758642
-1.6116593297791058,1.5347809611584138,-1.4667275415071845,4.5817631561517285,-0.06956192231683357,2.2905247970216296
-1.600799434283404,1.535425652040691,-1.4664679183634959,4.581049594043259,-0.07085130408138825,2.2903427830692453
-1.599518416004672,1.5358510905951694,-1.4665422879789871,4.580685566138491,-0.07170218119034509,2.289875542028066
-1.5988362798067817,1.5359921343004306,-1.4670574318634146,4.579751084056132,-0.07198426860086717,2.290685713571241
-1.5961325108113567,1.5361489787902307,-1.4675563372871037,4.581371427142482,-0.07229795758046749,2.2902955088831374
-1.5934560152699555,1.5366450886430814,-1.4675128608828698,4.580591017766275,-0.07329017728616871,2.290150437718424
-1.591197337008504,1.5356739113081368,-1.4697818149797306,4.580300875436848,-0.07134782261627957,2.289849104170926
-1.5857400197343972,1.536218881842442,-1.4696889296173787,4.579698208341852,-0.07243776368489026,2.289080588908197
-1.5918223789956851,1.5363055842965958,-1.4702946195666344,4.578161177816394,-0.07261116859319763,2.2888114308911955
-1.5947471182456814,1.535822050806476,-1.4717847321820523,4.577622861782391,-0.0716441016129578,2.288441909019082
-1.6011004179764832,1.5359417325613853,-1.4723555302089315,4.576883818038164,-0.07188346512277677,2.287720618881664
-1.610911151088857,1.5366262620388915,-1.4720223802750672,4.575441237763328,-0.07325252407778933,2.286970292616178
-1.6256575868501664,1.5362879067099195,-1.4732860622847677,4.573940585232356,-0.07257581341984537,2.2873139000560636
-1.6344933298965778,1.535673431708462,-1.474952848121723,4.574627800112127,-0.07134686341693025,2.2884709758268613
-1.6451150055200692,1.535796483785461,-1.4755155056013383,4.576941951653723,-0.07159296757092849,2.288866802379126
-1.6613577064785594,1.5355928524895024,-1.4765926486962708,4.577733604758252,-0.07118570497901142,2.288726339088211
-1.678786225906121,1.536277820971563,-1.4762585393976446,4.577452678176422,-0.07255564194313273,2.288113228600509
-1.6982095943417048,1.535678608020489,-1.4779408286509614,4.576226457201018,-0.07135721604098451,2.2884554607810976
-1.7122760170980966,1.5354852637728758,-1.4789896662586204,4.576910921562195,-0.07097052754575832,2.288442728666317
-1.729283334835324,1.5360541918702573,-1.4788345885572536,4.576885457332634,-0.07210838374052128,2.2880615486248392
-1.7477400871774942,1.5358221455624217,-1.4799265394499963,4.5761230972496785,-0.07164429112485016,2.287876015129976
-1.7637736138821891,1.5361417102158756,-1.4801628627842982,4.575752030259952,-0.07228342043175802,2.287519991600502
-1.781478222090629,1.5362894538098464,-1.480676811429812,4.575039983201004,-0.07257890761969943,2.287052078945452
-1.800431166133985,1.53660503020421,-1.4809272077408384,4.574104157890904,-0.07321006040842674,2.2864114386744183
-1.8209471935126318,1.5363455334899414,-1.4820621534702894,4.572822877348837,-0.07269106697988953,2.2873761386367097
-1.8386770716505734,1.5366310290404235,-1.4823691096750724,4.5747522772734195,-0.07326205808085352,2.287030730936995
-1.85918574013004,1.5367149352733744,-1.4829897461909078,4.57406146187399,-0.07342987054675536,2.286867893927604
-1.8799037070967897,1.53701634356614,-1.4832555928530464,4.573735787855208,-0.07403268713228613,2.2873680647389323
-1.8963628903451515,1.5367820940035775,-1.4843614415925999,4.574736129477865,-0.07356418800716107,2.2878585532086007
-1.9122336292610658,1.5358973352715575,-1.486473440740107,4.575717106417201,-0.07179467054312128,2.290174549645752
-1.9271960380544961,1.5363361050783328,-1.4865297764726413,4.580349099291504,-0.07267221015667205,2.2899771289880073
-1.9462712838798442,1.536161171821676,-1.4875374933538619,4.579954257976015,-0.07232234364335872,2.2898662580240323
-1.9612388148452746,1.5366975829027334,-1.4874068131670608,4.579732516048065,-0.07339516580547349,2.290232176163502
-1.9821984776197892,1.536880329878089,-1.487811478804555,4.580464352327004,-0.07376065975618472,2.290737430784714
-1.9969405486072977,1.5365263055202036,-1.4890607471371484,4.581474861569428,-0.07305261104041398,2.29158179095184
-2.005876861949498,1.536319066145681,-1.490164480231442,4.58316358190368,-0.07263813229136844,2.291285061242943
-2.016418158125905,1.5347757025489586,-1.4933221382640578,4.582570122485886,-0.06955140509792389,2.2929105842129998
-2.0227156972620164,1.5347987994876173,-1.4940477015115778,4.5858211684259995,-0.06959759897524131,2.292477178765544
-2.0422379301286244,1.5345185018434562,-1.4952507825849448,4.584954357531088,-0.06903700368691895,2.291971425345511
-2.057519617021244,1.5345472731119112,-1.495928899848938,4.583942850691022,-0.069094546223829,2.2916907625801817
-2.0732408739687473,1.5345912934426835,-1.496632510619279,4.583381525160363,-0.06918258688537378,2.29139121137459
-2.0913920230939813,1.5339450661590297,-1.4983763465720095,4.58278242274918,-0.06789013231806633,2.2921483678922074
-2.1057517424386036,1.5340609312206324,-1.498930978404311,4.584296735784415,-0.06812186244127162,2.2925987136061874
-2.1258739932948787,1.5343403857250448,-1.4992166680541061,4.585197427212375,-0.06868077145009652,2.2922845169824413
-2.1458928838441755,1.5349683006035204,-1.498976361555604,4.584569033964883,-0.06993660120704773,2.2917920241000638
-2.1662989749531896,1.5346730903693064,-1.5001667882381684,4.5835840482001275,-0.06934618073861962,2.2947342935159645
-2.1785478785358308,1.5348813176654734,-1.5005829092026188,4.589468587031929,-0.06976263533095377,2.2944031219240033
-2.1942587299047203,1.5347086178403437,-1.5016149432167127,4.588806243848007,-0.06941723568069419,2.295707710616555
-2.2075676125714185,1.5347788669948155,-1.5022156382345218,4.59141542123311,-0.06955773398963762,2.296507207212811
-2.2233399471005457,1.5347855619054975,-1.5029429603391464,4.593014414425622,-0.06957112381100183,2.2964954918644507
-2.236711116165594,1.5345699118416465,-1.504021853784259,4.592990983728901,-0.06913982368329989,2.2975886175186413
-2.2448816306660966,1.5348872755946883,-1.5042752319780843,4.595177235037283,-0.0697745511893834,2.297855580150015
-2.2572710508071383,1.5353565049038438,-1.5042630116174098,4.59571116030003,-0.07071300980769442,2.298253061107473
-2.266741990540017,1.5352660517247985,-1.5051298950930352,4.596506122214946,-0.07053210344960392,2.2986324401128546
-2.2745712796475592,1.5352906283607486,-1.5058475470042898,4.597264880225709,-0.07058125672150424,2.299046293405783
-2.283433966818504,1.5347637938580028,-1.5074325119500647,4.598092586811566,-0.06952758771601247,2.300252159391322
-2.2883860800509184,1.5350548688778545,-1.5076968951868912,4.600504318782644,-0.070109737755716,2.2998715331881106
-2.2962282344141096,1.5351565987169888,-1.508272711461514,4.599743066376221,-0.07031319743398456,2.300520838072492
-2.295041997881535,1.5354936553734484,-1.5084787407779525,4.601041676144984,-0.07098731074690373,2.3009834068143893
-2.29336099903914,1.5350893131351837,-1.509891710127968,4.601966813628779,-0.07017862627037455,2.300602100462427
-2.285843261404424,1.5345927635227674,-1.5114281291149503,4.601204200924854,-0.06918552704554212,2.302240324508489
-2.2795965321166065,1.5337903569870541,-1.5134507664796153,4.604480649016978,-0.06758071397411573,2.3015534585138218
-2.2745813311009266,1.5337402769447914,-1.5143059273449382,4.6031069170276435,-0.06748055388959028,2.301332037192234
-2.271645378728648,1.5340886506570417,-1.5145381366223019,4.602664074384468,-0.06817730131409082,2.3008501545013655
-2.2701989267911324,1.5332141650880389,-1.5166785006918642,4.601700309002731,-0.0664283301760852,2.3006044656893474
-2.2648743392842374,1.5310762857832074,-1.5207684181120975,4.601208931378695,-0.06215257156642208,2.302486462902184
-2.263802918685408,1.531843195124496,-1.5203150535762178,4.604972925804368,-0.06368639024899932,2.3020303240334385
-2.2766099575324725,1.5322220304184642,-1.5204975398098377,4.604060648066877,-0.06444406083693563,2.301392788780189
-2.28434099794097,1.5320634551874912,-1.5214787342997207,4.602785577560378,-0.06412691037498978,2.302446349644653
-2.2875833766949807,1.5322757342735849,-1.521900907828184,4.604892699289306,-0.06455146854717694,2.3024354958297684
-2.2927662251423113,1.5318136141471252,-1.523383477074076,4.604870991659537,-0.06362722829425778,2.302521286136699
-2.294989388159787,1.5317411443700835,-1.5242841758744132,4.605042572273398,-0.0634822887401743,2.3021605752081435
-2.2991917649922744,1.5312497221654475,-1.5258288468755654,4.604321150416287,-0.06249944433090223,2.302191832505691
-2.304412243909363,1.5318384787788046,-1.5256572082373177,4.604383665011382,-0.0636769575576164,2.302238455809523
-2.3174716426234223,1.5322449149198898,-1.5257767018865231,4.604476911619046,-0.06448982983978652,2.3023932919075296
-2.325972822311183,1.5315889807807521,-1.5275907423088155,4.604786583815059,-0.06317796156151124,2.302055380666768
-2.3294554606433238,1.5310410559857313,-1.5292465603395562,4.604110761333536,-0.06208211197146968,2.3014469015907655
-2.3336702827602345,1.5305351627751136,-1.5307734478422785,4.602893803181531,-0.061070325550234374,2.3042173710214624
-2.342203104233251,1.5297939203191018,-1.532720424167567,4.608434742042925,-0.05958784063821059,2.3039570917923147
-2.3529910629846147,1.5292191184514232,-1.5343810586686812,4.607914183584629,-0.05843823690285336,2.3045995501370693
-2.3695266206574424,1.5293691519733,-1.5349167307495906,4.609199100274139,-0.058738303946606826,2.3045358465642103
-2.3886287865147704,1.5292023118294076,-1.5359481273331967,4.609071693128421,-0.05840462365882226,2.3054400584598533
-2.4036560491293484,1.5295279083477482,-1.5361978533749752,4.610880116919707,-0.05905581669550347,2.3050267579880805
-2.4169631502417452,1.5297287633727545,-1.5366545316633713,4.610053515976161,-0.059457526745516284,2.3045575719245983
-2.4275849754338488,1.5291893734114586,-1.5382930777187773,4.609115143849197,-0.05837874682292414,2.304031673940946
-2.4369230492204657,1.5299128802745385,-1.5379071979975487,4.608063347881892,-0.05982576054908408,2.3034964831060702
-2.4478142454190532,1.5294284804407725,-1.5394280358079329,4.6069929662121405,-0.058856960881551894,2.303658422031449
-2.4420218018624307,1.5297079369952276,-1.5397614196901985,4.607316844062898,-0.05941587399046187,2.3033363547432106
-2.445321557667051,1.5298011225021573,-1.5403988618729558,4.606672709486421,-0.059602245004321285,2.3031114744929693
-2.4483960211789526,1.52985474587613,-1.5410739017212167,4.6062229489859385,-0.05970949175226684,2.303603513033111
-2.4497029133928367,1.5302683888293527,-1.5411729334532254,4.607207026066222,-0.06053677765871195,2.3039050415833557
-2.4524755871241064,1.530576742512649,-1.541440339987572,4.6078100831667115,-0.06115348502530484,2.3035875484946136
-2.449920458878096,1.531049780603866,-1.5414668371923963,4.607175096989227,-0.06209956120773892,2.3033782848644786
-2.445257175885717,1.530346231914164,-1.5433165260341306,4.606756569728957,-0.06069246382833499,2.304073208456391
-2.432028703754603,1.5300123328795108,-1.5445799205776387,4.608146416912782,-0.06002466575902848,2.3058970702200243
-2.4263976496431594,1.5306687905618923,-1.5443020934808434,4.611794140440049,-0.06133758112379147,2.305576592886886
-2.427083098075898,1.5284853338511744,-1.5485055206041625,4.611153185773772,-0.05697066770235568,2.3067598438802337
-2.4129561275974387,1.5288531927890634,-1.5486806290636717,4.613519687760467,-0.05770638557813367,2.3065395357610137
-2.4110369027168512,1.5285640757396306,-1.5498961491815968,4.613079071522027,-0.0571281514792682,2.307121668988789
-2.402730383932023,1.5283409881242664,-1.5510497326856367,4.614243337977578,-0.05668197624854007,2.3068104519684547
-2.392436896567812,1.5285797998849122,-1.5514718609120677,4.613620903936909,-0.05715959976983155,2.3066447478114047
-2.3816618895543016,1.5295299818819759,-1.5507432777002355,4.613289495622809,-0.05905996376395905,2.306123161155028
-2.3722297114186626,1.5298277397137388,-1.5510029337717979,4.612246322310056,-0.059655479427484746,2.3075082283349646
-2.3533300272929063,1.5302297438369354,-1.5511409589141767,4.615016456669929,-0.06045948767387828,2.3074217044310874
-2.3349838311340942,1.530017599488541,-1.5522745288912008,4.614843408862175,-0.060035198977089255,2.307054256165493
-2.314053565322283,1.5304290498962783,-1.5524064897706102,4.614108512330986,-0.06085809979256389,2.3067157731730994
-2.293598991784404,1.5306705787210313,-1.5527963766755308,4.613431546346199,-0.061341157442070124,2.3063969325802045
-2.2754089294512987,1.5310703356903514,-1.5529380096938996,4.612793865160409,-0.062140671380710506,2.306131535127
-2.254524011035813,1.5316582064014335,-1.552793383533034,4.612263070254,-0.06331641280287467,2.3057659951386045
-2.233881255829304,1.532226053318593,-1.5526706470159013,4.611531990277209,-0.06445210663719367,2.3050837863597713
-2.21072659119751,1.5324208868838163,-1.5531254145231477,4.610167572719543,-0.06484177376764022,2.3050689683281105
-2.184179477102397,1.531914944071796,-1.5546735307282382,4.610137936656221,-0.06382988814359966,2.305291417262224
-2.157822938853978,1.5319958218078464,-1.555288408488929,4.610582834524448,-0.06399164361570041,2.305976485206891
-2.1376677872408267,1.53150265846146,-1.556855512853658,4.611952970413782,-0.06300531692292734,2.306075725110367
-2.119010389565486,1.5322942831037778,-1.5563607749088404,4.612151450220734,-0.06458856620756295,2.3060008108948833
-2.103650578081089,1.5327472259193597,-1.5564186105256685,4.612001621789767,-0.06549445183872686,2.3059941805742348
-2.081649311200343,1.5328725763471582,-1.5569956807524863,4.6119883611484696,-0.06574515269432381,2.305696103940772
-2.0610557854056317,1.5324824147107652,-1.5583753280827353,4.611392207881544,-0.06496482942153753,2.3066324327252024
-2.0316288789213166,1.533193301213815,-1.5580119675234607,4.613264865450405,-0.06638660242763703,2.306468568053767
-2.0096836663524273,1.5335466528281687,-1.558206035602238,4.612937136107534,-0.06709330565634442,2.306032873084764
-1.9822702965399335,1.5333733815730295,-1.559218606931378,4.612065746169528,-0.06674676314606608,2.306286771644063
-1.9517263574556232,1.533460943402969,-1.5598289951772406,4.612573543288126,-0.06692188680594478,2.305986851200653
-1.9249371278713006,1.5337129232972173,-1.560172182275642,4.611973702401306,-0.06742584659444172,2.306599016388728
-1.90563319274029,1.533389752495378,-1.5614758890008091,4.613198032777456,-0.0667795049907629,2.3065651045494486
-1.8861293892362863,1.533648182758593,-1.5618262406963819,4.613130209098897,-0.06729636551719315,2.306187232829581
-1.8727215023721735,1.5335858077960671,-1.5627117306535343,4.612374465659162,-0.06717161559214109,2.305812592509344
-1.8573011140273243,1.5329949210582448,-1.5644413219197608,4.611625185018688,-0.06598984211649639,2.3053174850321687
-1.8439479727461967,1.5329081712007326,-1.5653578908211128,4.610634970064337,-0.06581634240147204,2.3052533550611605
-1.836544509547731,1.5333437072623293,-1.5654436614362586,4.610506710122321,-0.06668741452466527,2.3045649093839686
-1.8339205196870558,1.5334080312377927,-1.5661233860798398,4.609129818767937,-0.066816062475592,2.3040354900786686
-1.832244479262432,1.5328056210029117,-1.5678393989898205,4.608070980157337,-0.06561124200583025,2.303883066400382
-1.8325599853926586,1.5330000518038798,-1.5682872416026266,4.607766132800764,-0.06600010360776641,2.303703848977102
-1.8392478577244096,1.533231754768054,-1.5686916335036327,4.607407697954204,-0.0664635095361152,2.3035520211674867
-1.843792113657781,1.5334898176440028,-1.5690524554643561,4.607104042334973,-0.06697963528801268,2.303473309347139
-1.8484040066090426,1.5338580260794326,-1.5692506383002356,4.606946618694278,-0.06771605215887215,2.3030837717520716
-1.8506286936070275,1.5339302904630774,-1.5699131016578882,4.606167543504143,-0.06786058092616178,2.302648535846899
-1.855594643005105,1.533545407315576,-1.5712600912066828,4.605297071693798,-0.06709081463115928,2.3042353481699407
-1.8620477047765316,1.5330057998502662,-1.5728663494898176,4.608470696339881,-0.06601159970053962,2.304313967957798
-1.8708940437680972,1.5330658876199952,-1.57354338761247,4.608627935915596,-0.06613177523999758,2.3043038460874232
-1.8823577593593122,1.5337837784903894,-1.5731863628358955,4.6086076921748464,-0.0675675569807861,2.3041682392115908
-1.8998060080354424,1.5342283568069017,-1.5732676762705002,4.6083364784231815,-0.06845671361381059,2.303481260812635
-1.9145244067225593,1.5342871243574487,-1.5739416771953512,4.60696252162527,-0.06857424871490458,2.303735659606128
-1.9253576540027557,1.5342560493401314,-1.5747732390292943,4.607471319212256,-0.06851209868026972,2.303228509979914
-1.9361947998829139,1.5337373889061945,-1.576382994805722,4.606457019959828,-0.06747477781239594,2.3030965722446366
-1.9472082380029365,1.5337309370131853,-1.5771314325381471,4.606193144489273,-0.06746187402637771,2.3028147290221805
-1.960340348670129,1.5340161326805921,-1.5774162489241186,4.605629458044361,-0.06803226536119122,2.3039945866207487
-1.9754603976171872,1.5341838168383666,-1.5779025981464756,4.6079891732414975,-0.06836763367674023,2.3042277864523726
-1.9883219054757473,1.5332841496170144,-1.580088376163837,4.608455572904745,-0.06656829923403595,2.3050387964427688
-1.9947618317498317,1.5329818203634133,-1.5813388885602897,4.6100775928855375,-0.06596364072683393,2.304764542628118
-2.0056690812488953,1.5338480609543261,-1.5807502197340577,4.609529085256236,-0.06769612190865959,2.304470247331183
-2.0229582514759565,1.5342477920494413,-1.580888932646281,4.608940494662366,-0.06849558409889012,2.3046118376185785
-2.033332174288527,1.5343586847084332,-1.5814923837614612,4.609223675237157,-0.06871736941687406,2.3043130587405147
-2.0377121540486467,1.5345597927533892,-1.5819584158120246,4.6086261174810295,-0.06911958550678589,2.303996535162172
-2.0422404383145993,1.5350503200128525,-1.5819534638453636,4.607993070324344,-0.07010064002571258,2.303889857528678
-2.0471856234881884,1.534039111656735,-1.5843168945166404,4.607779715057356,-0.06807822331347735,2.3054446259750483
-2.0463608172731718,1.5342953784657467,-1.5846940395685332,4.610889251950097,-0.06859075693150089,2.304981070825773
-2.054399019937102,1.5324164461657994,-1.5884011911020475,4.609962141651546,-0.06483289233160652,2.3077602015778513
-2.055520519145994,1.532129565640694,-1.5895782885889307,4.615520403155703,-0.06425913128139546,2.30861474008857
-2.0655015036759137,1.5318950668311384,-1.5907464145454366,4.61722948017714,-0.06379013366228428,2.3086576060447026
-2.0740272862512965,1.5322366757915733,-1.5910086943001926,4.617315212089405,-0.06447335158315395,2.3081057407299252
-2.084974302015635,1.531790935122093,-1.5924775679216727,4.6162114814598505,-0.06358187024419336,2.308977520574957
-2.0960921365333895,1.5325200491259237,-1.59208846697975,4.617955041149914,-0.06504009825185472,2.308811335958441
-2.114333597210844,1.5329002898531674,-1.5922327260668552,4.617622671916882,-0.06580057970634218,2.309199014961841
-2.127125054879363,1.5339606309373577,-1.5913334247940556,4.618398029923682,-0.06792126187472275,2.3090773409753917
-2.1389927656879246,1.5339980466125809,-1.592018270065792,4.6181546819507835,-0.06799609322516911,2.3112838574120516
-2.137119115781089,1.5349907139711743,-1.591245550254574,4.622567714824103,-0.06998142794235596,2.3104226756041313
-2.1369654359030212,1.534858395196736,-1.59222712765785,4.620845351208263,-0.06971679039347943,2.310269424413028
-2.1277695986461476,1.535369958619359,-1.5921753552079607,4.620538848826056,-0.0707399172387251,2.3111862389664264
-2.1213683268428167,1.5340278639871026,-1.5950561207116714,4.622372477932853,-0.06805572797421233,2.3116891646742608
-2.1031413202011384,1.5342683399896841,-1.595447294394318,4.6233783293485216,-0.06853667997937551,2.3114237857861553
-2.0926355047092438,1.5336396932037937,-1.597210196456186,4.6228475715723105,-0.0672793864075944,2.3118769226930564
-2.0841765003288435,1.5341535659241945,-1.5971593780276936,4.623753845386113,-0.06830713184839599,2.312311727422116
-2.0834460565980044,1.5337989640758716,-1.5984968191358255,4.624623454844232,-0.06759792815175014,2.3125572397803933
-2.0780251493128903,1.5338038918983248,-1.5992647357338592,4.625114479560787,-0.06760778379665645,2.3129092536164446
-2.0760987569755107,1.5338174817506705,-1.6000077741460246,4.625818507232889,-0.06763496350134789,2.313711072040398
-2.0768778755716673,1.5341432503745922,-1.6002593708952062,4.627422144080796,-0.06828650074919142,2.3136291014626855
-2.0741660144609058,1.5346168065098307,-1.600285934780901,4.627258202925371,-0.06923361301966857,2.3132567917318405
-2.071388739217426,1.534800901507159,-1.6007852327721053,4.626513583463681,-0.06960180301432518,2.3127368536974706
-2.058209297467811,1.5342540146588448,-1.6024066632992136,4.625473707394941,-0.06850802931769676,2.3137713137882443
-2.0409169813762373,1.5337796817777394,-1.6039410951978466,4.627542627576489,-0.06755936355548568,2.3144342479290265
-2.0251454708674705,1.534506274838389,-1.6035706632848714,4.628868495858053,-0.06901254967678488,2.313845443745824
-2.016478944036674,1.5336919677740304,-1.6055941224314143,4.627690887491648,-0.06738393554806753,2.3157096574730818
-1.9977213671469571,1.5331790321441947,-1.6071952510142953,4.6314193149461635,-0.06635806428839615,2.3156682250117817
-1.9876749572405559,1.5342393142142832,-1.6063125754007461,4.631336450023563,-0.06847862842857315,2.3149399078146673
-1.9862232887255356,1.5350804947186558,-1.6057837146340819,4.629879815629335,-0.07016098943731844,2.3140246066969
-1.9846702868979065,1.5349224390939813,-1.606852212218637,4.6280492133938,-0.06984487818796921,2.3134613657542644
-1.97577342721877,1.5359183830076768,-1.6060454366638466,4.626922731508529,-0.07183676601536039,2.3127684568608755
-1.9780305380596508,1.5359589449226223,-1.6067654523380053,4.625536913721751,-0.07191788984525134,2.312701847779641
-1.9705701958450186,1.5356935379775343,-1.6079473540924032,4.625403695559282,-0.07138707595507542,2.312782769064024
-1.9653270363825626,1.5354088269723485,-1.609155468741552,4.625565538128048,-0.07081765394470378,2.313155586686892
-1.9564264664297122,1.5353244730157645,-1.610112030285415,4.626311173373784,-0.07064894603153563,2.312498447431681
-1.9508029716894013,1.5358988535342974,-1.6099886170734636,4.624996894863362,-0.07179770706860163,2.3121559841972905
-1.9449769584144214,1.536071784372956,-1.6105005018697456,4.624311968394581,-0.07214356874591911,2.3115313441709
-1.9380391203410954,1.5370822473731645,-1.609681510073597,4.6230626883418,-0.07416449474633577,2.3106258329486367
-1.9311804252788354,1.5353715191421915,-1.6131641092833244,4.621251665897273,-0.07074303828438985,2.3108723608509076
-1.9105135950125292,1.5355711840650144,-1.6136637786995087,4.621744721701815,-0.07114236813003562,2.31015853522279
-1.9014123397129183,1.5360684417812236,-1.6136453419912107,4.62031707044558,-0.07213688356245386,2.309888105393091
-1.8942006529493296,1.5367886586538915,-1.6132680167377218,4.619776210786182,-0.07357731730778942,2.3109543038529874
-1.8878347435135467,1.5368550798172513,-1.6139372907858733,4.621908607705975,-0.07371015963450911,2.31123763033425
-1.8768943643707527,1.5373889367560563,-1.6138611441820858,4.6224752606685,-0.07477787351211881,2.311110328343499
-1.8649665959938806,1.5379204460334313,-1.61379633479263,4.622220656686998,-0.07584089206686867,2.3106699711039185
-1.848552710120726,1.5374225822412286,-1.6153574624514468,4.621339942207837,-0.07484516448246345,2.310643179708436
-1.8312382518201769,1.5380560643798158,-1.6151017358200563,4.621286359416872,-0.07611212875963781,2.310428517193284
-1.8161409830367863,1.5378949563676,-1.6161259117144549,4.620857034386568,-0.07578991273520629,2.3108017283399507
-1.7937772664804588,1.538286554990472,-1.6162871592663846,4.621603456679901,-0.07657310998095021,2.3105243087232257
-1.7815684533915483,1.5383400179139275,-1.6169965431321447,4.621048617446451,-0.0766800358278609,2.3100663350623294
-1.7720058746689176,1.538828503442842,-1.6169725759520817,4.620132670124659,-0.0776570068856897,2.3097430396887053
-1.7631427209502155,1.53946742629805,-1.616735450175627,4.619486079377411,-0.07893485259610569,2.309789393854509
-1.7592347017595462,1.5385598671100569,-1.6189649812635325,4.619578787709018,-0.0771197342201195,2.3095485657201005
-1.7484959019007986,1.5388247451467834,-1.6193020234064954,4.619097131440201,-0.07764949029357247,2.3095976609562174
-1.7436788357949526,1.5395883092169556,-1.6188718522646957,4.619195321912435,-0.07917661843391707,2.3088231275575555
-1.7381314466684268,1.540316450603334,-1.6184778863452725,4.617646255115111,-0.08063290120667381,2.3083910687688305
-1.7282438884896454,1.540696375079849,-1.6186319848099038,4.616782137537661,-0.08139275015970403,2.3081656380455082
-1.7168729697980571,1.541389552468952,-1.6182948665406458,4.6163312760910165,-0.08277910493790984,2.307567169750098
-1.705739140557007,1.5405251727521703,-1.6204077345897987,4.615134339500196,-0.08105034550434649,2.3076020957211316
-1.6940292375335015,1.5406778610373861,-1.6209232325900322,4.615204191442263,-0.08135572207477841,2.307057964806201
-1.6828708445342249,1.5414029000210137,-1.6205342091635286,4.614115929612402,-0.08280580004203335,2.306340167477077
-1.67390775329813,1.5419416111306739,-1.6204598971829367,4.612680334954154,-0.08388322226135389,2.3059119497233938
-1.66342344959257,1.5421143670915134,-1.6209305769581919,4.6118238994467875,-0.0842287341830329,2.3063988881664113
-1.6537106240704254,1.5415559718883223,-1.6225716894229696,4.6127977763328225,-0.0831119437766506,2.306522995435988
-1.64210157206738,1.542021184962448,-1.6226040472800807,4.613045990871976,-0.0840423699249021,2.3058744807669647
-1.6385474313673853,1.5426601507494389,-1.6223550634755342,4.611748961533929,-0.08532030149888341,2.305567498800897
-1.636314224720759,1.5416495533064818,-1.6247255960538156,4.611134997601794,-0.08329910661296944,2.3049993516458143
-1.6248955846566564,1.542345085251788,-1.6244029163507343,4.6099987032916285,-0.0846901705035816,2.304465348099602
-1.625363342212458,1.542898133090086,-1.624292619135939,4.608930696199204,-0.08579626618017759,2.304198388554307
-1.6214389183205133,1.5431720619158424,-1.6245678561150405,4.608396777108614,-0.08634412383169071,2.3051547697058576
-1.6162658286272298,1.5436679203766168,-1.6245610641854586,4.610309539411715,-0.08733584075323943,2.3047989092341
-1.6108883445899111,1.543873229002969,-1.6249555789189496,4.6095978184682,-0.08774645800594387,2.305053537140198
-1.605091956130666,1.5443935453915922,-1.6249151517977902,4.610107074280396,-0.08878709078319,2.304352836318996
-1.6027722747046804,1.5446296452715365,-1.6252485630236266,4.608705672637992,-0.08925929054307835,2.3043116427658625
-1.5941306870567553,1.544524003049651,-1.6261659756627262,4.608623285531725,-0.08904800609930726,2.3040408571566675
-1.5850075353811055,1.5444919103346992,-1.6269931919392304,4.608081714313335,-0.08898382066940375,2.3034425692084275
-1.5810119655397925,1.5446832178903556,-1.6274449331612018,4.606885138416855,-0.08936643578071632,2.3031928277166696
-1.5820172183687775,1.544685073203486,-1.6281786486663552,4.606385655433339,-0.08937014640697706,2.303441332296948
-1.583804009990526,1.5449624847587724,-1.6284880049301023,4.606882664593896,-0.08992496951754994,2.30310785110476
-1.5902808674744615,1.545436235872445,-1.628491022483916,4.60621570220952,-0.09087247174489523,2.302637370670767
-1.5930007571215221,1.5442445167422523,-1.6311292956524754,4.605274741341534,-0.08848903348450987,2.3017474472920476
-1.5899611442087431,1.5451528638637133,-1.6304704905608267,4.603494894584095,-0.09030572772743214,2.3007650956342083
-1.6007191640587073,1.5455151239439913,-1.6306709485162365,4.601530191268417,-0.09103024788798787,2.3001736613806347
-1.607457461166656,1.5449625261796085,-1.6323042480691146,4.6003473227612695,-0.0899250523592224,2.3009391315391503
-1.6110153133751186,1.545265962041473,-1.6325940775741903,4.601878263078301,-0.09053192408295169,2.3004269125143537
-1.6168361799847135,1.545337093836024,-1.6332359012077813,4.600853825028707,-0.09067418767205382,2.3001323288467663
-1.6229885688148782,1.5459153945863895,-1.6330897410228096,4.600264657693533,-0.09183078917278491,2.2994200270388947
-1.6335419192088225,1.546233476533314,-1.6333640261992355,4.598840054077789,-0.09246695306663422,2.299149244623288
-1.6366547118783346,1.546399877023345,-1.6338790807893449,4.598298489246576,-0.09279975404669574,2.298326466059861
-1.6415740219157,1.5465547213486652,-1.634382190573894,4.596652932119722,-0.09310944269733616,2.298115805882072
-1.6485187139977702,1.5456369319699212,-1.6365570017571214,4.596231611764144,-0.09127386393984803,2.297968914490529
-1.6532255785807903,1.5452952566710068,-1.6378106778298933,4.595937828981058,-0.09059051334201924,2.298314961773727
-1.6653457935748588,1.5453001273015736,-1.6385777129662413,4.596629923547454,-0.09060025460315295,2.297664136358036
-1.6806109695059952,1.5454263931763175,-1.6391152168852077,4.595328272716072,-0.09085278635264082,2.297840564266892
-1.6988048451764557,1.5458602997790594,-1.6392028076813916,4.595681128533784,-0.09172059955812444,2.297239819305943
-1.7181753339324435,1.5461714610456827,-1.639469012316024,4.594479638611886,-0.09234292209137114,2.296927556093176
-1.734365471345839,1.5462710238160853,-1.6400447603122612,4.593855112186352,-0.09254204763217626,2.2970114163502244
-1.748051693572864,1.546619884316749,-1.6402324783958828,4.594022832700449,-0.09323976863350368,2.297025526206895
-1.7624583248982981,1.5466270251669472,-1.6409950572426353,4.59405105241379,-0.09325405033390016,2.296996233928096
-1.773799169785322,1.5466892782377746,-1.6416606650245398,4.593992467856192,-0.09337855647555501,2.2967078336845255
-1.7861811529779668,1.5475149779640414,-1.641107423652266,4.593415667369051,-0.09502995592808877,2.2960689565836048
-1.802296568395526,1.5480280758368068,-1.6410789852527916,4.5921379131672095,-0.09605615167361953,2.2953128977185893
-1.8074727156386927,1.5488771265484318,-1.6404911918072551,4.5906257954371785,-0.0977542530968693,2.2946206063945866
-1.8160910548854006,1.5493001638191553,-1.6405572144878176,4.589241212789173,-0.09860032763831625,2.294184399045355
-1.8196009550975276,1.549019219394443,-1.6417601446385204,4.58836879809071,-0.09803843878889174,2.2942273803247026
-1.8161623076889433,1.549226849020934,-1.6421802404974966,4.588454760649405,-0.09845369804187365,2.2938240483137413
-1.816173207109612,1.5494565592676384,-1.6425633653183325,4.587648096627483,-0.0989131185352825,2.2936023815640705
-1.815003547335779,1.5486935793625196,-1.6445199176026093,4.587204763128141,-0.09738715872504496,2.2935630626084884
-1.8127690330274955,1.5488341375199064,-1.6450637813993845,4.587126125216977,-0.09766827503981845,2.293554006730563
-1.8170565114945993,1.5488034046594776,-1.6458865819931636,4.587108013461126,-0.09760680931896093,2.293241764361575
-1.8205444091886787,1.5489853000058715,-1.6463428006860013,4.58648352872315,-0.09797060001174882,2.2934716949320806
-1.8250306139328054,1.5498067264317392,-1.6457976124062097,4.586943389864161,-0.09961345286348412,2.292717933272678
-1.8261433801327929,1.5506799561382127,-1.6451758513585597,4.585435866545356,-0.10135991227643133,2.292042231192904
-1.8203375788293816,1.5502566510737834,-1.646588267622634,4.584084462385808,-0.10051330214757286,2.292461266989716
-1.8052084341874293,1.5509543767182141,-1.6462301224131752,4.584922533979432,-0.1019087534364343,2.2920654006781107
-1.795019288749713,1.55109737322952,-1.6467646523519728,4.584130801356221,-0.10219474645904598,2.2921876120617335
-1.7813217111221087,1.5510342428267725,-1.6476232031780729,4.584375224123467,-0.10206848565355095,2.291549161544781
-1.7677558635899724,1.551381761711254,-1.647816900526035,4.583098323089562,-0.10276352342251406,2.2911915295963174
-1.7558907182183754,1.5520939292644087,-1.6474297832632137,4.582383059192635,-0.10418785852882351,2.2906176169776207
-1.7449028559091324,1.5521467272576819,-1.648069704669803,4.581235233955241,-0.10429345451536973,2.2907420270875183
-1.7281779917745652,1.5517972596761962,-1.6493175046852626,4.581484054175037,-0.10359451935239816,2.2917414249815793
-1.7105633702574257,1.5515531275444898,-1.650442725227452,4.583482849963159,-0.10310625508898562,2.2915054815294114
-1.699738165801965,1.552266027895303,-1.650047645092861,4.583010963058823,-0.104532055790612,2.290921353879209
-1.6953128892016134,1.551573313203241,-1.651894111228912,4.581842707758418,-0.10314662640648761,2.2913326480398704
-1.6885783927084617,1.5523593930445136,-1.6513775377271693,4.582665296079741,-0.1047187860890329,2.2907610589829788
-1.6908452789344042,1.5531052871801556,-1.6509312872337958,4.5815221179659575,-0.10621057436031689,2.290559201125323
-1.6874681653989883,1.5532455445930977,-1.6514578948309009,4.581118402250646,-0.10649108918620098,2.2899665852192146
-1.6794737705270746,1.5522565565035342,-1.653729288530725,4.579933170438429,-0.10451311300707412,2.2913564653804888
-1.6693286449076792,1.552999955734462,-1.6533066056920702,4.5827129307609775,-0.10599991146892984,2.2904956179582863
-1.664677355135514,1.5537045120808555,-1.652935774585967,4.5809912359165725,-0.10740902416171674,2.289822000403598
-1.6566611246682523,1.553458349621978,-1.6540599021927536,4.579644000807196,-0.10691669924396174,2.2897584016441637
-1.6424684193515084,1.5534800576911916,-1.654753700361407,4.579516803288327,-0.10696011538238871,2.2902856602417714
-1.6312519006303245,1.5526233887864607,-1.6568413987915522,4.580571320483543,-0.10524677757292679,2.290024307665498
-1.6229041490538936,1.5529035343971485,-1.6571629706065611,4.580048615330996,-0.10580706879430235,2.2893961955915034
-1.62647502803276,1.5536517165594756,-1.6567198492425723,4.578792391183007,-0.10730343311895685,2.288944246542041
-1.6286587539087727,1.5542234379113924,-1.6565544647265753,4.577888493084082,-0.10844687582279032,2.2883985376514944
-1.6303947021503298,1.5549462090977069,-1.6561456858913426,4.576797075302989,-0.10989241819541948,2.288067031537349
-1.6305408363092537,1.554424969952172,-1.6576801753557902,4.576134063074698,-0.10884993990434948,2.2889128401736216
-1.6234837996889417,1.5540603290834472,-1.6589935230299169,4.577825680347243,-0.10812065816690009,2.2886008167010776
-1.620892627732926,1.5537249515246112,-1.6602574065010436,4.577201633402155,-0.10744990304922816,2.289061518043467
-1.6241508517537144,1.5543405418093663,-1.6600053278471232,4.578123036086934,-0.10868108361873824,2.289068670219065
-1.6318007124046827,1.554531534372967,-1.660439647594107,4.57813734043813,-0.10906306874593975,2.2888423198564496
-1.6338225583243928,1.554821040913166,-1.6607215088520744,4.577684639712899,-0.1096420818263373,2.2888574796843053
-1.6343260443343992,1.5547666534208862,-1.6615420087939945,4.577714959368611,-0.10953330684177753,2.2885412940463232
-1.6366700295136223,1.5549970946041038,-1.6618913425556965,4.5770825880926465,-0.10999418920821288,2.2888500976699233
-1.6374061208199933,1.5549916762106624,-1.6626210630701612,4.577700195339847,-0.10998335242133009,2.2888343161511204
-1.6410937915139012,1.5553578443227885,-1.6627695270704002,4.577668632302241,-0.1107156886455822,2.289231002464969
-1.6501316962666033,1.556275496242798,-1.6620487212965642,4.578462004929938,-0.11255099248560141,2.288507778828932
-1.6595409707403086,1.5564792209847278,-1.6624526421829486,4.577015557657864,-0.1129584419694611,2.2884066660157423
-1.6575498673839029,1.556718223754484,-1.6627998263249948,4.5768133320314845,-0.11343644750897376,2.2879277284577206
-1.6589162103036712,1.5560700170339055,-1.6645477663252415,4.575855456915441,-0.11214003406781627,2.2876991705714445
-1.6607951218908246,1.5567783326555442,-1.6641857422338349,4.575398341142889,-0.11355666531109393,2.2869152222993003
-1.6676478061515876,1.5571994491696652,-1.6642379940262888,4.573830444598601,-0.11439889833933606,2.2867234873486675
-1.669814990028186,1.5571777505867024,-1.664997703739134,4.573446974697335,-0.11435550117341013,2.2863961733671
-1.6652441375018632,1.5570281744645502,-1.665958183760949,4.5727923467342,-0.11405634892910575,2.287480383008896
-1.6616357803186765,1.5561461840066042,-1.6680825432570179,4.574960766017792,-0.11229236801321384,2.2872485082374068
-1.6609465728578527,1.5561586050336642,-1.66879253970003,4.5744970164748135,-0.11231721006733364,2.28712062604389
-1.6689189390301613,1.5559604571146934,-1.6698252974451386,4.57424125208778,-0.11192091422939217,2.2876371469489665
-1.6803644008933358,1.5563918129194476,-1.669875023653153,4.575274293897933,-0.1127836258389007,2.287506164147704
-1.6920705774239675,1.5569882710597571,-1.6696596596315008,4.575012328295408,-0.11397654211951981,2.287115318815756
-1.7003171335741376,1.557385492676106,-1.6697888391249416,4.574230637631512,-0.11477098535221748,2.2863823362030886
-1.703144965186208,1.5575683056471528,-1.6702094641641136,4.572764672406177,-0.11513661129431096,2.286382372776974
-1.7065998489530032,1.5577460920386172,-1.670653608565689,4.572764745553948,-0.1154921840772399,2.2859474376661053
-1.7098557778965757,1.5573176608950763,-1.6720811911940958,4.571894875332211,-0.1146353217901578,2.2854483418176743
-1.7118846231958402,1.5575379015171071,-1.6724615701925616,4.570896683635349,-0.11507580303421973,2.285074415540548
-1.7169522234944834,1.5578296871542388,-1.672750047287322,4.570148831081096,-0.11565937430848303,2.2844740285069793
-1.7220217925090286,1.5585317841776198,-1.6723762299693987,4.568948057013959,-0.11706356835524498,2.283915928831342
-1.7264645686480742,1.5592422809133821,-1.6719772602327883,4.567831857662684,-0.11848456182676954,2.2837276257607027
-1.728515958156011,1.5589777478610052,-1.6731222215575492,4.567455251521405,-0.11795549572201584,2.2838477914645794
-1.729693445630989,1.5583619093090058,-1.6748447250320877,4.567695582929159,-0.11672381861801696,2.2843616738284775
-1.73188010974265,1.5584397011776718,-1.6754222745015177,4.568723347656955,-0.11687940235534924,2.284734927705209
-1.7394081829907229,1.5584623329965248,-1.676108890954515,4.569469855410418,-0.11692466599305522,2.284599671234835
-1.7435514559202756,1.5585559746066273,-1.676672042606859,4.56919934246967,-0.11711194921326024,2.2847823618494165
-1.7516784222465347,1.5590922596305168,-1.6765566798553078,4.569564723698833,-0.11818451926103922,2.2844995838409243
-1.7624857904401987,1.5588282825346622,-1.6776944788238353,4.568999167681849,-0.11765656506933023,2.285324804024142
-1.7680228586891158,1.5584571594326708,-1.679013378204607,4.570649608048284,-0.11691431886534728,2.284594932252167
-1.7735071168180179,1.558054562140119,-1.6804032222734142,4.569189864504334,-0.11610912428024356,2.284002026441574
-1.7766936766790278,1.5579284165901683,-1.68131494338441,4.568004052883148,-0.11585683318034251,2.284527328655512
-1.7821279033818294,1.5587528860549416,-1.680753657018176,4.569054657311024,-0.11750577210988875,2.2838423598425046
-1.7893831981436348,1.5592971035145529,-1.6806324001746287,4.567684719685009,-0.11859420702911135,2.2833287151882082
-1.7927725261528729,1.5597895111798676,-1.6805864889329638,4.5666574303764165,-0.11957902235974074,2.282745827434077
-1.796111003854164,1.5588473644231058,-1.6828138552585852,4.565491654868154,-0.11769472884621697,2.2827148218753384
-1.7948978324064417,1.5589798454513768,-1.6833369851477684,4.565429643750677,-0.1179596909027589,2.282499244900358
-1.8008621280052914,1.559442213930189,-1.6833496625875004,4.564998489800716,-0.11888442786038317,2.28207785862588
-1.807664975834134,1.5590058924908303,-1.68473824952995,4.56415571725176,-0.1180117849816661,2.282772102223681
-1.8076140454667378,1.558568793938527,-1.6861525332475247,4.565544204447362,-0.11713758787705955,2.282410886769639
-1.8102591643713972,1.559090366290955,-1.6860509885532622,4.564821773539278,-0.1181807325819154,2.2821977909517623
-1.8185211898977884,1.5592536786783024,-1.6864981442317617,4.564395581903525,-0.11850735735661046,2.2830215984749156
-1.8269561922859567,1.5597204260180435,-1.6865119818892311,4.566043196949831,-0.11944085203609268,2.282147427081536
-1.839346557489362,1.5593896655379735,-1.6877519325697308,4.564294854163072,-0.11877933107595279,2.2822691596251365
-1.845768693433359,1.5594208743331914,-1.6884010200831572,4.564538319250273,-0.1188417486663884,2.282454798243832
-1.8517250229219964,1.5602635204981365,-1.6878084625270635,4.564909596487664,-0.12052704099627867,2.282287438215172
-1.8596716369921595,1.5595127221289324,-1.6897234030406676,4.564574876430344,-0.11902544425787043,2.282522958255634
-1.8579131135900917,1.5591701526528463,-1.6909720740046739,4.565045916511268,-0.11834030530569802,2.2823693977655486
-1.860507153385663,1.5600844565698597,-1.6902933890269884,4.564738795531097,-0.12016891313972507,2.2814330092356547
-1.8705417827110538,1.5604133699028537,-1.6905028828224486,4.5628660184713095,-0.12082673980571328,2.2811589514611614
-1.8714693459907912,1.5588628664829105,-1.6936387534534951,4.562317902922323,-0.11772573296582677,2.2821122841316903
-1.8639387373465353,1.5596447818942174,-1.6931479040209148,4.564224568263381,-0.11928956378844037,2.281487703053038
-1.8661498950161564,1.5597413794905897,-1.6936990976466892,4.562975406106076,-0.11948275898118488,2.282065766097873
-1.860961457235782,1.560318632224326,-1.6935304597175018,4.564131532195746,-0.12063726444865774,2.2815340525049885
-1.861520716466736,1.5605728077289447,-1.693849483990956,4.563068105009977,-0.12114561545789496,2.2817348368885644
-1.8608577276433815,1.5592314654685044,-1.6966974226415874,4.563469673777129,-0.11846293093701453,2.2816118573765287
-1.8572972455726537,1.558963445838213,-1.6978601572558083,4.563223714753057,-0.11792689167643133,2.2810605093786283
-1.8576604904830833,1.5589907204081839,-1.698549719115784,4.5621210187572565,-0.11798144081637346,2.2809724100273594
-1.8605002305296063,1.5592925431898792,-1.698806988160974,4.561944820054719,-0.11858508637976424,2.2808671736814277
-1.8662951689563387,1.5595432035823316,-1.6991216095837978,4.561734347362855,-0.11908640716466888,2.2806839968149766
-1.8683678970154507,1.5602368002959337,-1.6987769278895204,4.561367993629953,-0.12047360059187298,2.2799692220890404
-1.8681813215786276,1.560742815792887,-1.6987126135031476,4.559938444178081,-0.12148563158577962,2.2796374044706176
-1.8661436490548566,1.5610044163010137,-1.6990359930559569,4.559274808941235,-0.12200883260203306,2.2794364216946033
-1.8613565226238575,1.5613705541176883,-1.6991776270575316,4.5588728433892065,-0.12274110823538217,2.2791596581453923
-1.8579460756471597,1.5610605061099252,-1.7003799437055442,4.558319316290785,-0.12212101221985613,2.27895309970663
-1.849318265026011,1.5614275485205251,-1.7005357102880172,4.55790619941326,-0.12285509704105593,2.2788784822543775
-1.8439105535169666,1.5608619917833508,-1.7021687910894043,4.557756964508755,-0.12172398356670742,2.2785901886829016
-1.8395632156580584,1.5608823430080512,-1.70287735675142,4.557180377365803,-0.12176468601610792,2.27823505174252
-1.8360439944006222,1.5598666243472736,-1.7052025454244695,4.55647010348504,-0.11973324869455262,2.278503900791587
-1.8282758817094342,1.5606073834129672,-1.704773551615534,4.557007801583174,-0.12121476682594001,2.2779511829037498
-1.8352621429199885,1.5598559166881674,-1.7066796098463841,4.5559023658074995,-0.11971183337634012,2.2774240256027487
-1.8357599929648403,1.5593299678670214,-1.708245175275583,4.554848051205497,-0.11865993573404832,2.276825899950228
-1.8342144125014155,1.5584926447417282,-1.710312212316616,4.553651799900456,-0.11698528948346212,2.276499621137445
-1.8390107201495758,1.5585543128307946,-1.7109298019469559,4.55299924227489,-0.11710862566159486,2.2770113308440565
-1.8501615010741446,1.5577780194232336,-1.7128616231624927,4.554022661688113,-0.11555603884647274,2.277827467751359
-1.8622318694872717,1.5577017296178273,-1.713712854231803,4.555654935502718,-0.11540345923566003,2.2773727098132226
-1.8807291613600319,1.558330508257551,-1.7134526768095621,4.554745419626445,-0.11666101651510732,2.276950010286343
-1.8962661463312631,1.5585212467348044,-1.7138949590307861,4.553900020572686,-0.11704249346961429,2.2767679794943168
-1.9057629509549958,1.5587771682721905,-1.7142415902784847,4.5535359589886335,-0.11755433654438661,2.27606571377535
-1.914507123904682,1.5591680247018618,-1.7143711601895795,4.5521314275507,-0.11833604940372937,2.2756146216933764
-1.9237665471773964,1.559807548414001,-1.7140814794497006,4.551229243386753,-0.1196150968280081,2.2754869145884915
-1.9327799289542895,1.560361658059287,-1.7139426050958662,4.550973829176983,-0.12072331611857971,2.27497560503797
-1.9418621605765813,1.5607696149512944,-1.714020689585821,4.54995121007594,-0.12153922990259473,2.274428005572408
-1.9501160576836258,1.5600107413036957,-1.7159414902851733,4.548856011144816,-0.12002148260739726,2.2747796489185266
-1.9543216059553947,1.5601065508714627,-1.7165283337496513,4.549559297837053,-0.12021310174293108,2.2747672342109713
-1.96573912579195,1.5604472373979654,-1.7167050667005765,4.5495344684219425,-0.12089447479593679,2.2745378709652835
-1.9756789525472849,1.560532993141932,-1.7172950979696564,4.549075741930567,-0.1210659862838699,2.2746437051912483
-1.9848463408523846,1.5609601092662113,-1.7173504710900018,4.5492874103824965,-0.12192021853242833,2.274205378228666
-1.991619388416252,1.5617699987181515,-1.7168168479006627,4.548410756457332,-0.12353999743630846,2.2734471007804107
-1.9967292017728269,1.5623887642758705,-1.7165590799233401,4.546894201560821,-0.12477752855174659,2.273444775163462
-1.991458118444775,1.5619913713982934,-1.7178924003726688,4.546889550326924,-0.1239827427965925,2.273660578606505
-1.984106077177592,1.561635974712148,-1.7191942780743965,4.54732115721301,-0.12327194942430154,2.2729141399282136
-1.9749894326128241,1.5619751732646139,-1.7193701501744538,4.545828279856427,-0.12395034652923333,2.2735467285550657
-1.966592397869426,1.5621607495265395,-1.7197952978933506,4.547093457110131,-0.1243214990530844,2.2731679200734907
-1.9520632301640355,1.5616169235363353,-1.7213943745256426,4.546335840146981,-0.12323384707267579,2.2729142908601694
-1.9346752336333473,1.5620542576217913,-1.7214298460115576,4.545828581720339,-0.12410851524358762,2.27256620628947
-1.9186974448785115,1.5628230352139383,-1.720952824209702,4.54513241257894,-0.12564607042788162,2.27184044493038
-1.9006500785851859,1.5629881740937996,-1.721365051466149,4.54368088986076,-0.12597634818760434,2.2724773570434165
-1.8799165998343688,1.5630283755796666,-1.7220399736419183,4.544954714086833,-0.12605675115933837,2.271762657612353
-1.858962207324288,1.5635563006037303,-1.7219352800234176,4.543525315224706,-0.1271126012074658,2.271495281106671
-1.8404929114443378,1.5634342580136817,-1.7228476572860223,4.542990562213342,-0.1268685160273685,2.271602447353308
-1.8196662526832117,1.5635961903734548,-1.723282358423605,4.543204894706616,-0.12719238074691464,2.2735803031176043
-1.8040731405297343,1.563901447280002,-1.723524441218981,4.547160606235209,-0.1278028945600088,2.273189438342017
-1.791368427823717,1.564385124630939,-1.723487854963644,4.546378876684034,-0.1287702492618831,2.2729834091326904
-1.7800436822031305,1.5646437911666582,-1.7237965985425405,4.545966818265381,-0.12928758233332124,2.272749751191435
-1.7628325459066772,1.564579271678281,-1.724599715810668,4.54549950238287,-0.12915854335656676,2.2727757253721808
-1.7444172979584844,1.56509645709085,-1.7244889298992017,4.5455514507443615,-0.130192914181705,2.2726526400909695
-1.7300375118021742,1.5647375334790112,-1.725759531486214,4.545305280181939,-0.12947506695802705,2.2723521956983443
-1.7115939203218473,1.5649048376904169,-1.726231079422376,4.544704391396689,-0.12980967538083835,2.2721358413328354
-1.6988570067807136,1.5649980409438855,-1.7268189657020898,4.544271682665671,-0.12999608188777553,2.2718031318771637
-1.6906865961797939,1.565572563250438,-1.726634084902636,4.543606263754327,-0.1311451265008805,2.2712870908716405
-1.687438841676085,1.56572174145658,-1.7271251152010225,4.542574181743281,-0.13144348291316466,2.270887264108801
-1.6789633128783272,1.5656945608605761,-1.7278733903707095,4.541774528217602,-0.1313891217211568,2.2713201137110426
-1.6685094172661756,1.5654546182003968,-1.7289562244955614,4.542640227422085,-0.13090923640079805,2.2714860887270034
-1.6600056368265304,1.565453689598172,-1.7296692864569942,4.542972177454007,-0.13090737919634865,2.271191222970125
-1.6547215093706955,1.5656732834971512,-1.7300181872572968,4.54238244594025,-0.13134656699430666,2.272267671295689
-1.6484571962979608,1.5659581669453444,-1.7302850273454176,4.544535342591378,-0.13191633389069327,2.2721163209598703
-1.644153944843012,1.5661493608361752,-1.730681588365746,4.5442326419197405,-0.13229872167235462,2.272154346965908
-1.6433419158025822,1.5661825757836423,-1.7313591052804707,4.544308693931816,-0.132365151567289,2.271722727638857
-1.6425429303642427,1.5666965823149863,-1.7312573872970414,4.543445455277714,-0.13339316462997716,2.2714662571721047
-1.6435720534645348,1.5667741527828603,-1.7318544333991852,4.542932514344209,-0.1335483055657251,2.2709482517583224
-1.6440352464471555,1.5667596730192337,-1.7326169173579593,4.541896503516645,-0.1335193460384719,2.270457608846344
-1.6437823352741467,1.5657497676744334,-1.734872609359616,4.540915217692688,-0.13149953534887143,2.27194837532044
-1.6422660535199867,1.5646749791665886,-1.7372576939578348,4.54389675064088,-0.129349958333182,2.2718356643294793
-1.6462936564898127,1.5653156031744722,-1.7369823988265178,4.5436713286589585,-0.13063120634894898,2.2714733075846136
-1.6616915211361156,1.5661812953177339,-1.7363518825858528,4.542946615169227,-0.1323625906354726,2.2706487467369896
-1.6757471437392635,1.5661728447541752,-1.737082004967042,4.541297493473979,-0.13234568950835515,2.2702040960859238
-1.6821099678189133,1.5658257704487302,-1.7383321658039381,4.5404081921718475,-0.13165154089746503,2.2706440119054605
-1.6905836613758094,1.565087452037329,-1.7402448205824157,4.541288023810921,-0.1301749040746626,2.2703388178857637
-1.6980827229314066,1.5651468965576387,-1.7408022805249812,4.5406776357715275,-0.13029379311528208,2.2710366967771027
-1.7116100374614251,1.564030590670875,-1.7432865665412738,4.5420733935542055,-0.1280611813417545,2.2699986953672364
-1.7222454394064048,1.564666374919039,-1.7430162054482596,4.539997390734473,-0.1293327498380826,2.269294309024643
-1.7449092369641954,1.5629837370887847,-1.7463402292169277,4.538588618049286,-0.125967474177574,2.2696089825429353
-1.7588186965704606,1.5636060273557908,-1.7460669821199775,4.539217965085871,-0.12721205471158642,2.2693101533021047
-1.7846020526974238,1.563809982133148,-1.7464360893746915,4.5386203066042095,-0.1276199642663005,2.269937111647574
-1.8046258350120379,1.5631567174124326,-1.7481995402502641,4.539874223295148,-0.12631343482486965,2.2700074527218956
-1.8211655245288039,1.5636805937784382,-1.7481118400383189,4.540014905443791,-0.12736118755688092,2.269381533220457
-1.8443511163358697,1.564649964106335,-1.7472898431398756,4.538763066440914,-0.1292999282126747,2.2687604436237265
-1.8669804663414022,1.5647151952477578,-1.747923418800484,4.537520887247453,-0.12943039049552066,2.2684014551139526
-1.8809459319471786,1.5646459528760965,-1.7487731583535053,4.536802910227905,-0.129291905752198,2.267825695805584
-1.8938845294968563,1.5651674720709494,-1.7486578069632015,4.535651391611168,-0.13033494414190355,2.2679916437425955
-1.911068884955193,1.5645719933180666,-1.7502880946844466,4.535983287485191,-0.12914398663613777,2.2685938484470274
-1.9222536943458994,1.5651853023394755,-1.750040604804829,4.537187696894055,-0.13037060467895573,2.2685137045954344
-1.9384340994697178,1.565216531476163,-1.750702188412087,4.537027409190869,-0.13043306295233062,2.2682933396399894
-1.944652441345878,1.5660366119697804,-1.7501471081830349,4.536586679279979,-0.13207322393956525,2.267449319125678
-1.9475356215717379,1.566399843975448,-1.7502926648803592,4.534898638251356,-0.1327996879509008,2.267131322021906
-1.9469809910208233,1.5668152069945362,-1.7503535287729912,4.534262644043812,-0.13363041398907705,2.2667330250269506
-1.9496787709741734,1.5667165064508,-1.751237713417867,4.533466050053901,-0.13343301290160442,2.2665256111325482
-1.948001991753921,1.566468033626761,-1.7523522406746523,4.5330512222650965,-0.1329360672535263,2.265979548141114
-1.9441220753392225,1.5664022845323382,-1.7531863635668323,4.531959096282228,-0.1328045690646811,2.2655775842109334
-1.9380099307577903,1.5663614909174157,-1.7539784162943262,4.531155168421867,-0.13272298183483616,2.2658122564199674
-1.9319375279153013,1.5661333247489493,-1.7550205371088556,4.531624512839935,-0.13226664949790315,2.2666749949247005
-1.9204879009353397,1.5664940028189338,-1.755154153050114,4.533349989849401,-0.13298800563787241,2.2670389766351615
-1.9148262999274392,1.566550519446903,-1.7557594668181329,4.534077953270323,-0.13310103889381047,2.2669725414978994
-1.8996296681122617,1.5661291141094444,-1.7571303159596767,4.533945082995799,-0.13225822821889335,2.2671218962908632
-1.8861612216400248,1.5657973317133589,-1.7583823365954285,4.5342437925817265,-0.13159466342672205,2.267388425515825
-1.8755359996218743,1.5650360929365734,-1.7602726660225705,4.53477685103165,-0.13007218587315092,2.2676913918801116
-1.8623329224638898,1.5647217968724272,-1.7615029595942666,4.535382783760223,-0.12944359374485828,2.2672479268902617
-1.856224191080427,1.5648411553885366,-1.762052603704112,4.534495853780523,-0.12968231077707698,2.2670573111154653
-1.859459972169205,1.5646293875549566,-1.763112292135062,4.5341146222309305,-0.12925877510991687,2.266745959398442
-1.8616069915992544,1.5638964362256214,-1.7649907331259755,4.533491918796884,-0.12779287245124624,2.2667717429786793
-1.863114329224268,1.5636690372276194,-1.7660478919654674,4.533543485957359,-0.12733807445524242,2.266520849681583
-1.8720676340366085,1.5644915125133745,-1.765465296496549,4.533041699363166,-0.12898302502675263,2.26617071215493
-1.8823211422589459,1.5650413530639065,-1.7653085851973933,4.53234142430986,-0.1300827061278165,2.266102305907855
-1.8903402404430367,1.5639441432012902,-1.7677565596100813,4.53220461181571,-0.1278882864025838,2.265821142988796
-1.8912882983446893,1.563666052872926,-1.7689378273075722,4.531642285977592,-0.1273321057458554,2.266763916188562
-1.904215051991933,1.5631210750608775,-1.7705130723135862,4.533527832377124,-0.12624215012175832,2.266449469559158
-1.9199396725033875,1.5637717497508772,-1.770218370566038,4.532898939118316,-0.12754349950175753,2.266208798473065
-1.9436540226964998,1.5636532133244836,-1.7711302272407747,4.53241759694613,-0.12730642664897052,2.2663236064209027
-1.961245431653646,1.564721446330508,-1.7701971662749703,4.532647212841805,-0.12944289266101905,2.2653762543734897
-1.9813811368480454,1.5654056724445076,-1.7698382864099005,4.530752508746979,-0.13081134488901855,2.2652301171001294
-1.9916659716253533,1.5649575197978594,-1.7712252563572028,4.530460234200259,-0.12991503959572212,2.265421450425963
-1.9945985885975304,1.5641391931978519,-1.7732330821221185,4.530842900851926,-0.12827838639570724,2.2658621337020097
-1.9973643629063924,1.5637532320385157,-1.7745721179512934,4.5317242674040195,-0.12750646407703506,2.265799507564792
-2.0065901076841115,1.5638931057270595,-1.7751020219171263,4.531599015129584,-0.12778621145412272,2.2656241723335304
-2.0190728787409578,1.5634006868145454,-1.7766130269059035,4.531248344667061,-0.12680137362909422,2.265517951198593
-2.027048013541598,1.5637474346311138,-1.776817792804991,4.531035902397186,-0.12749486926223108,2.2648951111004707
-2.0375574942218777,1.5645885697254787,-1.776247665909683,4.529790222200941,-0.1291771394509607,2.2639900727048303
-2.043729610991197,1.5635424343671767,-1.7786101317990346,4.527980145409661,-0.1270848687343565,2.264539100843958
-2.0375346993881824,1.5630922386620294,-1.7800020409369262,4.529078201687916,-0.12618447732406188,2.265370584554511
-2.0374628530882593,1.5633403767427725,-1.7803264422623384,4.530741169109022,-0.1266807534855482,2.2654021094360792
-2.03976661324379,1.5640598796646885,-1.7799147642835214,4.5308042188721585,-0.1281197593293802,2.2651119775114537
-2.038278352838339,1.5644028350959789,-1.7800969134172333,4.530223955022907,-0.12880567019196082,2.2650288746388294
-2.029782960595304,1.5651110035350588,-1.7796936852324066,4.530057749277659,-0.13022200707012055,2.2649542782004755
-2.025400448120058,1.5656020736346603,-1.7796418454350689,4.529908556400951,-0.13120414726932353,2.2647769195259473
-2.0189066880959667,1.5661644830614072,-1.7794937193433944,4.529553839051895,-0.13232896612281742,2.264251956430738
-2.004868576525081,1.56642308818966,-1.7798061211833105,4.528503912861476,-0.1328461763793226,2.26392619219289
-1.9851876867102016,1.566322094121069,-1.7806868565405214,4.52785238438578,-0.13264418824214075,2.264290330215285
-1.9605850820073554,1.5669227881327454,-1.7804517737728682,4.52858066043057,-0.13384557626549368,2.264402982696371
-1.942096564711459,1.5670681699730888,-1.7809159288157694,4.528805965392742,-0.13413633994618057,2.264770902524874
-1.9183972888139045,1.5673638780481745,-1.781174538760024,4.529541805049748,-0.13472775609635196,2.264463901161179
-1.9029114518017558,1.5676018751789353,-1.7815046796436855,4.528927802322358,-0.13520375035787388,2.264350758611128
-1.8900316350645248,1.566958533321412,-1.783205086088346,4.528701517222256,-0.13391706664282702,2.264665129676184
-1.8719097513929994,1.5671916438698765,-1.783580631436983,4.529330259352368,-0.1343832877397562,2.2644551600644345
-1.8556164419019852,1.5679311393938578,-1.7831284977280157,4.528910320128869,-0.13586227878771862,2.2639661667003077
-1.838083238322678,1.56883376517392,-1.7824177809677342,4.527932333400615,-0.1376675303478429,2.2633584891216283
-1.8176016979660323,1.5693752206738996,-1.7822865096473388,4.526716978243257,-0.1387504413478023,2.2626737321669523
-1.7885959818663852,1.569575940015122,-1.7827033545966224,4.525347464333905,-0.13915188003024706,2.2624044718198353
-1.758158287312297,1.5702865927267171,-1.782294307707101,4.524808943639671,-0.1405731854534375,2.261843834189487
-1.7340439714275628,1.5711481895115296,-1.7816569595255676,4.523687668378974,-0.14229637902306244,2.261056791669718
-1.70287734754251,1.5713085418016481,-1.7821499367910525,4.522113583339436,-0.14261708360329953,2.2603528956198047
-1.6634988401694393,1.5697246195759165,-1.785322065270326,4.520705791239609,-0.13944923915183613,2.25997288353678
-1.621223793567856,1.5701606080383104,-1.7853537502683998,4.51994576707356,-0.14032121607662393,2.2595603759112706
-1.5949399388860173,1.5705581766616319,-1.7854468402738106,4.519120751822541,-0.1411163533232672,2.259058746276043
-1.5691166234698208,1.5707299386327207,-1.7859144335075203,4.518117492552086,-0.14145987726544496,2.258490717005709
-1.545751228491746,1.5707736067016933,-1.7865354983567274,4.516981434011418,-0.14154721340338997,2.2584152822352936
-1.5249252309729484,1.5709644974913985,-1.786934962449826,4.516830564470587,-0.14192899498280054,2.258588602626857
-1.508318662816986,1.5716206566280084,-1.7866020472011686,4.517177205253714,-0.14324131325602052,2.2583361858836404
-1.4943628954507573,1.5720696577273112,-1.786606808356806,4.516672371767281,-0.14413931545462594,2.258023386194595
-1.4770182261290845,1.5731410918116284,-1.7856344561515036,4.51604677238919,-0.14628218362326026,2.2572089233195705
-1.4632614580767702,1.5739941849889483,-1.78499568235609,4.514417846639141,-0.1479883699779,2.256516634266041
-1.4427958252909003,1.5737268687074444,-1.7861357199495047,4.513033268532082,-0.14745373741489212,2.2562645865689945
-1.41691341069305,1.5742832904131279,-1.7859728997858164,4.512529173137989,-0.14856658082625898,2.2556503111144846
-1.3964817741256503,1.5745564874527782,-1.7862528363529575,4.511300622228969,-0.14911297490555986,2.2550662905683385
-1.371261082932498,1.5742341187454245,-1.7874651243949051,4.510132581136677,-0.14846823749085247,2.2551788752512216
-1.345505642264357,1.5748385136550498,-1.7872357462231736,4.510357750502443,-0.149677027310103,2.254482633769986
-1.3284870536953395,1.5755006741117752,-1.7868771163888966,4.508965267539972,-0.151001348223554,2.2540381925336987
-1.3149749952777607,1.5759570060584578,-1.7868638730816642,4.5080763850673975,-0.15191401211691927,2.254002764798661
-1.301241489802292,1.5756968342619526,-1.7880056189439621,4.508005529597322,-0.1513936685239088,2.253501886952929
-1.28542912589558,1.575914182566067,-1.7883811025167666,4.507003773905858,-0.1518283651321377,2.2528598193396556
-1.2765754535514644,1.5763206626837523,-1.7884275838424872,4.505719638679311,-0.15264132536750813,2.253250951953451
-1.2730837576967429,1.5769828824618275,-1.788081806199448,4.506501903906902,-0.1539657649236588,2.2526244852739707
-1.2699791179040374,1.577976544580504,-1.787221964461814,4.5052489705479415,-0.15595308916101194,2.251785559875765
-1.2601226128260614,1.5782341385393857,-1.787504633499067,4.50357111975153,-0.1564682770787752,2.251408311820642
-1.2448875915596715,1.57877483311213,-1.7873710618515266,4.502816623641284,-0.157549666224264,2.2513758024226473
-1.2317913201676842,1.5790146891071588,-1.7876764772734646,4.502751604845295,-0.1580293782143213,2.25095584785529
-1.2168383790557316,1.5797120018971123,-1.7872905411023214,4.50191169571058,-0.15942400379422808,2.2502132243121626
-1.2029058146019294,1.580315473945072,-1.7870400945850016,4.500426448624325,-0.16063094789014773,2.249596916664792
-1.1867336845433667,1.5801516926959358,-1.7879846889704982,4.499193833329584,-0.16030338539187547,2.2494294123902363
-1.1695906480486196,1.5809046820977384,-1.7874867192184583,4.498858824780473,-0.1618093641954806,2.2487796989546003
-1.158165627595582,1.5809994996897454,-1.7880093338202443,4.497559397909201,-0.1619989993794946,2.2483889858793575
-1.1490205814340035,1.5805156909268858,-1.7894212484585177,4.496777971758715,-0.1610313818537756,2.2487686328855867
-1.1432358016410302,1.5803552218209713,-1.7903419660238271,4.497537265771173,-0.1607104436419467,2.2490096708072778
-1.1396422294106918,1.5809782488556456,-1.790056647879861,4.4980193416145555,-0.16195649771129514,2.248519044677615
-1.1418104035543963,1.5809896539071813,-1.7907525001810551,4.49703808935523,-0.16197930781436642,2.247784068820147
-1.1410843084106361,1.5811837129203101,-1.7911092196318321,4.495568137640294,-0.1623674258406243,2.247417306833325
-1.1401240262323762,1.5809439849623603,-1.7921392980738313,4.49483461366665,-0.16188796992472476,2.2476859683005
-1.1405211887461684,1.5815225707419767,-1.7919280478875432,4.495371936601,-0.1630451414839573,2.2473730970436305
-1.1474931670875346,1.581501786584508,-1.7926202521617518,4.494746194087261,-0.16300357316901995,2.2476986898660374
-1.1526430241286048,1.5810898092700467,-1.7939908168375125,4.495397379732075,-0.16217961854009713,2.246940258372345
-1.1561509766728726,1.581267088070992,-1.7944091662102128,4.49388051674469,-0.16253417614198767,2.2465710004806807
-1.1639154816799575,1.5804794025713598,-1.7963320177126436,4.493142000961361,-0.16095880514272295,2.246373267391151
-1.1705442661803145,1.5805284389404033,-1.7969468102288322,4.492746534782302,-0.16105687788081005,2.245914900475233
-1.1856005780150087,1.5813453379907507,-1.796365568068306,4.491829800950466,-0.16269067598150513,2.245134041536126
-1.2089140437415153,1.582214707227663,-1.7956850570339127,4.490268083072252,-0.16442941445533,2.2443489651526325
-1.2293364185230709,1.582603352705543,-1.795768371190184,4.488697930305265,-0.16520670541108967,2.243985078884675
-1.2463108835312182,1.5829923946370403,-1.7958594170589504,4.48797015776935,-0.16598478927408458,2.2433282494809226
-1.262593131420545,1.5823420559818873,-1.7975781592942925,4.486656498961845,-0.16468411196377858,2.2427333785175954
-1.27800779045691,1.5821462080993105,-1.7985540379707596,4.485466757035191,-0.16429241619862503,2.242908122536229
-1.3000107413277722,1.5822162073166126,-1.7991336327632295,4.485816245072458,-0.16443241463322916,2.2424919512579216
-1.3227135431474462,1.5818600958695825,-1.8004153993216907,4.484983902515843,-0.16372019173916888,2.2413193041742
-1.347949620416877,1.5822406899844748,-1.8005021765476035,4.4826386083484,-0.16448137996895326,2.24112702530031
-1.3767480143343123,1.5822106538288274,-1.8012109109683272,4.48225405060062,-0.16442130765765847,2.241247626594761
-1.4004656798982225,1.5826685642094471,-1.8011987165260475,4.482495253189522,-0.16533712841889806,2.240844348741718
-1.4243837867938125,1.5832335242342532,-1.8009887476696218,4.481688697483436,-0.16646704846851026,2.24067966463032
-1.4490892812307603,1.5831706673523787,-1.8017353080429521,4.48135932926064,-0.16634133470476126,2.2405895825850326
-1.4686783768456788,1.5835247057184567,-1.8018416464920188,4.481179165170065,-0.1670494114369172,2.240589473780671
-1.4897908193345282,1.5833841423413353,-1.802722558576493,4.481178947561342,-0.1667682846826745,2.240480041581636
-1.5060784660191116,1.583723932566307,-1.8028707759447362,4.480960083163272,-0.1674478651326179,2.239993161032078
-1.5264355628532302,1.5832021510164345,-1.8043677648658798,4.479986322064156,-0.1664043020328728,2.239793288222893
-1.5419267715061384,1.5831344218099597,-1.8051453844701637,4.479586576445786,-0.16626884361992336,2.23961395548488
-1.5580704209573228,1.5831335055800804,-1.8057713965710953,4.47922791096976,-0.16626701116016482,2.2401519704735238
-1.5746115601121764,1.5836822025436885,-1.8056036768373702,4.4803039409470475,-0.1673644050873811,2.239853436182124
-1.5883602930826108,1.5831374538986833,-1.8071614068539383,4.479706872364248,-0.1662749077973709,2.239182652054431
-1.5954754926315848,1.5834694421567115,-1.807311429795707,4.478365304108862,-0.16693888431342713,2.2386344331706134
-1.6111192088850852,1.584410815615074,-1.806516389683377,4.477268866341227,-0.16882163123015198,2.2379347614794223
-1.6312573157643675,1.5845580500623415,-1.8069768714905037,4.4758695229588445,-0.16911610012468692,2.2377872519578292
-1.6439473855475246,1.5849559397700197,-1.8070264868784853,4.4755745039156585,-0.1699118795400432,2.2379143172320175
-1.6576149274642034,1.5851659035283803,-1.807347164185962,4.475828634464035,-0.17033180705676437,2.238174539302202
-1.665034743419312,1.5849932960924666,-1.808295437781715,4.476349078604404,-0.1699865921849369,2.237918565784404
-1.6684960644187672,1.5849657228472969,-1.8090130137970888,4.475837131568808,-0.16993144569459745,2.238262167328224
-1.6724682559582793,1.5851162096862152,-1.8094619434539163,4.476524334656448,-0.1702324193724342,2.2378081374147203
-1.6745216232831583,1.5856717772012932,-1.8092660708308255,4.475616274829441,-0.17134355440258986,2.2374227309674626
-1.678003337289187,1.5859311231932212,-1.8095620887258586,4.474845461934925,-0.17186224638644595,2.2372155341681244
-1.6766543859860645,1.5854805304338135,-1.8109468363460677,4.474431068336249,-0.17096106086763052,2.2369547079287013
-1.6739003649927888,1.5861492654481626,-1.8105708403846414,4.473909415857403,-0.17229853089632843,2.236428632031441
-1.6784501319353236,1.5870032334929893,-1.8099124711678072,4.472857264062882,-0.17400646698598188,2.2359390447465777
-1.6786536730354207,1.5859320985637197,-1.8122521671668697,4.471878089493155,-0.17186419712744286,2.2360854835190294
-1.6696460592197073,1.5862810117741337,-1.8123702419347032,4.472170967038059,-0.17256202354827083,2.236182513652071
-1.6673258020686421,1.5851915252741302,-1.8147967271933392,4.472365027304142,-0.17038305054826394,2.2349813626637642
-1.660758517699008,1.5846269190262388,-1.816378013253738,4.4699627253275285,-0.16925383805248106,2.234076944807816
-1.6572113936434287,1.584448698351159,-1.8173452760328896,4.468153889615632,-0.16889739670232154,2.2343684689653864
-1.6564052869693884,1.5846328410112067,-1.8177699071649327,4.468736937930773,-0.16926568202241685,2.2338870002311455
-1.6570316146117536,1.5842127318421177,-1.8190856427807722,4.467774000462291,-0.16842546368423883,2.2342529574431844
-1.6580617857547149,1.5847628652849393,-1.8189029734912499,4.468505914886369,-0.16952573056988168,2.233668227265455
-1.660876601904807,1.585003097500108,-1.819182260941143,4.46733645453091,-0.1700061950002192,2.2335054037761273
-1.6614034010856666,1.584948094190694,-1.8199321563349908,4.4670108075522545,-0.16989618838139126,2.2337791563609204
-1.6663425591188248,1.5853790666861756,-1.8199437149793678,4.467558312721841,-0.17075813337235463,2.2332399983978686
-1.673403271717036,1.5855743722093179,-1.820276195022965,4.466479996795737,-0.1711487444186393,2.23328120504247
-1.6796540741070918,1.5861718151854347,-1.8200116118194938,4.46656241008494,-0.17234363037087308,2.2328669400054353
-1.6869385651587105,1.586969987830601,-1.8194503452829667,4.465733880010871,-0.17393997566120573,2.2320736984574046
-1.6904809545593271,1.5864716488563868,-1.820907781907008,4.464147396914809,-0.1729432977127773,2.2316583534417482
-1.6854826471262918,1.5870030434249924,-1.8207699983606112,4.4633167068834965,-0.17400608684998875,2.2309932864858237
-1.68592229521482,1.5868925843011958,-1.8215987716721587,4.4619865729716475,-0.17378516860239535,2.2308917713801764
-1.6848610160647377,1.5870055358151918,-1.822083118458446,4.461783542760353,-0.17401107163038707,2.2308730902257836
-1.6861522023768536,1.5873992146009237,-1.8221329126135573,4.461746180451567,-0.17479842920185074,2.2313569890336096
-1.6856024640012264,1.5866269332139524,-1.824008973351871,4.462713978067219,-0.173253866427908,2.230965677647745
-1.68385139927425,1.5866424753558477,-1.8246541007918133,4.46193135529549,-0.1732849507116985,2.2310299096783006
-1.6928640726375341,1.586887583921296,-1.824959337742457,4.462059819356601,-0.1737751678425951,2.230805057250811
-1.698120490671198,1.587148001068375,-1.8252356134276881,4.461610114501622,-0.1742960021367533,2.230683882263175
-1.7039368515704751,1.586919051824049,-1.8262733751962528,4.46136776452635,-0.17383810364810123,2.230270343195908
-1.7027647782483202,1.5873130670781648,-1.8263264887231434,4.460540686391816,-0.17462613415633296,2.2299232266543716
-1.7016898516607133,1.5875326865389863,-1.8266386059900779,4.459846453308743,-0.1750653730779759,2.229567842036663
-1.6971251806983179,1.58807470116961,-1.8264885692537818,4.459135684073326,-0.17614940233922333,2.2294960492689953
-1.6930103974910884,1.5872525144348912,-1.82845183161692,4.4589920985379905,-0.174505028869786,2.229195100183451
-1.6804252524933598,1.5863303241439268,-1.8305675920418842,4.458390200366902,-0.17266064828785724,2.229376694881025
-1.673900798251004,1.5865093066650617,-1.8309783276073737,4.45875338976205,-0.17301861333012727,2.229150208049192
-1.675025466229832,1.5862261019742705,-1.8321241188609707,4.458300416098384,-0.17245220394854494,2.2281302634173104
-1.673753174611053,1.5853935332440208,-1.8341262849845963,4.456260526834621,-0.1707870664880457,2.2275376984383732
-1.6745999765495572,1.5838875142196873,-1.8371706988219894,4.4550753968767465,-0.16777502843937894,2.2263792747352307
-1.6780902856085784,1.5845493074414896,-1.8368055066657614,4.452758549470461,-0.16909861488298328,2.2260464020382873
-1.6962435324540273,1.5835600848646936,-1.8389763327331552,4.452092804076575,-0.16712016972939125,2.227111001323954
-1.7115028658974296,1.5840803379669333,-1.838843503610883,4.454222002647908,-0.16816067593387077,2.2267205712894653
-1.7324716040498853,1.584696860692178,-1.8385361115925485,4.453441142578931,-0.1693937213843606,2.226874425313806
-1.7538686988069374,1.5855821394972531,-1.8378263868981304,4.453748850627612,-0.17116427899451067,2.22662158041417
-1.7718065934925438,1.5857929698094266,-1.838138256974733,4.45324316082834,-0.17158593961885782,2.2274517128517424
-1.7825038515227083,1.5854866658599238,-1.8392977500248273,4.454903425703485,-0.17097333171985227,2.2275271668158347
-1.7927193410424918,1.5852827859537562,-1.8403057885306107,4.4550543336316695,-0.1705655719075168,2.2275171847351576
-1.8010978755456415,1.5855304623824766,-1.8406004749882214,4.455034369470315,-0.17106092476495766,2.2281419435807877
-1.811427156242373,1.5861406305022745,-1.8403541650736168,4.456283887161575,-0.17228126100455343,2.2276115078132714
-1.8224105073411496,1.5861235194719945,-1.841041260668401,4.455223015626543,-0.17224703894399326,2.2280697181907687
-1.8293416856431495,1.5868174338727563,-1.8405965205979318,4.456139436381537,-0.17363486774551698,2.228276113195256
-1.8368359991745826,1.5869454742256166,-1.8410615314935754,4.456552226390512,-0.17389094845123748,2.2281703538107998
-1.8404433322447795,1.586785055772948,-1.841976651951989,4.4563407076215995,-0.17357011154590027,2.22822807164274
-1.8434764801487649,1.58707795674333,-1.8421918807170559,4.45645614328548,-0.17415591348666437,2.228035004145173
-1.8512429319943176,1.5861273895698063,-1.8443861645205213,4.456070008290346,-0.1722547791396168,2.2282474540164823
-1.8503344732897167,1.5860052130912667,-1.8452672665410657,4.4564949080329646,-0.17201042618253776,2.2275414655621075
-1.8512287242476577,1.5858191496276743,-1.8462124225026904,4.455082931124215,-0.17163829925535315,2.228627910813921
-1.8530708465118133,1.585944025159702,-1.8467006111710804,4.457255821627842,-0.17188805031940824,2.228445001884386
-1.854795765821865,1.586316949347954,-1.846808217167707,4.456890003768772,-0.17263389869591264,2.2280186961359765
-1.852502454816299,1.585528968094577,-1.8487090639155261,4.456037392271953,-0.1710579361891583,2.229034892183309
-1.8388833495389383,1.585838849288526,-1.8489221001693241,4.458069784366618,-0.17167769857705623,2.2286165097888864
-1.835005262560504,1.586598541099985,-1.8484164774589398,4.457233019577773,-0.17319708219997434,2.2279282496311246
-1.8261802291029545,1.5865744566369262,-1.8491302313576692,4.455856499262249,-0.1731489132738568,2.227892912109435
-1.8132100291701096,1.5869113559169323,-1.8492853629984025,4.45578582421887,-0.1738227118338691,2.2279575618735157
-1.8047008675895586,1.5877117681472643,-1.8487066043103944,4.455915123747031,-0.17542353629453317,2.2274533022150003
-1.8014929990793394,1.5884478795729309,-1.8482251242078649,4.4549066044300005,-0.1768957591458663,2.227099036624193
-1.7939599863782643,1.5878784500667018,-1.8497920951920057,4.454198073248386,-0.17575690013340814,2.2275424120865273
-1.7770409372639981,1.5882520738738035,-1.849891889603608,4.4550848241730545,-0.17650414774761158,2.227457088827833
-1.7640852011144876,1.5892192043770434,-1.849051009167392,4.454914177655666,-0.17843840875409145,2.2267246752144945
-1.752016142607178,1.5894951950967515,-1.8492764959857377,4.453449350428989,-0.1789903901935076,2.2268795646216923
-1.7348563638908068,1.5895273482845584,-1.849863433436665,4.453759129243385,-0.17905469656912157,2.2274093587670896
-1.715796005613673,1.5897013642072964,-1.8502548650211508,4.454818717534179,-0.17940272841459748,2.227463600417786
-1.7013387020211623,1.5901836022354872,-1.8501244066511104,4.454927200835572,-0.18036720447097893,2.22766071687158
-1.6877889253281928,1.5897605716419256,-1.8514837537641076,4.45532143374316,-0.17952114328385574,2.228197412510059
-1.6688342810050458,1.5893185357056028,-1.852823779581267,4.456394825020118,-0.1786370714112102,2.228955186794717
-1.6536311272472912,1.589178486258294,-1.8537110018699912,4.457910373589434,-0.1783569725165927,2.2289953744181275
-1.6377653455728896,1.588629183868832,-1.8552311278269948,4.457990748836255,-0.17725836773766865,2.2288251759924367
-1.621436494539026,1.5889626805072903,-1.8553957480942058,4.457650351984873,-0.17792536101458506,2.228329370354299
-1.6093565686150066,1.588530870265714,-1.8567881481756008,4.456658740708598,-0.17706174053143225,2.227765448310024
-1.5947500570097815,1.588588254702724,-1.857379755830768,4.455530896620048,-0.17717650940545235,2.227649438842208
-1.5857845203950895,1.5885405723489707,-1.8581312316935963,4.455298877684416,-0.17708114469794614,2.2271079614533282
-1.5737342809341084,1.5884286040795632,-1.8589758512717471,4.4542159229066565,-0.17685720815913103,2.226909008762474
-1.5638963344965842,1.5887004988827187,-1.8592049502485228,4.453818017524948,-0.17740099776544202,2.226767445789185
-1.5606843853955181,1.587307460583592,-1.8620793364874764,4.45353489157837,-0.17461492116718844,2.2259227961922337
-1.552313747294596,1.5879618995531046,-1.8617351385961105,4.451845592384467,-0.1759237991062137,2.2259070820435167
-1.5566164835491871,1.5887827290919372,-1.8611439586806469,4.4518141640870335,-0.177565458183879,2.225104302339782
-1.5631114954638767,1.5894907099587678,-1.8607135949377032,4.450208604679564,-0.17898141991754019,2.224710348914604
-1.5691988032451827,1.589029449202158,-1.8620826919233664,4.449420697829208,-0.17805889840432038,2.2257530515096047
-1.5663779556114312,1.5893351668440268,-1.8622775548366184,4.451506103019209,-0.17867033368805801,2.2256485647562934
-1.5698406745956621,1.5894801956258306,-1.8627355709801119,4.451297129512587,-0.17896039125166602,2.2253217553452393
-1.5785536816544883,1.5894851916581267,-1.8633670285998456,4.450643510690479,-0.17897038331625817,2.2255048400643433
-1.5880952787668734,1.5900944918689994,-1.8630983023871568,4.451009680128687,-0.18018898373800338,2.2250686078678066
-1.5996729964082714,1.5895986219104992,-1.8645405091913052,4.450137215735613,-0.17919724382100294,2.2249904197125545
-1.6061919525797954,1.5886624350326872,-1.8667058616045944,4.449980839425109,-0.17732487006537898,2.2239417449356504
-1.6165230405971212,1.5888156368137212,-1.8671410043245429,4.447883489871301,-0.17763127362744682,2.2235504859832615
-1.6318214018009969,1.5880917776466283,-1.8689488716771574,4.447100971966523,-0.17618355529326096,2.2241429274989986
-1.6423885182231066,1.5879746308770666,-1.869809926668295,4.448285854997997,-0.17594926175413747,2.2237833117388095
-1.656955569274892,1.5878840117953816,-1.870647350795157,4.447566623477619,-0.1757680235907674,2.223312081936831
-1.6698065246462694,1.5875277279047542,-1.8718482144833668,4.446624163873662,-0.17505545580951234,2.223453394550858
-1.6841497711142732,1.586772988872245,-1.8736601642677766,4.446906789101716,-0.17354597774449426,2.2243552730506515
-1.6970760516603445,1.5871483883044946,-1.873754597897677,4.448710546101303,-0.17429677660899318,2.223735315028526
-1.7161252643503853,1.586403694788722,-1.8756193140265571,4.447470630057052,-0.17280738957744768,2.22345144566439
-1.7298684761241172,1.5870331972645582,-1.8753031167917897,4.44690289132878,-0.17406639452912037,2.223211150720206
-1.7494918166450308,1.587219499071721,-1.8756874124493557,4.446422301440412,-0.17443899814344618,2.22325757185388
-1.7653693170366753,1.5876732158683184,-1.8756593819379015,4.44651514370776,-0.175346431736641,2.2230159425189977
-1.7751094450585194,1.5868174769750811,-1.8776810638167176,4.446031885037995,-0.1736349539501666,2.2230534754562026
-1.7823809211407728,1.5866655794380422,-1.8786199292519317,4.446106950912405,-0.1733311588760888,2.222542557768972
-1.7999041302779553,1.5867344627337852,-1.8791877831403454,4.445085115537944,-0.17346892546757461,2.223348065326413
-1.8226951077321172,1.587057236560004,-1.8793681903628598,4.446696130652826,-0.17411447312001244,2.2230650791877515
-1.8432343170144567,1.5878932303610431,-1.8787201879086972,4.446130158375503,-0.17578646072209084,2.222555974906581
-1.8644815353807536,1.5878059028348044,-1.8795128833779016,4.445111949813162,-0.17561180566961332,2.222757336622011
-1.8779218026051552,1.5879465210894288,-1.8799581692999259,4.445514673244022,-0.17589304217886212,2.2230049021188023
-1.8917122014929093,1.5872182760441271,-1.8817446816172503,4.446009804237605,-0.17443655208825865,2.2228998393312933
-1.905579233790433,1.5874488606095805,-1.8820587680944654,4.445799678662587,-0.17489772121916516,2.222951830338265
-1.922131415838237,1.5863796856542924,-1.884386457080211,4.44590366067653,-0.17275937130858898,2.2232840945128993
-1.929400644264031,1.586265503954665,-1.885237266825307,4.446568189025799,-0.172531007909334,2.2231632292022665
-1.9436810457872777,1.5871418579002796,-1.884540003865499,4.446326458404533,-0.1742837158005635,2.22263140732522
-1.9571346992749454,1.5873442666089408,-1.8848959971013974,4.44526281465044,-0.17468853321788583,2.222473557359411
-1.9614324671542924,1.5878517309012583,-1.8847744940519005,4.444947114718822,-0.17570346180252083,2.222272861090214
-1.9642150635417153,1.5879185254804309,-1.8853141365391166,4.444545722180428,-0.17583705096086605,2.2224632160471294
-1.9604796437831782,1.5879076199478748,-1.8860306533862399,4.444926432094259,-0.17581523989575384,2.222381367987391
-1.9520745870277685,1.587822411724403,-1.8868517516183256,4.444762735974782,-0.17564482344881058,2.2225178161433443
-1.9449837756969817,1.5867695607040262,-1.889133174211293,4.445035632286689,-0.17353912140805694,2.2230210707466367
-1.9319910947348296,1.5869108996683283,-1.889591796755008,4.446042141493273,-0.1738217993366611,2.222605929584213
-1.9297783820231897,1.5874627141433795,-1.8894014274492905,4.445211859168426,-0.17492542828676347,2.2225616673580215
-1.9284191124477554,1.587557403880959,-1.8899245426325462,4.445123334716043,-0.17511480776192245,2.2235934462305003
-1.9248217460984571,1.586564143653434,-1.892166178520494,4.4471868924610005,-0.17312828730687232,2.22310117125925
-1.9138311986521261,1.5870488570776617,-1.8920948528574202,4.4462023425185,-0.17409771415532815,2.222648779214042
-1.9097512407933066,1.5874282508792863,-1.8921962088652549,4.445297558428084,-0.17485650175857725,2.2227181089492416
-1.9026878565057508,1.5879445900950042,-1.8920680571386679,4.445436217898483,-0.17588918019001298,2.222310381696625
-1.8954444188039645,1.5884575686636184,-1.8919438962223876,4.44462076339325,-0.17691513732724143,2.222269894182244
-1.8906942059400988,1.5876839885179577,-1.8938388544690834,4.444539788364488,-0.17536797703591997,2.2214522256740876
-1.879171835595804,1.5874946520346107,-1.8948057401406422,4.442904451348175,-0.17498930406922597,2.2211487588544614
-1.8732301744913198,1.5876326486733459,-1.8952649353858675,4.442297517708923,-0.17526529734669632,2.2209232644225803
-1.8658795852032592,1.5870768486702669,-1.8968307184756246,4.4418465288451605,-0.17415369734053857,2.22084967140805
-1.8573208798911538,1.5872778808680137,-1.897190435382943,4.4416993428161,-0.1745557617360321,2.2209246606326243
-1.848913902436443,1.5876267298713407,-1.8973193898752811,4.441849321265249,-0.17525345974268622,2.2202766089872767
-1.8394651016635066,1.5875966220501676,-1.898041135769108,4.4405532179745535,-0.17519324410033996,2.2207238440735453
-1.8333433583361536,1.5879765427614878,-1.8981159015421454,4.441447688147091,-0.17595308552298056,2.220560147410485
-1.8297629492775025,1.5882119256994578,-1.8984471705861368,4.44112029482097,-0.17642385139892033,2.219923085828778
-1.8269117328446849,1.5884293556277091,-1.8987547376075387,4.439846171657556,-0.1768587112554231,2.2206606288836612
-1.82349234452868,1.5880663278916733,-1.9000136325868535,4.4413212577673225,-0.17613265578335172,2.220168478927648
-1.8176724235247437,1.5886359761509117,-1.8997999631823181,4.440336957855296,-0.17727195230182846,2.219945809781447
-1.8158171370454195,1.5890496412105177,-1.899832123280162,4.439891619562894,-0.1780992824210406,2.219955992898545
-1.8062193430944893,1.5883358384934434,-1.9016079997854471,4.43991198579709,-0.17667167698689193,2.2206715807708637
-1.7924783568262277,1.5871051461040737,-1.9041925547568574,4.441343161541727,-0.17421029220815237,2.220818846856929
-1.7839484956667138,1.5864725198514638,-1.9058532610126329,4.441637693713858,-0.17294503970293237,2.220796260670141
-1.78265928325587,1.5863928769087168,-1.9066458473490717,4.441592521340282,-0.17278575381743827,2.2212150693320267
-1.7817788855041747,1.5859914368182366,-1.907925802924067,4.4424301386640535,-0.1719828736364779,2.221491229123532
-1.783501334951392,1.5857401253097108,-1.9090034739414088,4.442982458247064,-0.1714802506194263,2.221015275792608
-1.7897691723117428,1.5854588643707355,-1.9101274951890563,4.442030551585216,-0.1709177287414756,2.220840109256777
-1.800389652977018,1.5857923949527222,-1.9102670803324142,4.441680218513554,-0.17158478990544904,2.2209086941050327
-1.817162473535713,1.5857743167528118,-1.9109544655124533,4.441817388210065,-0.17154863350562838,2.221315171678505
-1.8282126505708765,1.5842413655881418,-1.9140721193152912,4.44263034335701,-0.16848273117628854,2.2203049722647963
-1.834703263461361,1.5844586429083372,-1.9144285217617516,4.440609944529593,-0.16891728581667917,2.220239131510532
-1.852577742029357,1.5844397523582898,-1.915120087645667,4.440478263021064,-0.16887950471658467,2.2208094302803523
-1.8664176056246864,1.5838405647840772,-1.9167460032296488,4.4416188605607045,-0.1676811295681594,2.2205902803722006
-1.8799832296269248,1.5841022264061024,-1.9170012469917515,4.441180560744401,-0.1682044528122099,2.221409241415804
-1.900435736368396,1.5838936311039051,-1.917972559913373,4.442818482831608,-0.16778726220781526,2.2229565407691454
-1.918177599424244,1.584056657801973,-1.9183941690591726,4.445913081538291,-0.16811331560395087,2.2227108581643464
-1.9399392704555656,1.5842828725318687,-1.9187293867906974,4.445421716328693,-0.1685657450637424,2.222244081350434
-1.9622014876755558,1.5845576053567134,-1.918988359782898,4.444488162700868,-0.16911521071343164,2.2222759090076427
-1.9844253475699014,1.5851881599715096,-1.9186710941715543,4.444551818015285,-0.1703763199430242,2.222009978136297
-2.00413032091119,1.585335041610149,-1.919131090427242,4.444019956272594,-0.170670083220303,2.22200687296826
-2.021856705596168,1.5849207824957554,-1.9204556791424314,4.44401374593652,-0.1698415649915157,2.221858402191372
-2.0394132094562054,1.584033957201448,-1.9224922245382263,4.443716804382744,-0.16806791440290061,2.2225981747035424
-2.054063105768413,1.5843311800168303,-1.9226922783978975,4.445196349407085,-0.16866236003366525,2.223594513257417
-2.0698865171342486,1.5842973752993001,-1.9234387556311092,4.447189026514834,-0.16859475059860485,2.2232604222794183
-2.079612130169057,1.5851742265043878,-1.9227555727496315,4.446520844558837,-0.17034845300878018,2.222740585157726
-2.0907600492992002,1.5851295210410934,-1.9235125309926104,4.445481170315452,-0.1702590420821912,2.22233110110241
-2.09068295661793,1.5844864286462308,-1.9252389424991432,4.44466220220482,-0.16897285729246597,2.2219511196182697
-2.087244993116401,1.5845603801390995,-1.925810709464998,4.4439022392365395,-0.16912076027820344,2.222158208002734
-2.086510875247152,1.584350657008809,-1.9268089414716687,4.444316416005468,-0.16870131401762234,2.222076490718283
-2.085861395482971,1.5847673972894403,-1.9268530318545156,4.444152981436566,-0.16953479457888487,2.221821056274874
-2.087078450166823,1.584460529366579,-1.9280225119752896,4.443642112549748,-0.16892105873316232,2.2218917445629285
-2.077060501111279,1.5843344703931128,-1.928887630239834,4.443783489125857,-0.16866894078622974,2.2223145604769288
-2.0695990262512325,1.5841529435353792,-1.9298800801025116,4.4446291209538575,-0.16830588707076266,2.222536066681425
-2.0619418365055617,1.5835064641217593,-1.9315864963775016,4.44507213336285,-0.16701292824352296,2.2232242098604513
-2.0507288078431163,1.58384209276454,-1.9317630680275468,4.446448419720903,-0.16768418552908426,2.2229225776077537
-2.046004987929929,1.583383165493556,-1.9331739736433255,4.445845155215507,-0.16676633098711593,2.2240410320976474
-2.035975888130743,1.5838160997250024,-1.9331504738293992,4.448082064195295,-0.16763219945000857,2.2268555655176216
-2.031010111932213,1.5835959904407018,-1.9341749971485334,4.453711131035243,-0.16719198088140755,2.2270767497449633
-2.022865816819171,1.5845809047469435,-1.9333223389740621,4.454153499489927,-0.16916180949389092,2.2271496635536225
-2.0202561931085725,1.58419966336815,-1.9346003063975559,4.454299327107245,-0.16839932673630423,2.227075890020596
-2.010630255484162,1.583080417245618,-1.9370541026980765,4.454151780041192,-0.1661608344912403,2.227811552849159
-2.001679357378527,1.5836935286690446,-1.9367866162784069,4.455623105698318,-0.1673870573380934,2.2273102927022532
-2.0000343524040773,1.5830319311529724,-1.9385167194526185,4.4546205854045064,-0.16606386230594886,2.2274553529118655
-1.9876255798701568,1.583527909544544,-1.9384373585745207,4.454910705823731,-0.1670558190890923,2.227302336205113
-1.982976621969666,1.5833941245991903,-1.939341993535355,4.454604672410226,-0.1667882491983847,2.226693000391512
-1.9738968543078537,1.5831992984973768,-1.9403365606772998,4.453386000783024,-0.16639859699475787,2.226888662057005
-1.9716540035163161,1.5830738872189005,-1.9411727632051794,4.45377732411401,-0.16614777443780523,2.2274445688216975
-1.9706780666651882,1.5836557112150051,-1.940961777029137,4.454889137643395,-0.16731142243001446,2.227528361033543
-1.969479505451437,1.582576589771499,-1.9433037072251664,4.455056722067086,-0.165153179543002,2.2287793537603857
-1.9612968859082813,1.5826657029761417,-1.9438352330666175,4.457558707520771,-0.1653314059522877,2.2286843435936725
-1.959956021297105,1.582566709850576,-1.9447064881561849,4.457368687187345,-0.1651334197011561,2.2283646902083034
-1.9603315421540746,1.5814100158170743,-1.9471959975856827,4.456729380416607,-0.1628200316341527,2.227628492122808
-1.957399410485726,1.5807977963992845,-1.9488754163755846,4.455256984245616,-0.1615955927985733,2.227474841034471
-1.9603704304409804,1.5799997821014897,-1.9508482927039845,4.454949682068942,-0.15999956420298392,2.226771579758311
-1.9650683365999828,1.5807829154223172,-1.9503146002098182,4.453543159516622,-0.16156583084463896,2.2262762064754407
-1.9747461272205042,1.5807274825931723,-1.9511031261638103,4.452552412950881,-0.16145496518634933,2.2262515879249003
-1.97933864319089,1.5802741119329136,-1.9524644722512055,4.452503175849801,-0.1605482238658317,2.227288831811667
-1.981307485362548,1.579584451508871,-1.954264688270307,4.454577663623334,-0.15916890301774672,2.2277807014987205
-1.9873765545757118,1.579479226915451,-1.9551374738244562,4.455561402997441,-0.15895845383090643,2.2272740999413587
-1.9971608007547794,1.5799036340452375,-1.9551601545037771,4.454548199882717,-0.15980726809047932,2.227393898559902
-2.0164002824786826,1.5798140757901173,-1.956004708471545,4.454787797119804,-0.15962815158023916,2.2280929804303353
-2.0302346943378042,1.579957090444948,-1.9564805531503378,4.456185960860671,-0.15991418088990061,2.228084545424469
-2.040373830810894,1.5795188309086847,-1.9578665934078794,4.456169090848938,-0.15903766181737383,2.2281145119068766
-2.0520321630751277,1.579391863165927,-1.9587621023838804,4.456229023813753,-0.1587837263318582,2.2283538729748025
-2.063499391666376,1.580061219781489,-1.9584021308421846,4.456707745949605,-0.1601224395629821,2.2280936511220166
-2.0805221107120246,1.5805899611762286,-1.9582454653943324,4.456187302244033,-0.16117992235246148,2.228414124966325
-2.09221508678036,1.5806755771237426,-1.9587933452036965,4.45682824993265,-0.16135115424748933,2.2282369293379927
-2.098414095855028,1.5797864730466336,-1.9608521267841754,4.456473858675985,-0.15957294609327108,2.229002947513088
-2.1007719673354344,1.5793048753420673,-1.962305670527406,4.458005895026176,-0.1586097506841384,2.2289941422672492
-2.1114310735776316,1.5788618915765527,-1.9636698585903787,4.4579882845344985,-0.15772378315310898,2.2296522672193015
-2.119510879826689,1.5782596978743693,-1.9652974204793277,4.459304534438603,-0.15651939574874232,2.2309135232076924
-2.1294565959903133,1.5774319040977847,-1.967304912014413,4.461827046415385,-0.154863808195573,2.230481071252591
-2.140784926033398,1.576745253354673,-1.9690922956905035,4.460962142505182,-0.15349050670934983,2.230326225160014
-2.150832956646075,1.5754063168527122,-1.9719113271059399,4.460652450320028,-0.15081263370542802,2.2297537118437876
-2.159106705500796,1.5732839674445507,-1.9759314054084984,4.459507423687575,-0.1465679348891051,2.228937980588252
-2.1670343002051498,1.5736467607011564,-1.9760781196629327,4.457875961176504,-0.14729352140231636,2.228754606292506
-2.1946202407397455,1.5728398767865115,-1.9780362626371615,4.457509212585012,-0.14567975357302648,2.2309498170698245
-2.2165835631059148,1.5731711735477147,-1.9782427900757353,4.461899634139649,-0.1463423470954328,2.2307745873899503
-2.2425856454765154,1.5732193294430223,-1.978854391101942,4.4615491747799005,-0.14643865888604787,2.231347572402474
-2.2623121468127687,1.5731201812450433,-1.9797436872880267,4.462695144804948,-0.14624036249008962,2.2316000478978273
-2.280301757924091,1.5733799172556826,-1.9800517965235382,4.463200095795655,-0.14675983451136843,2.231153792891249
-2.3017929069911456,1.5743741684784338,-1.9792360461243044,4.462307585782498,-0.14874833695687098,2.2303034915358206
-2.3226785300563746,1.5745629826107437,-1.9796692081361078,4.460606983071641,-0.14912596522149052,2.2306408811613077
-2.334164211366271,1.5751674155933209,-1.979448848990261,4.461281762322615,-0.150334831186645,2.2303403763540754
-2.3428197703425284,1.575377541929627,-1.979866823269045,4.460680752708151,-0.15075508385925726,2.2296065463638595
-2.345277413844295,1.5753123209001076,-1.9806851725868202,4.459213092727719,-0.1506246418002187,2.230056239679633
-2.3496475322634467,1.5756716961716886,-1.9808479349665862,4.460112479359266,-0.15134339234338065,2.229722349021112
-2.3581780554767895,1.5752741975663325,-1.982171859077045,4.459444698042224,-0.15054839513266863,2.2296980593653126
-2.3625676236599347,1.5748866588250579,-1.9834981562376852,4.459396118730625,-0.1497733176501192,2.2297823947205715
-2.3641801631802277,1.575010492419425,-1.9840186254328545,4.459564789441143,-0.15002098483885357,2.2296397117175877
-2.3660456879534557,1.5744906123800642,-1.9855077224154936,4.459279423435175,-0.14898122476013198,2.230583543369768
-2.362785520941293,1.574723561995418,-1.9858567681038453,4.461167086739536,-0.1494471239908397,2.2306813453432714
-2.360451817595434,1.5745249413056697,-1.9868957589478138,4.461362690686543,-0.14904988261134303,2.230283624838049
-2.3511932567634073,1.5749741026410549,-1.986879064820589,4.460567249676098,-0.14994820528211358,2.2311617098148155
-2.3408496470485636,1.5736464235703302,-1.9896529624260604,4.462323419629631,-0.14729284714066432,2.2317743506460435
-2.316870429358908,1.5737142162337798,-1.9902365863584444,4.463548701292087,-0.14742843246756326,2.231942734400697
-2.293347701888867,1.5725758147907036,-1.9927638192331434,4.463885468801394,-0.14515162958141103,2.2313302431025064
-2.26815766124572,1.5724176117714317,-1.9937092085552885,4.462660486205013,-0.14483522354286718,2.2316646947526313
-2.2466812947336186,1.5728058061202925,-1.9938199619481147,4.463329389505263,-0.14561161224058897,2.2318931692901773
-2.2292546654086807,1.5720861565187738,-1.995673496520658,4.463786338580355,-0.14417231303755154,2.2325022968018544
-2.207052799710519,1.57190216550507,-1.9966584283683,4.465004593603709,-0.14380433101014384,2.2335195230554286
-2.189244410013579,1.572373875574752,-1.996647927985141,4.467039046110857,-0.14474775114950778,2.23322904239712
-2.1757111401107294,1.5715197064796007,-1.998703727061027,4.46645808479424,-0.14303941295920491,2.2326820300419663
-2.1637484650054515,1.5703784927730904,-2.0011896667149363,4.465364060083933,-0.14075698554618443,2.2340768241661992
-2.156370866365572,1.5710495425792033,-2.0008518523936107,4.4681536483323985,-0.14209908515841002,2.2339947961000157
-2.1627888813496656,1.5704360709285499,-2.002538118753282,4.4679895922000314,-0.14087214185710317,2.234141747067099
-2.1633873742553487,1.570274035032818,-2.003521571917229,4.468283494134198,-0.14054807006563924,2.2337348215116117
-2.168183094963517,1.5703293300532468,-2.0041667945605357,4.4674696430232235,-0.14065866010649714,2.2336398338952663
-2.1769462912885684,1.5710538243717707,-2.003764493128011,4.467279667790533,-0.1421076487435449,2.233093830288236
-2.1857322918472635,1.571322928448238,-2.004041099999591,4.466187660576472,-0.14264585689647957,2.233371984256204
-2.187367632229911,1.5713896225298944,-2.00465142312099,4.466743968512408,-0.14277924505979264,2.233598432920505
-2.188127047288149,1.5723034230074704,-2.003942010863668,4.46719686584101,-0.14460684601494467,2.233215941013333
-2.1886850131742612,1.5723194718529714,-2.00462708265105,4.466431882026666,-0.14463894370594652,2.2335273157720863
-2.1823220800203416,1.5723324505207354,-2.005322255326152,4.467054631544173,-0.14466490104147453,2.233091374341509
-2.1753130999154147,1.5724438851621543,-2.005856377573798,4.466182748683018,-0.14488777032431202,2.233221588624869
-2.171586151923072,1.5725476757479302,-2.0064404387726036,4.466443177249738,-0.14509535149586392,2.2328933989353854
-2.161952743623329,1.5728075743821341,-2.0067670016381074,4.465786797870771,-0.14561514876427165,2.2324558273350603
-2.1529271828218155,1.572999242789301,-2.007211874443493,4.464911654670121,-0.1459984855786051,2.231628618133785
-2.137670035545698,1.5733764027177755,-2.0073321115748133,4.46325723626757,-0.14675280543555402,2.233267681039811
-2.1214156578224914,1.5728765354076022,-2.008842333418033,4.466535362079622,-0.1457530708152074,2.2332583628992313
-2.1032814000925497,1.5726189982030905,-2.0099299111951288,4.466516725798463,-0.14523799640618407,2.2340543734175005
-2.0851946418921656,1.5723674174531892,-2.011045354277476,4.468108746835001,-0.14473483490638128,2.2335267827399483
-2.0677337173658334,1.5726218176088327,-2.0113320078064816,4.467053565479897,-0.14524363521766817,2.234954515125703
-2.0558458791869434,1.5730596338410594,-2.011376179177401,4.469909030251406,-0.14611926768212158,2.2346751529631823
-2.0395170341165194,1.5733830156103359,-2.011568891587559,4.469350305926365,-0.1467660312206747,2.2343686104270892
-2.015922498536549,1.5733077575528842,-2.012407542063245,4.4687372208541785,-0.14661551510577128,2.2347099963978216
-1.9939527180691123,1.5727145765484856,-2.0140402360011396,4.469419992795643,-0.14542915309697418,2.234387138997192
-1.9686960546025778,1.5728715292894204,-2.014531109868014,4.468774277994384,-0.14574305857884387,2.234616955505141
-1.9477110444238872,1.5734005157725053,-2.014427868471438,4.469233911010282,-0.1468010315450135,2.2343373098307993
-1.9277062755999845,1.5724871620509033,-2.016593132944937,4.4686746196615985,-0.14497432410180944,2.234518906978591
-1.9059981278329656,1.572799884496524,-2.016827921875497,4.469037813957182,-0.14559976899305105,2.2343865027731966
-1.893419848437271,1.5731595406532095,-2.0169905089868467,4.468773005546393,-0.14631908130642202,2.234312978101632
-1.880334413160132,1.573876935040879,-2.0165756177249334,4.468625956203264,-0.14775387008176108,2.2342548059362493
-1.8729963774571157,1.5745862668888204,-2.0161794845189096,4.4685096118724985,-0.149172533777644,2.2341768585083006
-1.8621535464526837,1.5743488880523577,-2.0172402208648514,4.468353717016601,-0.14869777610471882,2.235105071310319
-1.8454925454587816,1.5724662174666548,-2.020884168698957,4.470210142620638,-0.14493243493331323,2.2350293105080468
-1.8270446930355906,1.5723752603344725,-2.0217644949537625,4.4700586210160935,-0.14475052066894864,2.2350708894079445
-1.8215377043131975,1.5728552159028153,-2.0217074934917463,4.470141778815889,-0.14571043180563445,2.235385716018197
-1.8201257433935285,1.5736137310605371,-2.0212613717676104,4.470771432036394,-0.14722746212107823,2.2347871540427318
-1.8185318242362276,1.573495487351302,-2.0221841107885625,4.4695743080854635,-0.14699097470260822,2.2349702511973284
-1.8129007900724183,1.574324370992577,-2.0216221156957923,4.469940502394657,-0.14864874198515798,2.2344404179419617
-1.808766599652273,1.5745399632512935,-2.0220462732710978,4.468880835883923,-0.14907992650259103,2.2344226911406624
-1.797398770653471,1.575226208560065,-2.0217038066550113,4.468845382281325,-0.15045241712013407,2.2339668613780104
-1.7856846592983997,1.575939724948274,-2.021292814207532,4.467933722756021,-0.15187944989655225,2.233469238538134
-1.7720346866783145,1.5744435656950917,-2.0244033501948824,4.466938477076268,-0.1488871313901876,2.233011161847619
-1.7514711289455613,1.5751725662498566,-2.023965339620121,4.466022323695238,-0.15034513249971734,2.232717653685593
-1.7447717665425646,1.575371180314263,-2.024344134836288,4.465435307371186,-0.15074236062852986,2.233474721743514
-1.7327261080159218,1.5755284585984521,-2.0248423659110846,4.466949443487028,-0.1510569171969082,2.2330612613695884
-1.7175848295653207,1.5759926947836749,-2.0248219949984394,4.466122522739177,-0.15198538956735375,2.2327069746869492
-1.70385241327341,1.5767244755418057,-2.024394097441675,4.4654139493738985,-0.15344895108361556,2.232505010320725
-1.691756640401559,1.5771327825132866,-2.024473707799115,4.46501002064145,-0.1542655650265775,2.231965657328411
-1.6714195703086008,1.57671852030918,-2.025827636342633,4.463931314656822,-0.15343704061836438,2.2323616324018833
-1.6490082565956283,1.5760099207024707,-2.027648694155852,4.464723264803767,-0.1520198414049457,2.2315475412083425
-1.6300425357010417,1.5767762041812226,-2.0271606459434945,4.463095082416685,-0.15355240836244938,2.2311100441338154
-1.622443075323323,1.5775462759953285,-2.026684012568951,4.462220088267631,-0.15509255199066113,2.2303494047221757
-1.6149764692028572,1.5778245456613278,-2.026921320634788,4.460698809444351,-0.15564909132265986,2.2307687609403843
-1.6013398405880732,1.577483446087623,-2.0281567511346026,4.461537521880769,-0.15496689217525028,2.2312675384626504
-1.5785689540112189,1.5779740621482752,-2.028084165466037,4.462535076925301,-0.15594812429655466,2.232790003528878
-1.559590574717376,1.5782727048857725,-2.0283260396350262,4.465580007057756,-0.1565454097715495,2.2325745806243433
-1.5406416345549272,1.5778562778660556,-2.029691501673509,4.465149161248687,-0.1557125557321155,2.2327680648752346
-1.5233180726953466,1.5772324985120723,-2.031395565289972,4.465536129750469,-0.1544649970241485,2.232400438381865
-1.507351921223677,1.5780307633893058,-2.030850682664107,4.46480087676373,-0.15606152677861576,2.231840488756957
-1.5030731141683606,1.578684864996885,-2.0305389340315134,4.463680977513914,-0.1573697299937742,2.2314250599274312
-1.4955583183005132,1.5788259639396305,-2.031039364974753,4.4628501198548625,-0.15765192787926505,2.2307763549013493
-1.4875972550200152,1.579357280134986,-2.030918931507329,4.461552709802699,-0.1587145602699759,2.2301205175019536
-1.4845770460201935,1.5790954955618102,-2.0320604921236454,4.460241035003907,-0.1581909911236241,2.2303466204773765
-1.4719980460402442,1.5799341663815258,-2.031450072118024,4.460693240954753,-0.15986833276305557,2.230129698806533
-1.4680151060005115,1.5796125854875953,-2.0326789535456857,4.460259397613066,-0.1592251709751945,2.2299814563881717
-1.457708739967171,1.5794485779013672,-2.0336471596291075,4.459962912776343,-0.15889715580273803,2.2296009697210963
-1.450508621990938,1.5787599883097616,-2.0354242436075745,4.459201939442193,-0.1575199766195269,2.2302178504979127
-1.4455972066539258,1.5787721371218726,-2.036112498093471,4.460435700995825,-0.15754427424374878,2.229978094583184
-1.4498100198015083,1.578222263780188,-2.0376530564380237,4.459956189166368,-0.15644452756037958,2.2302116272755463
-1.4551488849076581,1.578958509917038,-2.0371961304378727,4.460423254551093,-0.15791701983407952,2.229970045282991
-1.464816339158513,1.5793696357904254,-2.0372585547688398,4.459940090565982,-0.15873927158085444,2.229498897530066
-1.4671923663721802,1.5793278983900194,-2.038046302875481,4.458997795060132,-0.15865579678004257,2.2295642320161217
-1.471012403668388,1.578686105130186,-2.039776547865593,4.4591284640322435,-0.15737221026037568,2.229403828793113
-1.478176902206905,1.578647511996377,-2.040545875063943,4.458807657586226,-0.15729502399275783,2.229384579694141
-1.491210551048139,1.578269442155055,-2.041816757781985,4.458769159388282,-0.15653888431011392,2.2307178723649206
-1.502457069278728,1.578788081845631,-2.0417182179570226,4.461435744729841,-0.1575761636912659,2.2303282241298894
-1.520355434056426,1.5784926616317831,-2.0428704029429396,4.460656448259779,-0.15698532326357034,2.2309983491181686
-1.5351563475794743,1.578828547237732,-2.0430419534768554,4.461996698236337,-0.15765709447546794,2.230917268989075
-1.5511808762082653,1.5791677515936544,-2.0432234251680037,4.46183453797815,-0.15833550318731313,2.230735990101046
-1.562955219016485,1.5799198988023224,-2.042749342788808,4.461471980202092,-0.15983979760464898,2.230865135863676
-1.5786795305217616,1.5800307356831504,-2.043271963810839,4.461730271727352,-0.16006147136630489,2.2307860121645766
-1.5919533661956995,1.5805731633667814,-2.043136504022382,4.461572024329153,-0.16114632673356702,2.230345562139551
-1.6062893432297776,1.5809744941561577,-2.0432279516562804,4.460691124279102,-0.16194898831231924,2.2298989575775323
-1.6199627321704693,1.5808225524174289,-2.0441579293936276,4.459797915155065,-0.1616451048348616,2.22953852318099
-1.6287175593584438,1.5816308716370953,-2.043588804822967,4.45907704636198,-0.1632617432741946,2.2290900627992447
-1.645364061485332,1.5815467065609128,-2.0444233351481684,4.458180125598489,-0.16309341312182982,2.2288896016839876
-1.6530555933811404,1.5821505797834654,-2.0441880558964,4.457779203367975,-0.16430115956693495,2.2285290608410353
-1.66166299945189,1.5823490199869181,-2.0445601434489467,4.457058121682071,-0.1646980399738405,2.228470858774788
-1.6624749989735852,1.5825918486865087,-2.044892224706083,4.456941717549576,-0.1651836973730215,2.228494586791007
-1.6618609568561429,1.5824329682830076,-2.045822402772116,4.456989173582014,-0.16486593656601922,2.231338735520375
-1.6560956617413323,1.5819515439046585,-2.0473146715607533,4.46267747104075,-0.1639030878093212,2.230413822327376
-1.6538948953871302,1.5824279784279587,-2.047285508727088,4.460827644654752,-0.16485595685592136,2.229832307591104
-1.6578966616233428,1.5816734697026422,-2.049171575017296,4.459664615182208,-0.16334693940528835,2.2294854612283674
-1.6555229544696461,1.5817757465422702,-2.0497355974060167,4.458970922456735,-0.1635514930845441,2.2291684259649824
-1.6552529302804206,1.5816448387694175,-2.0506524803765127,4.458336851929965,-0.16328967753883894,2.2286734839583437
-1.6532445151399455,1.582403330777889,-2.0501855901818544,4.4573469679166875,-0.16480666155578214,2.2279962596619716
-1.652003454767166,1.582845511572455,-2.050205681886997,4.455992519323943,-0.16569102314491393,2.228279991043981
-1.647876852735298,1.5827076686586934,-2.051135376299147,4.456559982087962,-0.16541533731739075,2.2283194598586937
-1.6382540874517932,1.5835627883166736,-2.0504988721918074,4.4566389197173875,-0.1671255766333514,2.227989506436867
-1.6332180564620191,1.5827667293008612,-2.0524532544705876,4.455979012873734,-0.1655334586017264,2.2274234119948724
-1.6201817575198818,1.5828245105743688,-2.0530332611374695,4.454846823989745,-0.16564902114874186,2.227894013294622
-1.6168090310228032,1.5828878905293806,-2.053648975594128,4.455788026589244,-0.16577578105876561,2.2276901782454193
-1.6135276114691275,1.582708338656807,-2.05465718096247,4.4553803564908385,-0.1654166773136183,2.227822362888251
-1.6121350497705673,1.5825590683257065,-2.0555767553677957,4.455644725776502,-0.165118136651417,2.227985838587552
-1.613701954350559,1.5824825947890089,-2.056366573621617,4.455971677175104,-0.16496518957802186,2.2293305298413437
-1.615458263272045,1.5825849757177406,-2.0569156164410782,4.4586610596826874,-0.16516995143548538,2.2288935883849423
-1.6228382617429835,1.5828260726974235,-2.0572367596722856,4.457787176769885,-0.16565214539485112,2.22887656043447
-1.6297807890000495,1.5827623206556405,-2.058002352475553,4.45775312086894,-0.16552464131128497,2.229281061190392
-1.6381948447319168,1.582719107774278,-2.058775268775464,4.458562122380784,-0.16543821554856,2.2288795564362944
-1.6479955176646595,1.5828250526953895,-2.0592860082646447,4.457759112872589,-0.1656501053907834,2.2290781095585803
-1.6597140810258435,1.5818685819604124,-2.0614693168534393,4.458156219117161,-0.16373716392082885,2.2293598371417445
-1.6675144197709018,1.5824824567182365,-2.061239947655004,4.458719674283489,-0.16496491343647698,2.2287285631810354
-1.6811002444059013,1.582304556113848,-2.0622130414053834,4.457457126362071,-0.1646091122276999,2.229496977294734
-1.6918152064679006,1.5827997565691412,-2.0621555975363757,4.458993954589468,-0.16559951313828608,2.229184168955196
-1.7018409603652453,1.5830332317309475,-2.062503302704126,4.458368337910392,-0.1660664634618986,2.2287575976896394
-1.7089390473129085,1.583048205576963,-2.0631874646812927,4.457515195379279,-0.16609641115392965,2.2284870530041117
-1.7135711161678315,1.5837343166890743,-2.0628217423163147,4.456974106008223,-0.16746863337815227,2.228123293465657
-1.7242495473905257,1.5838096756037825,-2.063406962485519,4.456246586931314,-0.16761935120756866,2.2287837760208777
-1.7316151450835606,1.583472556050121,-2.064615088482638,4.4575675520417555,-0.1669451121002456,2.229478320731806
-1.7367383795611424,1.5827907445626448,-2.06640342665495,4.458956641463612,-0.16558148912529325,2.228661198933946
-1.7476343913442143,1.582899346456639,-2.06695623170007,4.457322397867892,-0.1657986929132816,2.2287428530104716
-1.7598922080771497,1.5824141902803097,-2.068436267207994,4.457485706020943,-0.16482838056062318,2.228001686460208
-1.770089870174321,1.5826469210690224,-2.06875965804613,4.456003372920416,-0.1652938421380485,2.22871649207188
-1.7843179320936455,1.5825012888822432,-2.0696918659544137,4.45743298414376,-0.16500257776448993,2.2286407862552515
-1.7951609361725218,1.5826322075872423,-2.070201430199514,4.457281572510503,-0.1652644151744882,2.228276805668526
-1.8062806538057257,1.5831653926573526,-2.0700590231008795,4.456553611337052,-0.16633078531470857,2.2284758627010057
-1.816991677800194,1.583671608664432,-2.0699533446736704,4.4569517254020115,-0.16734321732886756,2.228227575707393
-1.8246874768834864,1.583524971977354,-2.070860372830201,4.456455151414786,-0.16704994395471184,2.2280659354870043
-1.82865699457185,1.583313007429855,-2.0719000797542177,4.4561318709740085,-0.16662601485971343,2.2290657599777344
-1.8323224627696528,1.5826086612591996,-2.073758827807372,4.458131519955469,-0.16521732251840285,2.228537779133246
-1.8349823920613668,1.5833100061211005,-2.073369021099604,4.457075558266492,-0.16662001224220446,2.227952285141637
-1.8444545461703328,1.583958457940359,-2.0730549371489286,4.455904570283274,-0.16791691588072127,2.227308487081344
-1.8451066724605254,1.5842938676084037,-2.0732557174116772,4.454616974162688,-0.16858773521681072,2.2269901769422273
-1.8442272726982123,1.5846116447167482,-2.0734652307711317,4.453980353884455,-0.16922328943349968,2.2266228288390417
-1.840247575188814,1.5844263532812792,-2.0744611011535263,4.4532456576780834,-0.16885270656256185,2.2266199493039247
-1.8356529009596507,1.5845628981491002,-2.0749468674618226,4.453239898607849,-0.16912579629820382,2.227996621668934
-1.8336215626811436,1.584515644393213,-2.0757291175808406,4.455993243337868,-0.1690312887864291,2.227929996027637
-1.830154334205609,1.5847465920585508,-2.0760756389517385,4.455859992055274,-0.16949318411710484,2.227849507410265
-1.831408775114667,1.5848805967790616,-2.0765294179969906,4.45569901482053,-0.16976119355812633,2.2294731448112666
-1.8313644014586263,1.5856341425129084,-2.0760661209835596,4.458946289622533,-0.1712682850258201,2.228890914102665
-1.8303496061792401,1.585995537094024,-2.076203593658401,4.45778182820533,-0.17199107418805146,2.228452584372569
-1.8205036517441675,1.5859352623915106,-2.07702884408545,4.456905168745138,-0.17187052478302484,2.227963924235646
-1.8079493516598533,1.586068602657171,-2.07755641079929,4.455927848471292,-0.17213720531434587,2.2275298878461367
-1.7938495199718207,1.586095953712694,-2.0782372845378547,4.455059775692273,-0.17219190742539173,2.2275434292908742
-1.7799290172615851,1.5860407827558713,-2.079048661910486,4.4550868585817485,-0.1720815655117466,2.2276730996520153
-1.7649517868417246,1.585914045675613,-2.0799426488747472,4.455346199304031,-0.17182809135122962,2.2285684910258157
-1.750782297509494,1.5848272202656801,-2.082355740969158,4.457136982051631,-0.169654440531364,2.227991248989812
-1.73778767442324,1.5852882523028815,-2.082340440015853,4.455982497979624,-0.1705765046057669,2.227982649083255
-1.7361271301926453,1.5855518792827263,-2.0826287001574046,4.45596529816651,-0.17110375856545668,2.2276260505543326
-1.7309836800123457,1.585717588195474,-2.0830747067433455,4.455252101108665,-0.17143517639095177,2.2274881471274828
-1.7234650986603404,1.585104158206378,-2.084737784710397,4.4549762942549656,-0.17020831641276002,2.2275260763608054
-1.7103501358116198,1.5858916070147002,-2.0841896538366416,4.455052152721611,-0.17178321402940425,2.2270766966029965
-1.7078403790774022,1.5857057477145244,-2.0851610110225183,4.454153393205993,-0.17141149542905287,2.2267420184357944
-1.7021009288286537,1.5858264896418168,-2.0856750789260396,4.453484036871589,-0.1716529792836375,2.226702448792303
-1.7000463972343245,1.5859602346682549,-2.0861673153409295,4.453404897584606,-0.1719204693365136,2.2266611967633536
-1.6994058588576777,1.586521622036431,-2.08600834274728,4.453322393526707,-0.17304324407286595,2.226119339377478
-1.6986522510426645,1.5856183042388834,-2.088082779819136,4.452238678754956,-0.17123660847777047,2.226247980192767
-1.6920813304173692,1.5854056926572535,-2.0890847269914166,4.452495960385534,-0.17081138531451076,2.227715896121678
-1.6910924359971156,1.5853833893583622,-2.089822471289165,4.455431792243356,-0.17076677871672838,2.2280071912080346
-1.6930252173687355,1.5856603674383725,-2.090096466857355,4.456014382416069,-0.17132073487674884,2.227542949245649
-1.6968264200185907,1.585773762616674,-2.0906033350305058,4.455085898491298,-0.17154752523335154,2.2270460018541187
-1.7036365102768887,1.5864288660852972,-2.0902578826704206,4.454092003708237,-0.17285773217059835,2.2268075758223262
-1.7135138050476602,1.585845401959681,-2.091873779085281,4.4536151516446525,-0.171690803919366,2.226965681901805
-1.716438391590005,1.5859341431185745,-2.092471737668677,4.45393136380361,-0.17186828623715306,2.2267092543251827
-1.7244920974173963,1.586815253045319,-2.091796670455731,4.4534185086503655,-0.1736305060906421,2.2260855945228935
-1.7345137115781113,1.586425881895199,-2.0930921703831915,4.452171189045787,-0.17285176379040207,2.226214568922711
-1.735577059921449,1.5865091951067374,-2.093653454392208,4.452429137845422,-0.17301839021347884,2.2261005688383273
-1.7390700209019623,1.5870470420490599,-2.0935085235644695,4.452201137676655,-0.17409408409812402,2.2261426802124706
-1.738898393927717,1.5868991754915847,-2.094445927438312,4.452285360424941,-0.17379835098317367,2.225785915086012
-1.7364498357641058,1.58594940070743,-2.0966282898439523,4.451571830172024,-0.17189880141486447,2.2263645438436113
-1.7339801721616517,1.5866480462004187,-2.0962287203556067,4.4527290876872225,-0.1732960924008421,2.2269600845080695
-1.740492560971431,1.587652582048208,-2.0953845234958,4.453920169016139,-0.1753051640964208,2.226034478996597
-1.740950512304871,1.5883158082219013,-2.0950344130312097,4.452068957993194,-0.1766316164438074,2.225567477910651
-1.7384053715680958,1.587355772001482,-2.0971768127484745,4.451134955821302,-0.17471154400296868,2.2268111263770898
-1.726933377326945,1.5875158123319806,-2.0976268562583127,4.4536222527541796,-0.175031624663966,2.2269939958446128
-1.7227456754285915,1.5877004360744729,-2.0980239805719965,4.4539879916892255,-0.1754008721489504,2.2273348949822873
-1.718422359074106,1.5874700600434597,-2.099103933225716,4.454669789964575,-0.17494012008692422,2.226799143312185
-1.715136140684287,1.5871478635219076,-2.1002870442903387,4.45359828662437,-0.17429572704382026,2.2275430640517344
-1.7088990563986535,1.587057221345815,-2.1011222657278914,4.455086128103469,-0.17411444269163487,2.2271061236142216
-1.7036499336895108,1.5866564945156636,-2.102462412288018,4.454212247228443,-0.17331298903133197,2.226613091826717
-1.6978495843930577,1.587447344793865,-2.101926735349417,4.453226183653434,-0.17489468958773513,2.2259712376391403
-1.6982832542437931,1.5876792797962704,-2.1022871655665414,4.451942475278281,-0.17535855959254573,2.225385695431404
-1.6930347760009228,1.5873365508700157,-2.1035203852034248,4.450771390862808,-0.1746731017400361,2.2254555752895278
-1.6889151898823844,1.5876915912590188,-2.103670847787982,4.4509111505790555,-0.17538318251804247,2.225138966322015
-1.6856259130620448,1.5885720687669465,-2.1029855851574366,4.45027793264403,-0.1771441375338978,2.2250142449864065
-1.6823350811263218,1.5879519032028915,-2.104657469827557,4.450028489972813,-0.17590380640578787,2.225146513681959
-1.6752728869848825,1.5873587399670281,-2.1062687801034707,4.450293027363918,-0.17471747993406098,2.225604852664011
-1.669340567500985,1.5863199525858926,-2.108581954624703,4.451209705328022,-0.17263990517179006,2.2250624102083445
-1.6653559214826983,1.5853713140731376,-2.1107671047476737,4.450124820416689,-0.17074262814628,2.2245566203127614
-1.6689097956618624,1.5851700018629276,-2.111786670386125,4.449113240625523,-0.17034000372586,2.2244841518444023
-1.6777759346987497,1.58416183624424,-2.1140424695890014,4.448968303688805,-0.16832367248848468,2.2246333261998767
-1.6818093553823732,1.5845346046124444,-2.1141353540778733,4.4492666523997535,-0.1690692092248935,2.225333931210116
-1.6977354712458357,1.5850559089455005,-2.114021697329733,4.450667862420232,-0.17011181789100563,2.225471414732718
-1.719148564358292,1.5850736641918082,-2.1146756773442075,4.450942829465436,-0.17014732838362098,2.2256827589547816
-1.7405171304311717,1.5849626321840145,-2.1155233057416676,4.451365517909563,-0.16992526436803373,2.2259661041174312
-1.7576342803465281,1.5849252086793157,-2.1163143944415865,4.4519322082348625,-0.16985041735863626,2.225370542867544
-1.7762834299691432,1.5845057113895031,-2.1176409833642937,4.450741085735088,-0.16901142277901107,2.22513859796749
-1.795163437159237,1.5847871321621974,-2.1179026380460213,4.45027719593498,-0.1695742643243993,2.22508971249697
-1.8166008006646297,1.5847504755422006,-2.1186395268713136,4.45017942499394,-0.16950095108440577,2.2260803821133965
-1.834172894568025,1.5847115750140568,-2.119383856593768,4.452160764226793,-0.16942315002811817,2.2267458602073775
-1.8512882836828104,1.5852516924429128,-2.1192556920722923,4.453491720414755,-0.17050338488583014,2.226544819313038
-1.867939522378001,1.5852841566994962,-2.11987940870411,4.453089638626076,-0.17056831339899703,2.2269866338659208
-1.8849229399311938,1.5858782836435676,-2.119657989298342,4.4539732677318415,-0.17175656728713987,2.2266775360751017
-1.904039375227333,1.5864524596947662,-2.1194769059961027,4.453355072150203,-0.172904919389537,2.226546487240944
-1.9175977657388295,1.5866338110469984,-2.1198889950301267,4.453092974481888,-0.17326762209400123,2.2267261969965904
-1.9282828629419462,1.586857936169925,-2.1202389664834302,4.453452393993181,-0.17371587233985453,2.226563916198264
-1.9434440001517908,1.5870588800907137,-2.12061266357765,4.453127832396528,-0.17411776018143188,2.2263122473840067
-1.9539640591847276,1.5873784135742992,-2.1207787716260116,4.452624494768013,-0.1747568271486027,2.2273248341762493
-1.960365316350291,1.5868120790897866,-2.122370584199405,4.4546496683524985,-0.17362415817957752,2.2275120627900993
-1.9575020772653733,1.587113902234075,-2.1226045323049023,4.455024125580199,-0.17422780446815436,2.2279197849610384
-1.9545715105769284,1.5872303949352915,-2.1231161511683463,4.455839569922077,-0.17446078987058736,2.2282682400532554
-1.9478178786340972,1.5879763663532487,-2.122662187851287,4.456536480106511,-0.1759527327065017,2.228218440843075
-1.9370029189004419,1.587872212501425,-2.1235365837447797,4.45643688168615,-0.1757444250028545,2.2291106567301466
-1.9207718588175562,1.5878475394393452,-2.124261823126815,4.458221313460293,-0.1756950788786947,2.229481310005348
-1.907681537544157,1.5883620541461234,-2.1241810780313335,4.458962620010696,-0.1767241082922511,2.2290344774883764
-1.8956551497516065,1.5882590723145087,-2.125065961039613,4.458068954976753,-0.1765181446290215,2.2289397491382106
-1.8781789081576965,1.5883737910826445,-2.125607644928513,4.457879498276421,-0.1767475821652934,2.228601247564407
-1.8612681387660666,1.5879362669700288,-2.127041756640559,4.457202495128814,-0.17587253394006203,2.228026016612582
-1.8401792904398806,1.5876519751571105,-2.1281721639623408,4.456052033225164,-0.1753039503142257,2.2278954741795354
-1.82291151560408,1.5881039265577874,-2.1281732335690524,4.455790948359071,-0.1762078531155793,2.227521063784325
-1.8086295646807014,1.5885940470952407,-2.1281365539413026,4.45504212756865,-0.17718809419048595,2.2269584348883247
-1.7918109135254001,1.58878281806028,-2.1285635567946724,4.453916869776649,-0.177565636120565,2.2263424474704028
-1.7746786267543389,1.5883369248385506,-2.129988795897501,4.4526848949408055,-0.1766738496771058,2.2253912397171143
-1.7553276827341793,1.5892542602869586,-2.1292790886387,4.4507824794342286,-0.17850852057392172,2.2245593707961713
-1.7451283579436292,1.5892400686021655,-2.130058953536849,4.4491187415923426,-0.17848013720433545,2.223743677060921
-1.7301647035277652,1.5891517955975611,-2.1308955756616528,4.447487354121842,-0.1783035911951266,2.223759679579955
-1.7164777736952301,1.5890531204927094,-2.1317712976432204,4.44751935915991,-0.17810624098542316,2.2237050821624353
-1.7047752205959097,1.5891532322882322,-2.1323051718189303,4.447410164324871,-0.17830646457646873,2.223502560482851
-1.6956310193808344,1.5894657977247022,-2.132486198530728,4.447005120965702,-0.17893159544940862,2.2239266420443013
-1.6887995831208469,1.589749709556546,-2.1327210585447185,4.447853284088603,-0.17949941911309622,2.2245533502112864
-1.678430692930166,1.5886401661831475,-2.135160588868529,4.449106700422573,-0.17728033236629936,2.223792539879153
-1.6651900028002626,1.5891748366534848,-2.1350340173599607,4.447585079758306,-0.17834967330697377,2.2235531393520365
-1.661837622409408,1.589547057896744,-2.1351312767484294,4.447106278704073,-0.17909411579349224,2.223406719709408
-1.660214782861001,1.5897772451365597,-2.135467211658758,4.446813439418816,-0.1795544902731234,2.223583161530364
-1.6564212140428611,1.5888971257557873,-2.137543362990315,4.447166323060728,-0.17779425151157868,2.223088185180624
-1.649101284378487,1.587415762577854,-2.140583167248217,4.446176370361248,-0.17483152515571188,2.2227779402225867
-1.6472127093580522,1.5875640459158846,-2.1410656149663536,4.445555880445173,-0.175128091831773,2.222582362411861
-1.6553024533918579,1.5880590999621307,-2.1409967192401735,4.445164724823722,-0.17611819992426528,2.2226356632819697
-1.6646894640104828,1.587976017207185,-2.141882287006384,4.445271326563939,-0.17595203441437415,2.2220713922541115
-1.6684393936300033,1.5880171525324884,-2.1425465196133375,4.444142784508223,-0.17603430506498075,2.2217360814061236
-1.672049662041516,1.5873220319809112,-2.1442894354142803,4.443472162812247,-0.17464406396182602,2.223630237530811
-1.6764272344208244,1.5882921085935153,-2.1434902207389834,4.447260475061622,-0.17658421718703424,2.223407603728614
-1.6909755198838001,1.5889289098863102,-2.1431964643699146,4.446815207457228,-0.1778578197726241,2.2231560420659533
-1.699573717976732,1.5888460822147217,-2.1440354602872596,4.446312084131907,-0.1776921644294472,2.223182754666487
-1.7009184112079627,1.5885908690086372,-2.145147672178174,4.446365509332974,-0.17718173801727846,2.222857804474495
-1.7082465070972261,1.588297844242565,-2.1463007338901714,4.44571560894899,-0.1765956884851341,2.2231010420978174
-1.716731255755978,1.5883493471909829,-2.1469152987924764,4.446202084195635,-0.1766986943819696,2.2233287446560652
-1.7271025470365393,1.5887966831350757,-2.146890425596344,4.4466574893121305,-0.17759336627015515,2.223940565134731
-1.7378148414999266,1.5887442289039664,-2.147668063266885,4.447881130269462,-0.17748845780793637,2.224396248508742
-1.7452737692371711,1.5885711278396233,-2.148650492653118,4.448792497017484,-0.17714225567925,2.224354890872872
-1.754218227992109,1.5868948414226078,-2.1519353732204904,4.448709781745744,-0.1737896828452192,2.224474713064954
-1.761551601215915,1.5866145423149514,-2.1530620657631614,4.448949426129908,-0.1732290846299064,2.224775724786978
-1.7741863214498557,1.5866492885839045,-2.153697621963681,4.449551449573956,-0.17329857716781258,2.2252345457751526
-1.7917681915183195,1.5869380302032345,-2.1539419152808432,4.450469091550305,-0.1738760604064728,2.2257967667444656
-1.8116515873170171,1.5865863668225262,-2.155189503539233,4.451593533488931,-0.17317273364505603,2.2253163788605423
-1.8293576680224808,1.5855611872927757,-2.1575257623257666,4.450632757721085,-0.17112237458555515,2.224870916473877
-1.8428433432286448,1.585299814558742,-2.1586321607805705,4.449741832947754,-0.17059962911748788,2.2253384161598357
-1.856317800013992,1.5853590200767567,-2.159247808289001,4.4506768323196715,-0.1707180401535173,2.225390090140135
-1.8721860143584852,1.584232996786851,-2.1617197850233825,4.45078018028027,-0.16846599357370562,2.2252420495990486
-1.8870993642801035,1.5832233464572067,-2.164029057497626,4.450484099198097,-0.1664466929144174,2.2250348177550943
-1.9062124901974893,1.5824684684620083,-2.1659603346560403,4.4500696355101885,-0.16493693692402037,2.225158798405177
-1.9301057413660843,1.582750738334671,-2.166231512339652,4.450317596810354,-0.16550147666934573,2.2257971900343474
-1.9565089108242608,1.5818226787432021,-2.168405706169023,4.451594380068695,-0.163645357486408,2.225858502306794
-1.9846242655127428,1.5813173282963942,-2.1699615349845116,4.451717004613588,-0.1626346565927918,2.2252172760669713
-2.021350871548697,1.5812835539442738,-2.1707623321408285,4.450434552133943,-0.16256710788855092,2.22446733725055
-2.060901509308623,1.5811981294230106,-2.1716305688223865,4.4489346745011,-0.16239625884602477,2.2246474892000796
-2.0987888445266334,1.5812090781196335,-2.1723057959924597,4.449294978400159,-0.16241815623927058,2.2249833663943517
-2.135381672945784,1.5798222108166438,-2.175218217708235,4.449966732788703,-0.15964442163329093,2.2257950480312783
-2.1679016015333366,1.5793357415161045,-2.1767375461887997,4.4515900960625565,-0.15867148303221226,2.2250032846668977
-2.210661409680372,1.5787480742390276,-2.1783864820477983,4.450006569333795,-0.1574961484780588,2.224845541392654
-2.254631456883909,1.579406424837494,-2.178075999707098,4.449691082785308,-0.15881284967499124,2.2245026249886437
-2.3030130004306058,1.5790639877893697,-2.179337170305954,4.449005249977287,-0.15812797557874278,2.224597395142907
-2.336530837671475,1.5786860240095542,-2.180664128687285,4.449194790285814,-0.15737204801911156,2.224643859436003
-2.369103943603829,1.578469836138395,-2.181724185568424,4.449287718872006,-0.15693967227679356,2.224588429163142
-2.403036620444564,1.5785258405447298,-2.1823528200375812,4.449176858326284,-0.15705168108946285,2.225550170179128
-2.439307336846969,1.578721809135723,-2.182756306524401,4.451100340358256,-0.15744361827144904,2.2254778979649728
-2.472540023849776,1.5789591426369085,-2.183128031308454,4.4509557959299455,-0.15791828527382004,2.225174506270655
-2.498469828647692,1.5785069544376955,-2.1845586917231516,4.45034901254131,-0.15701390887539418,2.2255979467396623
-2.518393058615872,1.5791326398828498,-2.1843235571526614,4.4511958934793245,-0.15826527976570262,2.22525898449775
-2.542196809150816,1.5791615412048305,-2.184993531724844,4.4505179689955,-0.15832308240966392,2.2251040165872826
-2.5535148772445266,1.5794418441597093,-2.1852589968464033,4.450208033174565,-0.1588836883194216,2.2252163188639513
-2.5588109254031566,1.5780090737435937,-2.188223851080622,4.450432637727903,-0.15601814748719037,2.224610782576469
-2.552621308411482,1.5782660478927002,-2.188549594997711,4.449221565152938,-0.15653209578540336,2.224498744275799
-2.5573950840753255,1.5779061280118867,-2.189823461791159,4.448997488551598,-0.1558122560237761,2.2247690021827813
-2.553069110636158,1.577108892645555,-2.1918085300824743,4.449538004365563,-0.1542177852911129,2.225276895717108
-2.5454322198867105,1.5774647839784215,-2.1919828962017123,4.450553791434216,-0.154929567956846,2.225590070159218
-2.543161746027046,1.578313186368243,-2.191370296977214,4.451180140318436,-0.156626372736489,2.2254439261151737
-2.5383676519889704,1.5785599081286847,-2.1916789827675904,4.450887852230347,-0.15711981625737273,2.226056754720786
-2.5250828750128127,1.5782807165370112,-2.192830970765891,4.452113509441572,-0.1565614330740257,2.226643122326453
-2.5016909594138745,1.5781184478078878,-2.1938324603802744,4.453286244652906,-0.15623689561577897,2.2267579692046677
-2.4767440047339644,1.5787949708978741,-2.1934916473268884,4.4535159384093355,-0.15758994179575145,2.2268860581571013
-2.451283729890873,1.5787953980905431,-2.194238196014426,4.453772116314203,-0.15759079618108962,2.2261114512275997
-2.423521353649769,1.5791297344329882,-2.19444895981711,4.452222902455199,-0.15825946886597977,2.22621941012388
-2.3946321725095983,1.5787817688461756,-2.1957349013458396,4.45243882024776,-0.1575635376923544,2.2261463097263285
-2.3600488361746015,1.5787082812130921,-2.1965550886766776,4.452292619452657,-0.15741656242618748,2.226642147607011
-2.3269680411798026,1.5777760200134525,-2.198736209999327,4.453284295214022,-0.1555520400269082,2.2261639270726885
-2.292643441019985,1.5776576825563438,-2.1996608518656835,4.452327854145377,-0.15531536511269087,2.2260745988651505
-2.266222892323271,1.5779745531473937,-2.1998975569336703,4.452149197730301,-0.15594910629479067,2.225587818533206
-2.2434284452467654,1.5778904397832918,-2.2007833907711656,4.451175637066412,-0.15578087956658682,2.225457150991537
-2.2162404908549345,1.577798847517198,-2.2016398711960923,4.450914301983074,-0.15559769503439944,2.226599265898955
-2.194144239149134,1.5768653791003722,-2.2038325612883254,4.45319853179791,-0.15373075820074766,2.226432831163172
-2.171367576683737,1.5766066722822967,-2.204959822801025,4.452865662326344,-0.1532133445645966,2.2262277611416503
-2.157060412691946,1.5763444415448418,-2.206134494107173,4.452455522283301,-0.15268888308968667,2.2256874528431596
-2.1388564921504796,1.5767546225602844,-2.206238197767985,4.451374905686319,-0.15350924512057215,2.2256785021580616
-2.1261200314926145,1.5765570677563112,-2.2072814029944463,4.451357004316123,-0.15311413551262582,2.2252829550199964
-2.1088008355210563,1.5760272133061253,-2.208818803976665,4.450565910039993,-0.1520544266122541,2.227396025640741
-2.08907561783153,1.575917165788554,-2.2097187474546427,4.454792051281482,-0.1518343315771114,2.2274989436536594
-2.075983727835833,1.5757935915671621,-2.2106068700210044,4.454997887307319,-0.15158718313432779,2.2287733743950273
-2.070083001390052,1.5761695033648309,-2.210771457696691,4.457546748790055,-0.15233900672966527,2.2285870121065843
-2.0684983246652298,1.5761316777269991,-2.2115363613171,4.4571740242131686,-0.15226335545400174,2.2285231569332082
-2.0635527127704028,1.57598357898853,-2.212503055198089,4.4570463138664165,-0.15196715797706323,2.22838060376036
-2.0587361057768905,1.5756882702942026,-2.2137256374897434,4.45676120752072,-0.15137654058840858,2.2285462977972044
-2.0593924363170397,1.5750884587059215,-2.2153985764874586,4.457092595594409,-0.15017691741184658,2.229039444590739
-2.061707933841272,1.575573388340809,-2.2153684239437035,4.458078889181478,-0.15114677668162144,2.2287087057019863
-2.0723781847283513,1.575535701359472,-2.21616576357359,4.457417411403973,-0.15107140271894734,2.228949491494628
-2.078091952542043,1.5758107905339618,-2.216472888092243,4.457898982989256,-0.15162158106792686,2.228575457810445
-2.0851697459949534,1.5757471965009144,-2.2173100745339367,4.45715091562089,-0.15149439300183207,2.2283639972344327
-2.0863461601609026,1.5754899755456755,-2.2184461416840215,4.456727994468865,-0.15097995109135415,2.227805451634581
-2.0872865082271383,1.5753571675059101,-2.2193635462304946,4.455610903269162,-0.1507143350118235,2.2299878658343517
-2.09206153874137,1.5754061481338568,-2.219991124031683,4.459975731668703,-0.150812296267717,2.231208547649666
-2.097967987566486,1.575894563051152,-2.219966204185693,4.462417095299332,-0.1517891261023073,2.2308019206262317
-2.1045937491137083,1.5754746131442423,-2.221380880188718,4.4616038412524635,-0.15094922628848778,2.230190003976269
-2.102135671656567,1.5749223777371348,-2.2230114166572146,4.460380007952538,-0.14984475547427298,2.2301570025567004
-2.1002530681937053,1.5749306746669978,-2.2237196181942904,4.460314005113401,-0.14986134933399906,2.230984562369838
-2.101315454271779,1.5748743112020718,-2.224504217065365,4.461969124739676,-0.1497486224041469,2.2311248315059777
-2.1046479053486893,1.5749044920894413,-2.2252012351284676,4.4622496630119555,-0.1498089841788859,2.2309612083749273
-2.10754992679926,1.5753445134857131,-2.225251901250773,4.461922416749855,-0.15068902697142966,2.2313962230668976
-2.108877237493374,1.5748288666523282,-2.2268220818104205,4.462792446133795,-0.14965773330465984,2.230879070903912
-2.1046416946935578,1.5753664327343713,-2.226709359600014,4.461758141807824,-0.15073286546874576,2.2312140121037154
-2.1048957252280505,1.5736348188200355,-2.2302164189032267,4.462428024207431,-0.14726963764007406,2.2298411938164278
-2.0981691659795576,1.5739349491234886,-2.2304848467979688,4.4596823876328555,-0.14786989824698016,2.2297310381104087
-2.103537444006058,1.5749209321984243,-2.2296802323446343,4.4594620762208175,-0.1498418643968516,2.2299383123291645
-2.1082169794644643,1.5752590854980908,-2.229861793975452,4.459876624658329,-0.15051817099618436,2.2305111059208484
-2.102950787737186,1.5748161924086685,-2.2312828743040627,4.461022211841697,-0.14963238481733973,2.2324146411916272
-2.0908764976558514,1.5741101953082186,-2.233119731887319,4.4648292823832545,-0.14822039061643985,2.2330467173115163
-2.082949834005808,1.5738463550571915,-2.2342368960030683,4.4660934346230325,-0.14769271011438584,2.234173381831143
-2.0792110785432465,1.574590004094872,-2.2338423310897118,4.468346763662286,-0.14918000818974667,2.2336890518714765
-2.080803799825385,1.5748916251618346,-2.234116836596985,4.467378103742953,-0.1497832503236718,2.2334876090591833
-2.0764182741178434,1.5748967528931677,-2.2348482272871775,4.466975218118367,-0.14979350578633802,2.2339018093429424
-2.0684095251093604,1.575086800459719,-2.235291285301056,4.467803618685885,-0.1501736009194406,2.234281516363912
-2.0602385834329198,1.5756199493030014,-2.2351585758972634,4.468563032727824,-0.15123989860600542,2.2364594004003617
-2.0523159915519793,1.5749012718767257,-2.2370092385462006,4.4729188008007235,-0.14980254375345403,2.2367530364242176
-2.0409973376224677,1.5744516300991767,-2.2384608064641816,4.473506072848435,-0.14890326019835606,2.237619988536294
-2.03177321279222,1.574891347864689,-2.2384807615326427,4.475239977072588,-0.14978269572938094,2.238043216008515
-2.024598252047075,1.5745041466783434,-2.2398436767145538,4.47608643201703,-0.14900829335668964,2.2381379761403686
-2.0130427429445223,1.5734988537677188,-2.242188671498794,4.476275952280737,-0.14699770753544042,2.2378182161377644
-2.001662428934935,1.5735797308012618,-2.242807823879201,4.475636432275529,-0.14715946160252658,2.2375029528912465
-1.9978769026177958,1.5737619066923958,-2.2433141921151614,4.475005905782493,-0.14752381338479467,2.2370778081676277
-1.9966442599159915,1.5734615182960177,-2.244520582022244,4.474155616335255,-0.14692303659203843,2.2374711761567365
-1.991177070548595,1.5733062977892585,-2.2454706873100827,4.474942352313473,-0.14661259557851988,2.2398891536657604
-1.9909265213198075,1.5733139250276575,-2.2462065014727437,4.479778307331521,-0.1466278500553182,2.2403918478634917
-1.9851590570419038,1.5729947940853575,-2.247455505151772,4.480783695726983,-0.14598958817071805,2.240244227021014
-1.980423282674217,1.5737584480923195,-2.247010716719146,4.480488454042028,-0.14751689618464217,2.240487860950033
-1.9869506895971836,1.5729070351274976,-2.2490952137446967,4.480975721900066,-0.14581407025499848,2.2415797895226937
-1.9868837330379105,1.5735593560143886,-2.2488367550968613,4.483159579045387,-0.14711871202878016,2.2412801711715167
-1.9926714910156664,1.57351869541227,-2.2496187031780392,4.482560342343033,-0.14703739082454315,2.242282193638403
-1.989990479441139,1.5740906443990474,-2.2494488099181056,4.484564387276806,-0.14818128879809817,2.24244249762233
-1.9880491645347673,1.5741862485504412,-2.250104456838704,4.48488499524466,-0.1483724971008858,2.24156364963548
-1.9862952552801447,1.5743666767936706,-2.2505504114807393,4.48312729927096,-0.14873335358734477,2.241763508948674
-1.9862248797686022,1.574501844596945,-2.251089407211012,4.483527017897348,-0.14900368919389367,2.2417310797123218
-1.9853471796002489,1.5747101143030857,-2.2514928974569393,4.4834621594246435,-0.14942022860617515,2.2421056878397114
-1.9852043177230176,1.5754779128133625,-2.251031745009402,4.484211375679423,-0.15095582562672852,2.2430212996799326
-1.9886467780988166,1.5752245903279847,-2.2521791841985914,4.486042599359865,-0.150449180655973,2.2427083971439457
-1.981711776443591,1.5749210314128885,-2.253394125257397,4.485416794287891,-0.14984206282578086,2.2432556776053074
-1.9739174072690098,1.5753822730617384,-2.253428139804343,4.486511355210615,-0.15076454612348053,2.243303150742145
-1.9720925543891976,1.5753398439380184,-2.2542432794388483,4.48660630148429,-0.15067968787604047,2.243085544020615
-1.9647306507211086,1.575314476899797,-2.2550310560891433,4.48617108804123,-0.15062895379959795,2.2429681132215573
-1.9533892591134143,1.574131112665745,-2.2576426269450445,4.485936226443115,-0.1482622253314937,2.242035354679948
-1.9397097757505761,1.57447170033898,-2.25785282461646,4.484070709359896,-0.1489434006779639,2.242113160860814
-1.9360066578458288,1.5734597220656577,-2.2602243862505236,4.484226321721628,-0.14691944413131894,2.2414620477749425
-1.9256900639044932,1.5733420512642498,-2.2611692508203003,4.482924095549885,-0.14668410252850334,2.2411225360861273
-1.9214227973453644,1.5739479330927213,-2.2609819689354436,4.482245072172255,-0.14789586618544628,2.2410667955709114
-1.9197868126878799,1.573224000486429,-2.2628393064620056,4.482133591141823,-0.14644800097286179,2.242097370675181
-1.9099684700468813,1.5731480387658736,-2.263691567183971,4.484194741350362,-0.14629607753175083,2.2422493710866025
-1.9097598105956426,1.5739546395251627,-2.263175784454393,4.484498742173205,-0.14790927905032908,2.242078521837605
-1.9086505598404475,1.5746783640300135,-2.2628233700770823,4.48415704367521,-0.1493567280600308,2.2414764551953263
-1.9063622550523907,1.5744874885189961,-2.263870798301732,4.482952910390653,-0.14897497703799595,2.241660138968613
-1.8974874342573183,1.574699320457662,-2.2643021032015596,4.483320277937226,-0.14939864091532795,2.2411650000113563
-1.8939798992947936,1.574597769954842,-2.2652181088936825,4.482330000022713,-0.1491955399096876,2.2414061559569123
-1.8892811349251466,1.574831145505995,-2.2655825815944004,4.482812311913825,-0.14966229101199377,2.241917404497422
-1.88711220600243,1.5744413514846722,-2.266980119531239,4.483834808994844,-0.14888270296934827,2.2410593584325404
-1.8830000419241948,1.5750123757170533,-2.2668236706048313,4.482118716865081,-0.15002475143411023,2.240583467740021
-1.8845230325426485,1.5752135385072465,-2.267256433524085,4.481166935480042,-0.15042707701449684,2.240578515839552
-1.8867368670286746,1.574823259299466,-2.26863545395333,4.481157031679104,-0.14964651859893563,2.2404799196602987
-1.8854275763868558,1.5742444406701155,-2.270258622829593,4.480959839320597,-0.14848888134023472,2.241529889206283
-1.88429333107029,1.5749448142623022,-2.269900889889218,4.483059778412566,-0.14988962852460788,2.2413501921771077
-1.8917745059474267,1.5760555828486005,-2.2689134849571313,4.4827003843542155,-0.15211116569720473,2.241587144599223
-1.8962126877804046,1.5759447078158542,-2.269820503721568,4.483174289198446,-0.1518894156317119,2.241483004012546
-1.889800747618502,1.5755663589627382,-2.2711705312709722,4.482966008025092,-0.15113271792548008,2.24161811305713
-1.8784076837983534,1.5750205600998397,-2.272745242608886,4.48323622611426,-0.150041120199683,2.2420558768315844
-1.8703035564102999,1.5748941156637273,-2.273662486009603,4.484111753663169,-0.14978823132745797,2.242072241236114
-1.8615769198820133,1.5745647633930955,-2.274920977348228,4.484144482472228,-0.14912952678619448,2.2429439941502443
-1.852480032894272,1.5752844998098037,-2.2745592620762687,4.4858879883004885,-0.150568999619611,2.2428510081265767
-1.8511520150167904,1.575315276635623,-2.275288113162958,4.485702016253153,-0.15063055327125005,2.2422036163698755
-1.8408299111927904,1.575225339983857,-2.276142242756304,4.484407232739751,-0.15045067996771777,2.2440305324640772
-1.8298865055169828,1.5757766801619946,-2.276016705903833,4.4880610649281545,-0.15155336032399305,2.24375183692327
-1.8259995511657854,1.5751830617614675,-2.2776291540931313,4.48750367384654,-0.150366123522939,2.2453693401453294
-1.8205912883290973,1.5757508491734635,-2.2774864616623542,4.490738680290659,-0.1515016983469312,2.245148592034633
-1.8200261571306913,1.5761754070389495,-2.277541278555704,4.490297184069266,-0.15235081407790313,2.245437705888934
-1.8172415248021452,1.575991778594937,-2.2785732560341994,4.490875411777868,-0.15198355718987847,2.245479785454087
-1.810297386639546,1.5748897641772404,-2.281045964801549,4.490959570908174,-0.14977952835448516,2.2456421084939553
-1.8032311657068067,1.5748688733533596,-2.2818470500177988,4.491284216987911,-0.1497377467067238,2.245513611205887
-1.8018954265786669,1.5750634628889393,-2.282308252802047,4.491027222411774,-0.15012692577788342,2.2455413889982587
-1.8045902527454687,1.5752077501663408,-2.282835354543234,4.4910827779965174,-0.15041550033268636,2.2463077458034246
-1.8074240362259566,1.5753722489016317,-2.283300080166585,4.492615491606849,-0.15074449780326823,2.2469606642505235
-1.8080452620588268,1.5759356684097232,-2.2831707869828053,4.493921328501047,-0.15187133681945136,2.24688634150137
-1.806456125019175,1.5760696610644462,-2.283699667103886,4.49377268300274,-0.15213932212889722,2.2476542678714653
-1.8048965380992756,1.5766863771956972,-2.283492137414292,4.4953085357429305,-0.15337275439139922,2.2473331527434737
-1.811776069227162,1.576086781293726,-2.285182490700886,4.494666305486947,-0.152173562587457,2.2480159400551516
-1.8117848909592713,1.5760444413993286,-2.2859734991409093,4.496031880110303,-0.15208888279866242,2.248843583293714
-1.8143707658013093,1.576195201508585,-2.286496930412215,4.497687166587428,-0.1523904030171752,2.248904812595062
-1.8153514480040107,1.5763410926018497,-2.286989902050199,4.497809625190124,-0.1526821852037046,2.249114261398538
-1.815137667092882,1.575611486944889,-2.288968669022714,4.498228522797076,-0.1512229738897832,2.2485198701487477
-1.810423229007074,1.5758756232575104,-2.289298556474544,4.497039740297495,-0.15175124651502606,2.2488902067228675
-1.8158044966174276,1.5754638937865768,-2.290697018045441,4.497780413445735,-0.15092778757315867,2.2497090654966416
-1.818347903345753,1.5761986598043014,-2.2903006248919415,4.499418130993283,-0.15239731960860778,2.2497247662836592
-1.8253533462431488,1.5770137983000485,-2.2897827780159203,4.4994495325673185,-0.154027596600102,2.249081275327663
-1.8313779238763812,1.5774125189225672,-2.2899099468774056,4.498162550655326,-0.15482503784513918,2.2489192595700707
-1.8288076001061604,1.5772435385426187,-2.2909285622166875,4.497838519140141,-0.15448707708524217,2.249000197651515
-1.8257829607975604,1.5777584790837698,-2.2908714781577735,4.49800039530303,-0.15551695816754424,2.2488064784065465
-1.8275714638278377,1.5777767849259399,-2.2916042126864187,4.497612956813093,-0.15555356985188445,2.2486868742063937
-1.8243543918522516,1.5785289397484983,-2.291176453176373,4.497373748412787,-0.1570578794970012,2.24836030796997
-1.8182943128000153,1.5794375311578444,-2.2904906325485106,4.49672061593994,-0.15887506231569318,2.247900535459453
-1.8080730449429807,1.5799274054046761,-2.290459674345842,4.495801070918906,-0.15985481080935657,2.2480372904539903
-1.7920821137780325,1.5807592953450864,-2.2899023742132076,4.4960745809079805,-0.16151859069017713,2.247363279246804
-1.7750397752156106,1.5787042336147252,-2.293891834235321,4.494726558493608,-0.1574084672294547,2.2453569466569427
-1.7464675776314527,1.5790558617072352,-2.2940608545623276,4.4907138933138855,-0.15811172341447474,2.245346242825454
-1.7349705867954728,1.5795235084420896,-2.294058093182828,4.490692485650908,-0.15904701688418335,2.2460356855284096
-1.722747819063769,1.5786387896053098,-2.2961825600082246,4.492071371056819,-0.15727757921062396,2.2461154192796995
-1.7081347306229109,1.5773096044033927,-2.29901294178911,4.492230838559399,-0.15461920880678978,2.2462917055939964
-1.6936830920450254,1.5773314905237363,-2.2997364399702733,4.492583411187993,-0.15466298104747694,2.2458368499796384
-1.687998506091688,1.5777151030729708,-2.2999012976194377,4.491673699959277,-0.15543020614594594,2.2456618042676975
-1.6841496383518024,1.5773825511827544,-2.3012003516148924,4.491323608535395,-0.15476510236551316,2.2457919801689945
-1.6774821205314494,1.5765533848099629,-2.3032614613749676,4.491583960337989,-0.15310676961993003,2.246117646336573
-1.6682564052616928,1.5766924837221212,-2.303784602797382,4.492235292673146,-0.15338496744424665,2.2462587198651027
-1.6666335821560534,1.5771737218999322,-2.3037930712726893,4.4925174397302055,-0.15434744379986884,2.2464299869746607
-1.663710953605033,1.5773428158908185,-2.304271928158799,4.492859973949321,-0.15468563178164146,2.246548535918813
-1.6619829239403934,1.5776609293317645,-2.304532255611941,4.493097071837626,-0.15532185866353357,2.2464383177185185
-1.6649159059456518,1.5766907993433283,-2.3067938943255974,4.492876635437037,-0.15338159868666107,2.2469766006440697
-1.6654132115256337,1.5763567891439805,-2.3080527594794447,4.493953201288139,-0.1527135782879654,2.2471771982414532
-1.671153625089143,1.5756817224065989,-2.3098857407240354,4.4943543964829065,-0.15136344481320224,2.2471916384078656
-1.6806344275550922,1.5756116746088005,-2.310750590747492,4.494383276815731,-0.15122334921760566,2.246671231981425
-1.6950943917633257,1.5757976586389928,-2.311207769160328,4.49334246396285,-0.15159531727799028,2.246534383507275
-1.7153121331545753,1.5765382651995279,-2.3108206732941476,4.49306876701455,-0.1530765303990603,2.2462457190777756
-1.7420154481500219,1.5768160652382506,-2.311126233705821,4.492491438155551,-0.15363213047650576,2.246335962752778
-1.7663334217586042,1.5761818291557317,-2.312882890078311,4.492671925505556,-0.15236365831146795,2.247748641965758
-1.7921728843598492,1.5767093605825233,-2.3128149904476167,4.495497283931516,-0.1534187211650514,2.247342429841538
-1.816205187435964,1.5771179929645764,-2.3129328396981776,4.494684859683076,-0.15423598592915755,2.24700337125777
-1.838918896353668,1.5769218556530593,-2.3139809019035993,4.49400674251554,-0.15384371130612337,2.24729159091513
-1.860391147901198,1.5772877114869834,-2.314180521353071,4.49458318183026,-0.15457542297397148,2.247054261713429
-1.8801906669090351,1.5769751081595353,-2.31540499882166,4.494108523426858,-0.15395021631907535,2.2483361687758077
-1.890532081394315,1.5776009090219336,-2.315190506012098,4.496672337551615,-0.155201818043872,2.2484275577842037
-1.9043914317733037,1.577199230121747,-2.316572038369068,4.496855115568407,-0.15439846024349888,2.2489194806589334
-1.913640808997955,1.5777082339221076,-2.3165151769238004,4.497838961317867,-0.15541646784422017,2.2502508239166166
-1.9250116804108017,1.5775688111457673,-2.317509513173464,4.500501647833233,-0.1551376222915395,2.2514547418594217
-1.92761057235438,1.5783544426895508,-2.3170297753422315,4.5029094837188435,-0.1567088853791064,2.2512597198172024
-1.9333536105522726,1.5778683443289387,-2.3185542051960297,4.502519439634405,-0.15573668865788237,2.2516882351161716
-1.9330845700984756,1.5783679981666705,-2.3185693205166302,4.503376470232343,-0.15673599633334606,2.250896948033682
-1.9377500291392395,1.5777118366058538,-2.3203487076054254,4.501793896067364,-0.1554236732117126,2.2511158495941577
-1.9377364282134715,1.577461020138976,-2.3214660859446927,4.502231699188315,-0.15492204027795714,2.252107082116821
-1.9368460402834426,1.5778897299057164,-2.3215542366047894,4.504214164233642,-0.15577945981143781,2.2523744057516315
-1.936591032255097,1.5782102535150313,-2.3218154558694977,4.504748811503263,-0.1564205070300676,2.252230799109948
-1.9299976140349704,1.5781131366329246,-2.3227318835550945,4.504461598219896,-0.15622627326585414,2.252887643091234
-1.9196327710513876,1.5778365931986165,-2.3239212525292348,4.505775286182468,-0.15567318639723793,2.2523377048754942
-1.9096638537321184,1.5777327568489434,-2.324847492507107,4.5046754097509885,-0.15546551369789186,2.252129997013132
-1.9053379003559996,1.577672617461051,-2.3256776491825004,4.504259994026264,-0.1553452349221067,2.2524133032020304
-1.9027044567763958,1.576804397374364,-2.327788841290895,4.504826606404061,-0.15360879474873282,2.2535610668735084
-1.8950768868038594,1.577782506236603,-2.327034798272715,4.507122133747017,-0.15556501247321106,2.252723111408124
-1.8986099578633813,1.578523844323287,-2.3266371218601924,4.505446222816248,-0.1570476886465789,2.2525805017669107
-1.897263430950805,1.5789041195898312,-2.3268030565590077,4.505161003533821,-0.1578082391796676,2.252672983090758
-1.8895252981426214,1.5793555405758286,-2.3268341430552635,4.505345966181516,-0.15871108115166233,2.2527066340522195
-1.881830805194209,1.5783622573926028,-2.3291365720154484,4.505413268104439,-0.15672451478521063,2.25177069014059
-1.8664839056717362,1.5776597535807446,-2.331003624241023,4.50354138028118,-0.15531950716149442,2.2524270426555515
-1.8596972514138557,1.578039008255503,-2.331175809463629,4.504854085311103,-0.15607801651101086,2.252333858227515
-1.8570326911589499,1.5783010867410925,-2.3315397192907232,4.50466771645503,-0.1566021734821901,2.2516680849126387
-1.8549837686943327,1.5781005919882594,-2.3326261363198557,4.503336169825277,-0.156201183976524,2.2510577082639798
-1.8498885274933423,1.577944929183845,-2.3336620763362017,4.5021154165279595,-0.1558898583676952,2.2509209189666604
-1.8507096992538723,1.5785870842228376,-2.3334397732306753,4.501841837933321,-0.15717416844568013,2.250442264145501
-1.8523223428751068,1.578164756352257,-2.334853358430063,4.500884528291002,-0.15632951270451914,2.251130840319246
-1.8505223316555175,1.578490232251363,-2.3350822462405345,4.502261680638492,-0.15698046450273118,2.252193126785933
-1.8498794601175717,1.5775703104664,-2.337341515329153,4.504386253571866,-0.15514062093280515,2.2508344346800544
-1.843275537913189,1.5775975678088916,-2.338048739571853,4.501668869360109,-0.15519513561778828,2.252607420536424
-1.8456329753931773,1.5775961836441728,-2.33881800198209,4.505214841072848,-0.15519236728835048,2.252330491629985
-1.8496821940601758,1.5768838325562895,-2.340693736135876,4.50466098325997,-0.15376766511258405,2.252632047112723
-1.8516674852554773,1.5770862663216356,-2.341160084617761,4.505264094225446,-0.15417253264327632,2.2524152513736535
-1.8579977781896149,1.5776500446654853,-2.341036271005702,4.504830502747307,-0.15530008933097564,2.252720519355694
-1.8638983207396564,1.5771010458799783,-2.34265937064112,4.505441038711388,-0.1542020917599616,2.2534788468809026
-1.8636272500711826,1.57728701699977,-2.343139123838255,4.506957693761805,-0.15457403399954492,2.2533273060990013
-1.8640425909695104,1.5769306329398751,-2.344469096995108,4.506654612198003,-0.15386126587975532,2.2536257093955645
-1.8684912291554845,1.5772748877082734,-2.3446909520281842,4.507251418791129,-0.1545497754165518,2.253391316718978
-1.8808966227634027,1.5772446002407303,-2.3454870722732744,4.506782633437956,-0.15448920048146567,2.25336408749827
-1.8926905196296753,1.5768231429169044,-2.3469050683664907,4.50672817499654,-0.1536462858338137,2.25372067862298
-1.906171041635978,1.5769938485035242,-2.347390262584713,4.50744135724596,-0.15398769700705342,2.2533222406159723
-1.9188755158804742,1.5775357658242757,-2.3472832519563327,4.506644481231945,-0.15507153164855628,2.2530667251076073
-1.9284567769876562,1.578211092878167,-2.34696858794662,4.506133450215215,-0.15642218575633865,2.2529710925187683
-1.9372677277090267,1.5783444991371547,-2.347515773326649,4.5059421850375365,-0.15668899827431412,2.2525147994592194
-1.9419579422277273,1.5777086523528856,-2.3492702008596917,4.505029598918439,-0.1554173047057761,2.253080927846465
-1.9428163730522237,1.5785438601537138,-2.3487034101922464,4.50616185569293,-0.15708772030743254,2.2529735494367435
-1.9493648291031844,1.5777318072626743,-2.350774563537672,4.505947098873487,-0.15546361452535354,2.252373892323328
-1.9500046363498516,1.5780079749007088,-2.3511079733445284,4.504747784646656,-0.15601594980142244,2.2522008172416985
-1.9548588345085467,1.5774744477636184,-2.352688707587317,4.504401634483397,-0.15494889552724161,2.2516644590751342
-1.9577067960473322,1.5776244933797787,-2.3532281058380455,4.5033289181502685,-0.1552489867595622,2.251794326059432
-1.9604422270189927,1.5783717550768448,-2.352852707407051,4.503588652118864,-0.1567435101536944,2.251418249396722
-1.9637710054874185,1.578498379688722,-2.3534192885198126,4.502836498793444,-0.15699675937744884,2.251325307858193
-1.960766127712143,1.5789014799580303,-2.353531249353592,4.502650615716386,-0.1578029599160655,2.25156000402742
-1.9543373948174514,1.5792996409435176,-2.353674230066523,4.50312000805484,-0.15859928188704003,2.2513760863676335
-1.9464515911215878,1.5790585183527064,-2.35483535111012,4.502752172735267,-0.15811703670541777,2.251057265848001
-1.93769302823714,1.5794103068137066,-2.3550555901441714,4.502114531696002,-0.1588206136274182,2.250619615729428
-1.9288936590405124,1.5782690651322497,-2.3576045726379355,4.501239231458856,-0.15653813026450447,2.250885704236232
-1.915155945617648,1.5782873592620956,-2.358313311609174,4.501771408472464,-0.15657471852419622,2.251121405689972
-1.9074100329704953,1.579173008642754,-2.3576954708224656,4.502242811379944,-0.15834601728551295,2.251180882244679
-1.9034766700601358,1.5794970131867614,-2.357980828696248,4.502361764489358,-0.1589940263735279,2.2507628571989606
-1.8923543572625037,1.5798239947565134,-2.3582235568968284,4.501525714397921,-0.15964798951303205,2.250677081313453
-1.87758900134682,1.5796160512313182,-2.359322476928487,4.501354162626906,-0.15923210246264166,2.2524915372668937
-1.860620514706816,1.580298249517968,-2.35901446564818,4.504983074533787,-0.1605964990359412,2.25279726537692
-1.8500494285330409,1.5792108133261118,-2.3615219704388237,4.50559453075384,-0.15842162665222861,2.2517884790634213
-1.8350153118211183,1.5791958541745164,-2.3623136312726274,4.5035769581268426,-0.15839170834903757,2.2519270132702296
-1.8282263931767,1.5795244433194433,-2.362561705551247,4.503854026540459,-0.15904888663889163,2.252103070188506
-1.81983028760439,1.5795924357923656,-2.3632147313739122,4.504206140377012,-0.15918487158473632,2.2518435086055475
-1.8143501647572111,1.5790485615427103,-2.364865947027152,4.503687017211095,-0.15809712308542553,2.250922332862007
-1.8037157219083602,1.5792005192422691,-2.3653972584722758,4.501844665724014,-0.15840103848454298,2.2512287995108524
-1.7990789945971277,1.5794371949174368,-2.365777591686528,4.502457599021705,-0.15887438983487862,2.2517945742400443
-1.791882266296875,1.5796427998456155,-2.3662140420731745,4.5035891484800885,-0.159285599691236,2.25197562050847
-1.7845203373902134,1.5801009625248796,-2.3662590627195983,4.50395124101694,-0.16020192504976447,2.2522221304323424
-1.7814961986704883,1.5808952762382573,-2.365799463748342,4.504444260864685,-0.16179055247651966,2.251626221869417
-1.7779187634428661,1.5814102041272495,-2.3657750515264566,4.503252443738834,-0.16282040825450422,2.2509440963519487
-1.7715082969174054,1.5813718467765787,-2.3666190038716253,4.501888192703897,-0.1627436935531626,2.25016384327252
-1.7634000578928257,1.5814850266695586,-2.367195263793552,4.50032768654504,-0.16297005333912254,2.249977841365152
-1.755186252320444,1.5814247408221516,-2.3680598302614584,4.499955682730304,-0.1628494816443083,2.249882278495721
-1.748187502642163,1.5808463162005042,-2.3696612423191707,4.499764556991442,-0.16169263240101345,2.251546599395802
-1.7359386079369337,1.5816987786110788,-2.3690866256238956,4.503093198791604,-0.16339755722216254,2.251264953817571
-1.730322094366996,1.5825169826043626,-2.3685663167385833,4.502529907635142,-0.1650339652087302,2.250888436614084
-1.7252753625604156,1.5823075150327686,-2.3696097808187835,4.501776873228168,-0.1646150300655423,2.252136225337301
-1.7148927246940056,1.5822440430961016,-2.3704383040668007,4.504272450674602,-0.1644880861922082,2.254098608584186
-1.7079100564080911,1.5828396092360282,-2.3702831158985465,4.508197217168372,-0.1656792184720615,2.253524070211677
-1.702289610962962,1.5820770343213488,-2.372263713419113,4.507048140423354,-0.16415406864270274,2.2520724052789673
-1.6940964903093927,1.582532087309911,-2.372269471878227,4.504144810557935,-0.16506417461982675,2.2519149540764847
-1.6882353816881852,1.583108757039252,-2.3721199803477386,4.503829908152969,-0.16621751407850877,2.251771053329436
-1.680511643830608,1.582941579957513,-2.373111486264282,4.503542106658872,-0.16588315991503105,2.252396206963848
-1.6697741403167852,1.5838625403046354,-2.372439568651634,4.504792413927696,-0.16772508060927568,2.2517722808615637
-1.6632103973510126,1.5847318408692121,-2.3718617538718756,4.503544561723127,-0.1694636817384293,2.2509133404522323
-1.648911531070032,1.5853801964887542,-2.371598147547857,4.501826680904465,-0.1707603929775134,2.2506384622211737
-1.6300349625122663,1.58568676334471,-2.371842042226595,4.501276924442347,-0.17137352668942502,2.25066266026505
-1.6083181253801873,1.5860663876056622,-2.371982705694109,4.5013253205301,-0.17213277521132955,2.2509783204578007
-1.5866756139675313,1.5861464678514323,-2.3726207212770833,4.501956640915601,-0.1722929357028698,2.2510406396910376
-1.5651271312879966,1.5862725021285782,-2.37318960921113,4.502081279382075,-0.17254500425716163,2.251442972522504
-1.5482788952006004,1.5862417700674667,-2.3739684612031686,4.502885945045008,-0.17248354013493875,2.2512902276300273
-1.5336430724372911,1.5866332067388194,-2.374110606388968,4.502580455260055,-0.173266413477644,2.2511616909352865
-1.520563912217773,1.5871582073607589,-2.3740707501454046,4.502323381870573,-0.17431641472152296,2.2511183275715028
-1.5069171877526295,1.5857236447465233,-2.377114089589466,4.5022366551430055,-0.17144728949305174,2.249336207825878
-1.4858027664111118,1.5849930379834725,-2.3790323123697865,4.498672415651756,-0.16998607596695023,2.2486734916302704
-1.4701097650709347,1.585741136784372,-2.378623863047327,4.497346983260541,-0.17148227356874896,2.248207870375942
-1.4666048100028855,1.586117248084036,-2.37879842047512,4.496415740751884,-0.1722344961680773,2.2481207934196483
-1.4632109596418272,1.5860843401848526,-2.3796374362474713,4.496241586839297,-0.1721686803697103,2.247668547097465
-1.4565490281403626,1.5866594102416043,-2.379484594665602,4.49533709419493,-0.17331882048321362,2.2488246818154263
-1.4519172461709156,1.5870757934987751,-2.3796145500554875,4.4976493636308525,-0.17415158699755526,2.24807510704029
-1.4475129131054851,1.5877639834995987,-2.3792883610036166,4.49615021408058,-0.1755279669992024,2.2475387175625587
-1.4392395487732583,1.5883080096542967,-2.379167807553186,4.4950774351251175,-0.17661601930859847,2.246992694341939
-1.4297639464688,1.588556838951467,-2.3795158110075656,4.493985388683878,-0.1771136779029389,2.2469284349694774
-1.42026072361652,1.5891198002156683,-2.379355012730077,4.493856869938955,-0.1782396004313413,2.247955911513961
-1.4102238781565781,1.5885564464234427,-2.380983470968824,4.495911823027922,-0.17711289284688997,2.2478154273599413
-1.4002106269515386,1.5887467605223207,-2.381416507502716,4.495630854719883,-0.17749352104464594,2.247963629701267
-1.3999174818829596,1.5883401189440978,-2.382767305716614,4.495927259402534,-0.17668023788820011,2.2479470062604543
-1.4011636389782516,1.5880967919838382,-2.3839057648368636,4.495894012520909,-0.17619358396768095,2.247652703259394
-1.4065041971848093,1.5889119760102166,-2.3833793894513677,4.495305406518788,-0.17782395202043788,2.247696917541061
-1.4179709341013313,1.5893707470748182,-2.383423174020041,4.495393835082122,-0.17874149414964116,2.247148398519298
-1.4247747097386636,1.5893511315471107,-2.3841982574056697,4.494296797038596,-0.17870226309422607,2.24696546000804
-1.4289849329323494,1.5899298276082574,-2.3840103942401627,4.49393092001608,-0.1798596552165196,2.2470496814830216
-1.434974871992017,1.590019552703689,-2.3846183604136124,4.494099362966043,-0.180039105407383,2.2466722076166343
-1.438830535964925,1.5904629483129795,-2.3846816681786644,4.493344415233269,-0.18092589662596384,2.246012669838485
-1.4460286388939545,1.5904751639497041,-2.3854222428507192,4.49202533967697,-0.18095032789941323,2.2454969273845484
-1.4446307715224451,1.5912805629862403,-2.384915750983597,4.490993854769097,-0.18256112597248586,2.244888392266926
-1.4422861482235183,1.5907787454509696,-2.386446243830477,4.489776784533852,-0.18155749090194467,2.2441108303013992
-1.436178497758903,1.591051211391617,-2.3867627401152505,4.4882216606027985,-0.18210242278323946,2.2447229699502187
-1.4360304264091706,1.5915737442405868,-2.3866996238871248,4.489445939900437,-0.18314748848117915,2.244528920161468
-1.4350620515650907,1.5918247232141025,-2.3870442088227986,4.489057840322936,-0.1836494464282105,2.244100600130523
-1.4337099034319267,1.5917699180874592,-2.3878686745309663,4.488201200261046,-0.18353983617492373,2.2440358644174103
-1.4324216237305274,1.5923598690794092,-2.3876710705068174,4.488071728834821,-0.18471973815882395,2.2440903857886574
-1.4367126519454392,1.5914537382788025,-2.3898428412456716,4.488180771577315,-0.18290747655761053,2.2433520394674007
-1.436827168461725,1.5910758125654445,-2.3911421314960197,4.486704078934801,-0.18215162513089453,2.244043188292607
-1.4431080227689341,1.591334254468944,-2.3914632134213125,4.488086376585214,-0.18266850893789346,2.243855344442955
-1.4554986697162962,1.591801836797676,-2.3914695855891646,4.48771068888591,-0.18360367359535765,2.243529519282965
-1.4647136283713256,1.5924806606397337,-2.3911377045438047,4.48705903856593,-0.1849613212794727,2.243837367340295
-1.4728475203141702,1.5923844450294142,-2.392029221722519,4.48767473468059,-0.18476889005883385,2.243304237971994
-1.4733664286914898,1.5934222908798614,-2.391146906526535,4.486608475943988,-0.18684458175972835,2.2427409990904135
-1.47592912762756,1.5937408986313772,-2.3913711077089728,4.485481998180827,-0.18748179726276015,2.242468888647224
-1.4745853881550621,1.5944215624245213,-2.3910645611806807,4.484937777294448,-0.18884312484904833,2.242022153037878
-1.474696264445729,1.595221220696539,-2.390570993492764,4.484044306075756,-0.1904424413930841,2.2413548891549975
-1.4711585809667882,1.5939932304934992,-2.3932355089949895,4.482709778309995,-0.18798646098700447,2.2400424712427855
-1.460789856802815,1.5947398382376479,-2.3927902383006625,4.480084942485571,-0.18947967647530176,2.239378720230409
-1.4605417027945555,1.5951469750725522,-2.3928885376462623,4.478757440460818,-0.19029395014511044,2.239072831235293
-1.457418413416597,1.5950950881126371,-2.3936930635870133,4.478145662470586,-0.19019017622528034,2.239414907462512
-1.4510542834526003,1.5961088550173521,-2.392844742421652,4.478829814925024,-0.19221771003471014,2.2388386680902097
-1.452074664167612,1.5949935720753474,-2.3953241002956847,4.477677336180419,-0.1899871441507008,2.2384596528240737
-1.4392186056806582,1.5955721436309744,-2.395168325160586,4.476919305648147,-0.19114428726195462,2.2377256596166557
-1.4362857083744784,1.5961365074888474,-2.3950174561640805,4.475451319233311,-0.19227301497770066,2.2372838191290105
-1.4329334778514893,1.5966576556723797,-2.3949236063418557,4.474567638258021,-0.19331531134476537,2.236925492025379
-1.427697846008862,1.5960643023482868,-2.3965914922244447,4.473850984050758,-0.1921286046965793,2.236848699369576
-1.4166146007833975,1.596127030760251,-2.397242764123212,4.473697398739152,-0.19225406152050778,2.2367366762151195
-1.4127095748404181,1.596385931750217,-2.3975780969614373,4.473473352430239,-0.19277186350043962,2.2364927846111557
-1.4054258771859158,1.5967607316118877,-2.397726213704759,4.4729855692223115,-0.19352146322378105,2.2364593788288416
-1.395605382813025,1.5960104577713587,-2.39963301980254,4.472918757657683,-0.19202091554272321,2.235280854912865
-1.3823394753068223,1.5960958443413336,-2.4002233089911624,4.47056170982573,-0.1921916886826726,2.234865966653078
-1.376697020483754,1.5972491152665573,-2.399159271349582,4.469731933306156,-0.1944982305331203,2.234075087239932
-1.3771272536387107,1.5978714203280027,-2.398903263782665,4.468150174479864,-0.19574284065601086,2.234058935160603
-1.3683912164542322,1.5988770754572532,-2.398053970443834,4.468117870321206,-0.19775415091451193,2.2341054468816983
-1.3638691083929255,1.5996113278392572,-2.3976246653915965,4.468210893763397,-0.19922265567851993,2.233675743186789
-1.354334277070299,1.599738184270762,-2.3981502219459445,4.467351486373578,-0.19947636854152972,2.233350086429688
-1.3430887928406139,1.5995318520197581,-2.399151079764996,4.466700172859376,-0.1990637040395217,2.234130155754842
-1.33507985829613,1.5991779773722337,-2.400438849550818,4.468260311509684,-0.19835595474447265,2.2350466562518103
-1.3231757844381968,1.5997404418524224,-2.4002929372679325,4.470093312503621,-0.1994808837048501,2.2349021215080414
-1.3193796892721483,1.6006273711674541,-2.399658686696202,4.469804243016083,-0.20125474233491347,2.2342165043962137
-1.3158026310136293,1.601319139033848,-2.3992849728393595,4.468433008792427,-0.20263827806770118,2.2352533348216057
-1.3068031502351005,1.60153766823628,-2.3996895451320315,4.470506669643211,-0.2030753364725654,2.2344023467837655
-1.2992107691145356,1.601422892232676,-2.4006118370585394,4.468804693567531,-0.2028457844653573,2.2341081712530912
-1.2858443135809505,1.6016235460461286,-2.4010390688199363,4.4682163425061825,-0.2032470920922622,2.233806969562445
-1.2770129587653865,1.601729548349893,-2.401586218050381,4.46761393912489,-0.203459096699791,2.233265883847295
-1.2701923446695507,1.6019144233667457,-2.402015871430842,4.46653176769459,-0.20382884673349647,2.232903047588772
-1.2660021975048295,1.6023218705093094,-2.4020816404363288,4.465806095177544,-0.20464374101862398,2.2325078190857317
-1.259496867188147,1.6023816726660614,-2.402703979553864,4.465015638171463,-0.20476334533212798,2.2322592174178264
-1.250713447118903,1.6019708639487082,-2.4040433657788496,4.464518434835653,-0.2039417278974219,2.2323089674859427
-1.2419967844376085,1.60210611159581,-2.404544230885328,4.464617934971885,-0.2042122231916251,2.2318088839026684
-1.238461586552956,1.60216519776597,-2.4051475583982285,4.463617767805337,-0.20433039553194557,2.2314885145620837
-1.2315244183761793,1.6019314524138575,-2.4062240622018587,4.4629770291241675,-0.2038629048277201,2.2313144895689123
-1.2242356039053934,1.60227459374761,-2.4063968907553335,4.462628979137825,-0.20454918749522502,2.2313296402612615
-1.2270373295606325,1.6016913811115916,-2.407995946381471,4.462659280522523,-0.20338276222318813,2.231115269926585
-1.229341372905315,1.60193311504959,-2.4083475561031435,4.46223053985317,-0.2038662300991849,2.2308187710058816
-1.2422725165801298,1.6021897518241046,-2.4086912714933226,4.461637542011763,-0.20437950364821444,2.2303874563781
-1.2583295243312838,1.6031840882547768,-2.4078521586736277,4.4607749127562,-0.2063681765095587,2.2302882403902813
-1.2759909771856808,1.6038001926579146,-2.4075965534501456,4.460576480780563,-0.20760038531583455,2.2302381587148363
-1.2861284743913792,1.6032346176296481,-2.409202719965842,4.460476317429673,-0.20646923525930172,2.230198475686738
-1.2886723152948967,1.603553321898093,-2.4094161837081804,4.460396951373476,-0.2071066437961916,2.2303510082615534
-1.2987061131779336,1.603425956194823,-2.410285368570719,4.460702016523107,-0.2068519123896515,2.2302669940672444
-1.3112012728319056,1.603529957730106,-2.410875378412188,4.460533988134489,-0.20705991546021751,2.229755340004753
-1.3285034806429372,1.60315841961355,-2.412139215109101,4.459510680009506,-0.20631683922710528,2.2296959885664065
-1.3452416574553625,1.6038442162413502,-2.411776205974303,4.459391977132813,-0.20768843248270585,2.2292659610214405
-1.3657165946511394,1.6042107389386744,-2.4118997222408693,4.458531922042881,-0.20842147787735416,2.229386470248695
-1.3825526053286517,1.604421017544283,-2.4122938321737455,4.45877294049739,-0.2088420350885716,2.2292407366161515
-1.3974473372954648,1.6048526939332686,-2.412353543232575,4.458481473232303,-0.20970538786654255,2.2286606668309155
-1.412505910655257,1.6042083458603031,-2.4140794677364092,4.457321333661831,-0.20841669172061153,2.227204676924754
-1.4243692700641202,1.60446843567241,-2.414390092921767,4.454409353849508,-0.20893687134482497,2.226775083908051
-1.4411544905438496,1.6050971267363934,-2.4141297890459996,4.453550167816102,-0.21019425347279194,2.2264262878340824
-1.4554102285508297,1.6044707628546484,-2.415822221519649,4.452852575668165,-0.2089415257093018,2.227080158395101
-1.4632019578959374,1.6046521330508337,-2.416269664875864,4.454160316790202,-0.20930426610167238,2.226604559033516
-1.4754047358026132,1.6047477180864527,-2.4168130998531288,4.453209118067032,-0.20949543617291047,2.226694899310053
-1.4849034243836114,1.6041244081369637,-2.418499391147026,4.453389798620106,-0.20824881627393238,2.2261127091012463
-1.4931567057732786,1.6038762831705413,-2.4196126013008636,4.4522254182024925,-0.20775256634108777,2.225682130300711
-1.501846160614459,1.603926359203881,-2.4202642644465486,4.451364260601422,-0.20785271840776726,2.2265551425065646
-1.512923821504087,1.6036684812845372,-2.4213722766674084,4.453110285013129,-0.20733696256907955,2.2266225592965263
-1.5236105546939915,1.6036475735464784,-2.4221169061763654,4.453245118593053,-0.20729514709296165,2.226336264079428
-1.5416936960326941,1.6042543819759958,-2.4218720389517223,4.452672528158856,-0.20850876395199652,2.2261072948364906
-1.56431399857075,1.6039447582665853,-2.423071126534389,4.452214589672981,-0.20788951653317544,2.226136456497362
-1.578198747749878,1.6038459165435612,-2.4239707663541545,4.452272912994724,-0.20769183308712721,2.226084476131692
-1.5949601427932816,1.6037377410447142,-2.4248735437369504,4.452168952263384,-0.20747548208943317,2.2258141279652697
-1.6109089902046816,1.604657630717824,-2.4241391995800905,4.451628255930539,-0.20931526143565288,2.2258718410203686
-1.6298646002728983,1.6054230487317032,-2.4236854685303117,4.451743682040737,-0.2108460974634111,2.2251695338139448
-1.6403038785086141,1.6050466989846424,-2.4249973586460083,4.4503390676278896,-0.21009339796928958,2.224331399886624
-1.6465351079883033,1.605329150387353,-2.4252599816648543,4.448662799773248,-0.21065830077471068,2.2240068531916597
-1.657404213491136,1.605755954840343,-2.425293057426831,4.448013706383319,-0.21151190968069067,2.224744953783265
-1.6675890798759583,1.6057538215661626,-2.4260141941761653,4.44948990756653,-0.21150764313232984,2.224446717640684
-1.6760247872336018,1.6063960639292258,-2.425718827686033,4.448893435281368,-0.2127921278584563,2.224012731585671
-1.682635790593322,1.6066971679773807,-2.4259610908042197,4.448025463171342,-0.21339433595476617,2.2234039579849276
-1.6854023625343648,1.6067953568057027,-2.4265301251407365,4.446807915969855,-0.21359071361141027,2.223047454295248
-1.6890032967963036,1.60649080919258,-2.427707260259464,4.446094908590496,-0.21298161838516483,2.2227162824211466
-1.6877240536312916,1.6069084864986753,-2.427772244980102,4.445432564842293,-0.21381697299735533,2.222513253629072
-1.6900128635791938,1.606477258845764,-2.4291697468522466,4.445026507258144,-0.21295451769153287,2.22252092883972
-1.6877960031883796,1.6066026594572562,-2.4297137749548754,4.44504185767944,-0.21320531891451727,2.2219731493463777
-1.6856446496278152,1.6062420676205664,-2.430981464765131,4.443946298692755,-0.21248413524113774,2.222010350237444
-1.6799721731764126,1.6057404813414113,-2.43247661113111,4.444020700474888,-0.2114809626828277,2.221498968402065
-1.6753420288550942,1.6061066728450442,-2.4326097639797175,4.44299793680413,-0.21221334569009337,2.2215046318352236
-1.6735420101703307,1.6057074309296413,-2.4339426903850936,4.443009263670447,-0.2114148618592875,2.2209385082427
-1.6673341093382705,1.6044510390685256,-2.4366379562238825,4.4418770164854,-0.20890207813705627,2.220111958254354
-1.66376751278807,1.6047368312553103,-2.4368869258658137,4.440223916508708,-0.20947366251062563,2.2198468430980536
-1.6675961411100833,1.6038458055143459,-2.438965287112568,4.439693686196107,-0.20769161102869685,2.219597714843952
-1.6662375401873277,1.6045245109288315,-2.438639699935112,4.439195429687904,-0.2090490218576681,2.2188375192732765
-1.6719266583516486,1.603933815310785,-2.440253464012219,4.437675038546553,-0.20786763062157476,2.219202221370216
-1.676137815779162,1.6036381316264376,-2.441436737656691,4.438404442740432,-0.2072762632528803,2.218766664371579
-1.6881314064174042,1.604450185819448,-2.4408905989790757,4.437533328743158,-0.20890037163890096,2.218352884639424
-1.7025493633525122,1.605271951911636,-2.4403111941200457,4.436705769278848,-0.2105439038232772,2.2180269699627337
-1.7135157903001181,1.605706637071153,-2.440370313832882,4.4360539399254675,-0.2114132741423113,2.2176382999862896
-1.7206780669722754,1.6051798475128634,-2.4419204979501026,4.435276599972579,-0.21035969502573215,2.2166560465600447
-1.7229062959061145,1.6053185511826955,-2.4424507257139583,4.433312093120089,-0.21063710236539654,2.216178759421528
-1.7327822694462198,1.6056283959264401,-2.4426422387146567,4.432357518843056,-0.21125679185288596,2.2165776717840764
-1.7439688260677981,1.6050544810830765,-2.4442471162949273,4.433155343568153,-0.21010896216615882,2.2164475007578557
-1.7516201162046445,1.6048986241685013,-2.445177405951897,4.432895001515711,-0.20979724833700839,2.2165959659977066
-1.761401019931196,1.6050016603128827,-2.445753335321469,4.433191931995413,-0.21000332062577134,2.2163831675906116
-1.7746968201899946,1.6053151255867384,-2.445992173598671,4.432766335181223,-0.21063025117348266,2.2157519660458798
-1.7858687784151468,1.6052340760037365,-2.446843181497712,4.4315039320917595,-0.21046815200747862,2.2153400042004625
-1.7948138156719229,1.6050871067803456,-2.447768990870335,4.430680008400925,-0.2101742135606969,2.214953900711748
-1.8020797432620634,1.604662949527076,-2.449102297914265,4.429907801423496,-0.20932589905415783,2.216367220290023
-1.8067764406302327,1.6051565572137785,-2.4490495567936117,4.432734440580046,-0.2103131144275628,2.2165709478098057
-1.817433768021241,1.6054104130540652,-2.449380083447115,4.433141895619611,-0.21082082610813604,2.2166020638662722
-1.8225092119349409,1.6055919952434177,-2.4498074629788187,4.4332041277325445,-0.21118399048684097,2.2160675662915503
-1.8204021783168522,1.6057329415432502,-2.450253427198511,4.432135132583101,-0.21146588308650616,2.2176979897790012
-1.818399849950652,1.606127271207267,-2.450354459453835,4.4353959795580025,-0.21225454241453962,2.2176121304315703
-1.8119587374938175,1.606510813212376,-2.4504880668379903,4.435224260863141,-0.2130216264247579,2.2170266506144474
-1.806928425374861,1.6065278068350517,-2.4511633529178702,4.434053301228895,-0.21305561367010914,2.217224837859387
-1.7958557725334046,1.606820035059409,-2.451410395320773,4.434449675718774,-0.21364007011882405,2.217850064372343
-1.7836631730132657,1.6059304776810877,-2.453514730428815,4.435700128744686,-0.21186095536218114,2.217730565866259
-1.771579774863176,1.6052918167412102,-2.4552146159604913,4.435461131732518,-0.2105836334824262,2.2170837770850698
-1.7688583965162226,1.6059105113159455,-2.454956954298593,4.4341675541701395,-0.21182102263189678,2.216716216626307
-1.774455850539374,1.6061151067161594,-2.4553336896421647,4.433432433252614,-0.21223021343232443,2.2167247219466897
-1.772924794736583,1.6064401173712637,-2.455512543696419,4.433449443893379,-0.21288023474253273,2.2166781444927577
-1.771227543143101,1.606309116960481,-2.45642280355145,4.433356288985515,-0.2126182339209673,2.2174715635944766
-1.7681546630070286,1.6064864555755793,-2.4568746634173615,4.434943127188953,-0.21297291115116398,2.216847716433123
-1.7638040151736911,1.6056985407474973,-2.458833739013552,4.433695432866246,-0.21139708149499986,2.2156237903375273
-1.7552664617700384,1.60572061382284,-2.459494990909975,4.431247580675055,-0.2114412276456851,2.216422374618155
-1.7528079793055737,1.6061776659521274,-2.4594845032211317,4.43284474923631,-0.21235533190426012,2.216407650617242
-1.7530477982265862,1.6059858262876872,-2.4604957717399847,4.432815301234484,-0.21197165257537978,2.216580273664798
-1.748797135780221,1.6048938602136116,-2.4629531436377357,4.433160547329596,-0.20978772042722862,2.2158745801916884
-1.7425063663277838,1.6045933602749536,-2.4641342381996334,4.431749160383377,-0.20918672054991258,2.2160669556110744
-1.741063146792578,1.6053677561441424,-2.463635620674067,4.432133911222149,-0.21073551228829032,2.2159856728879546
-1.7466713409028178,1.6053636895011185,-2.4643685305194456,4.431971345775909,-0.21072737900224267,2.2155625235003216
-1.7471513329623298,1.60535857549282,-2.465096599979639,4.431125047000643,-0.21071715098564528,2.21691882172216
-1.748775949153388,1.6052749030559517,-2.46592742938878,4.43383764344432,-0.2105498061119088,2.216964082904162
-1.7511472047174157,1.6037724524704446,-2.4689815131150774,4.433928165808324,-0.2075449049408949,2.2165767716211433
-1.7525941630695383,1.6037438173361418,-2.469796599773961,4.433153543242287,-0.20748763467228915,2.215513983552617
-1.7660859685239767,1.6034573480661543,-2.4709968116773213,4.431027967105234,-0.20691469613231395,2.214929190362731
-1.7793619368399431,1.6039556813304638,-2.470937184572138,4.429858380725462,-0.207911362660933,2.214696847297415
-1.797743990635863,1.6033855724494055,-2.472567260369163,4.42939369459483,-0.20677114489881618,2.2142114321253117
-1.8067660046876775,1.6033255941426434,-2.473365970815114,4.428422864250623,-0.20665118828529214,2.213715069132827
-1.8168036842914455,1.6033859967892,-2.4739611152446637,4.427430138265654,-0.2067719935784053,2.2145454166992082
-1.831007089571974,1.6032313566035823,-2.4749219113842784,4.4290908333984165,-0.20646271320717016,2.2141439332948747
-1.8453562364525813,1.601968201229962,-2.477638112532498,4.428287866589749,-0.20393640245992994,2.2131990905400807
-1.8592925226686183,1.6020727432675443,-2.4781814521139154,4.426398181080161,-0.20414548653509446,2.213474036977047
-1.8813849732066823,1.6016655415525536,-2.4795133662319686,4.426948073954094,-0.20333108310511275,2.213503584519172
-1.902474534235583,1.6014798933931493,-2.480502095076472,4.427007169038344,-0.20295978678630439,2.2140339999312726
-1.9223180887350215,1.6013694852280351,-2.4814006662651664,4.428067999862545,-0.20273897045607597,2.214170469650431
-1.9431080903663998,1.6011431939210612,-2.4824988298510315,4.428340939300862,-0.20228638784212805,2.2138314845729687
-1.9664497906802059,1.6015309630384316,-2.4826068979339637,4.4276629691459375,-0.20306192607686865,2.213932629864416
-1.991224854020495,1.6017354655066118,-2.483019262126401,4.427865259728832,-0.20347093101322905,2.2139963845655117
-2.0080649930546164,1.6023500978923324,-2.4828036658371007,4.4279927691310235,-0.20470019578467022,2.2135150868370443
-2.0227950737188136,1.6018849752865547,-2.484258280147813,4.427030173674089,-0.20376995057311495,2.21371322264546
-2.0353920044459817,1.602181549990947,-2.484529833556105,4.42742644529092,-0.20436309998189991,2.2137803627813764
-2.051525700452559,1.6011049325705125,-2.486918790908455,4.427560725562753,-0.20220986514103068,2.2138994863424495
-2.0618389815715252,1.6010600901930925,-2.4877065795583544,4.427798972684899,-0.20212018038619053,2.213866454514439
-2.078473945034152,1.6004317172743543,-2.489423183130093,4.427732909028878,-0.20086343454871408,2.2133493813325327
-2.0866401525650975,1.600558609116579,-2.489931412731332,4.426698762665065,-0.20111721823316378,2.2136318348825164
-2.0988255995941563,1.600402822176102,-2.490914581179446,4.427263669765033,-0.2008056443522097,2.2129380107153116
-2.1073633428158276,1.6003548293310093,-2.4917108432761603,4.425876021430623,-0.20070965866202425,2.2137057703780783
-2.1191748045688072,1.599272546720438,-2.4941871917904868,4.4274115407561565,-0.19854509344088198,2.2121217765989454
-2.125027805894719,1.5996053529325425,-2.494398649935112,4.424243553197891,-0.19921070586509085,2.2115102244285194
-2.1383997293755455,1.5999897459529513,-2.4945484115143395,4.423020448857039,-0.19997949190590833,2.211053312578263
-2.149613118623913,1.600272398393174,-2.494845914221599,4.422106625156526,-0.20054479678635356,2.210612969485917
-2.1568408541254125,1.6002465364501854,-2.4956125934285485,4.421225938971834,-0.20049307290037638,2.2105317605589603
-2.15531766206782,1.6001682568990643,-2.49643180774568,4.421063521117921,-0.20033651379813391,2.210581041190421
-2.1536562368596552,1.6001793626784375,-2.4971354869815547,4.421162082380842,-0.2003587253568806,2.2102661494638243
-2.1499034308560834,1.5996011425264527,-2.4987677960369385,4.4205322989276485,-0.19920228505291102,2.210344321494792
-2.1429975850374694,1.5994455860333139,-2.499737341034525,4.420688642989584,-0.19889117206663337,2.2100278075113597
-2.138834415084691,1.5998336395154056,-2.4998582631476083,4.4200556150227195,-0.19966727903081677,2.209978003664281
-2.13522046042777,1.5998420828301982,-2.500584971703117,4.419956007328562,-0.19968416566040206,2.2099001431340732
-2.1302141919744386,1.6001168518464515,-2.500894074138024,4.4198002862681465,-0.2002337036929084,2.2099513220184344
-2.1266306253749656,1.5998997801093997,-2.501948644588628,4.419902644036869,-0.19979956021880493,2.2108657359027273
-2.123730763739312,1.6005447167761089,-2.501681172692021,4.421731471805455,-0.20108943355222308,2.2104990834798115
-2.1215920781365507,1.6010624603275212,-2.501569474498552,4.420998166959623,-0.20212492065504784,2.2111514479753853
-2.116707485778928,1.6009066233767704,-2.502512222695982,4.422302895950771,-0.20181324675354603,2.2118509126520403
-2.1020221859509878,1.6012388096158385,-2.5027085809156553,4.4237018253040805,-0.20247761923168253,2.211813945155438
-2.0890249392040543,1.6012236453178166,-2.503460730326468,4.423627890310876,-0.20244729063563863,2.212090027227358
-2.070246931852053,1.6015114941881463,-2.503741863596643,4.424180054454716,-0.20302298837629787,2.211934630353604
-2.0530394559433316,1.6010769082287073,-2.5051355293716617,4.423869260707208,-0.2021538164574197,2.213056287026181
-2.031732856593176,1.5999706478065812,-2.507577396139229,4.426112574052362,-0.19994129561316754,2.2126993985545944
-2.0107439479027445,1.6001317523200338,-2.508048191582841,4.425398797109189,-0.20026350464007303,2.2129163934498717
-1.9933381020612988,1.598368028242955,-2.5115025800356436,4.425832786899743,-0.19673605648591572,2.214317409339852
-1.9723261792957547,1.5988066157300953,-2.5115513606393187,4.428634818679704,-0.19761323146019613,2.2141442859033256
-1.9666839932314744,1.5983416765340783,-2.5129936967088713,4.428288571806651,-0.19668335306816218,2.2157896171082023
-1.9582860573709715,1.5983873296961952,-2.5136720501158134,4.431579234216405,-0.19677465939239594,2.216268000209036
-1.953733632622286,1.5982443154613564,-2.5146187256280665,4.432536000418072,-0.196488630922718,2.2167277088704216
-1.9486057847314013,1.598448546869874,-2.5150502635040723,4.433455417740843,-0.19689709373975295,2.21624710948294
-1.9456313510894148,1.5987705331804578,-2.5152971817134904,4.43249421896588,-0.19754106636092056,2.215527097656591
-1.9396916931981438,1.599084720707322,-2.5155199792146408,4.431054195313182,-0.198169441414649,2.215988243489365
-1.931754556229076,1.59873747466342,-2.516760656160314,4.43197648697873,-0.1974749493268449,2.216818697075097
-1.9230969711307755,1.5974598316331101,-2.5194616403595784,4.433637394150194,-0.19491966326622512,2.2173233672398314
-1.914285108989906,1.597013479349504,-2.5208558949634283,4.434646734479663,-0.19402695869901293,2.2177221693098357
-1.915078526092036,1.595819240716165,-2.5234443478670023,4.435444338619671,-0.1916384814323349,2.2155796445856955
-1.9155347748226548,1.5965078563455193,-2.523093062983854,4.431159289171391,-0.1930157126910431,2.215770581796142
-1.930338335459716,1.5963379613512347,-2.5240746855285394,4.431541163592284,-0.19267592270247416,2.215990207226481
-1.9424246644323229,1.5959225175886818,-2.5254706552545474,4.431980414452962,-0.1918450351773681,2.2163860083014817
-1.954458701344078,1.5955566419267462,-2.526789015881536,4.432772016602963,-0.19111328385349682,2.21589607083214
-1.9709304136210246,1.5962616869877801,-2.5264382536858156,4.43179214166428,-0.19252337397556468,2.2154403561809914
-1.9922923868034275,1.595790808557,-2.527889899957725,4.430880712361983,-0.19158161711400443,2.215483376987301
-2.008386794766735,1.5960066688909087,-2.528300001265953,4.430966753974602,-0.19201333778182153,2.215438320413519
-2.026627207675994,1.5949888351047192,-2.530634350478813,4.430876640827038,-0.18997767020944245,2.2151520201016766
-2.0357785611765165,1.5954564627907695,-2.530651735046435,4.430304040203353,-0.19091292558154271,2.214786302273169
-2.0542136199853047,1.5943850409744433,-2.533054987275043,4.429572604546338,-0.18877008194889036,2.214615413204822
-2.058670018315011,1.5938691956409872,-2.5345612160139197,4.429230826409644,-0.18773839128197803,2.215753597826866
-2.071736059756465,1.5935817277305724,-2.5357390749075455,4.431507195653732,-0.18716345546114865,2.215872103066139
-2.0854298776250744,1.5939183433858226,-2.535955670482389,4.431744206132278,-0.187836686771649,2.2162048458516055
-2.102188910547981,1.593654839395665,-2.5371406340035345,4.432409691703211,-0.18730967879133406,2.2164545218422256
-2.1145261405264764,1.594167629686293,-2.5370949648141625,4.432909043684451,-0.18833525937258988,2.217987252465182
-2.131011964523815,1.5940995171144228,-2.5379490149857267,4.435974504930364,-0.18819903422884932,2.217972532237135
-2.1445085662195837,1.5942353197133772,-2.5384870448181815,4.43594506447427,-0.18847063942675799,2.217498532788518
-2.1602691868733794,1.5943688232759463,-2.5390404670290807,4.434997065577036,-0.18873764655189623,2.216938503430056
-2.1730908520438885,1.5948099011773549,-2.5390746944232383,4.433877006860112,-0.18961980235471335,2.2184837855131305
-2.1797709165121573,1.595364562324303,-2.538954819510564,4.436967571026261,-0.19072912464860947,2.2183330505167906
-2.1813366723153598,1.5948299968953332,-2.540525842660374,4.436666101033581,-0.18965999379067028,2.218865490331779
-2.1707993847846203,1.5937258068953266,-2.5430175441145155,4.437730980663558,-0.18745161379065717,2.2202430245127562
-2.1649947013375503,1.5936479041347735,-2.5438792350980517,4.4404860490255125,-0.18729580826955086,2.2206124787327335
-2.1653937771410487,1.5943652914080169,-2.5435329941657185,4.441224957465467,-0.18873058281603763,2.220149346017381
-2.16561819517663,1.593829110171913,-2.545129710407963,4.440298692034762,-0.18765822034383023,2.21945054093532
-2.1558869398226452,1.5936879420797956,-2.546099757942491,4.43890108187064,-0.187375884159595,2.2194302096511667
-2.153701563708376,1.5930518593093637,-2.547829621362286,4.438860419302333,-0.18610371861873137,2.2196362399853915
-2.148300559579513,1.5925730357680106,-2.549302035771798,4.439272479970783,-0.1851460715360252,2.219137272753638
-2.1472182793309877,1.5924590392245972,-2.5502135537878274,4.438274545507276,-0.18491807844919836,2.218506351932503
-2.144477019913586,1.5928653141856743,-2.5503197991867093,4.437012703865006,-0.18573062837135243,2.218726525570492
-2.1461315720948084,1.5923704626802686,-2.5518335649826662,4.437453051140984,-0.18474092536054085,2.220031139918752
-2.138111372554829,1.592973642336392,-2.5516397839061646,4.440062279837504,-0.18594728467278793,2.2200592677025885
-2.132608204825784,1.5928693483849383,-2.5525131771027105,4.440118535405177,-0.18573869676988025,2.2209532638983775
-2.1201706145817276,1.592941315169272,-2.5531923953395133,4.441906527796755,-0.18588263033854746,2.2205417194818056
-2.1104490836771834,1.593230182377452,-2.553483660378402,4.441083438963611,-0.18646036475490732,2.2202472045063786
-2.099623427954412,1.5935468458580113,-2.553735224879018,4.440494409012757,-0.1870936917160262,2.220338234151664
-2.090305969762836,1.5935114023947141,-2.5545345556457946,4.440676468303328,-0.18702280478943173,2.2208416572330223
-2.0780955325610195,1.5923983179552847,-2.557005535088595,4.441683314466045,-0.18479663591057294,2.2226767767100477
-2.064211666167262,1.592952593709954,-2.556877215222196,4.445353553420095,-0.18590518741991144,2.2239094162284947
-2.060489762060037,1.5925167650375218,-2.558300657145459,4.447818832456989,-0.18503353007504691,2.222930722176719
-2.0538227146332027,1.5913290189531382,-2.5609168691104376,4.445861444353438,-0.18265803790627955,2.222576811511144
-2.0508894968067657,1.5916721211930898,-2.561140926012062,4.445153623022288,-0.1833442423861828,2.222401573538497
-2.0549010026446584,1.591887080912579,-2.5615471612588117,4.444803147076994,-0.18377416182516096,2.222212892461229
-2.0521213693806892,1.5914565064715664,-2.562966910422751,4.444425784922458,-0.182913012943136,2.221770000996656
-2.0464262852563837,1.5919579788167766,-2.5629338683686025,4.443540001993312,-0.1839159576335563,2.2216722997734495
-2.049870199754615,1.5921906713934075,-2.56330752441445,4.443344599546899,-0.18438134278681823,2.2224513144631692
-2.0475341490204926,1.5924507844084956,-2.5636509576340556,4.4449026289263385,-0.18490156881699457,2.2225045661640186
-2.043571842862974,1.5921285551748123,-2.5649103955805614,4.445009132328037,-0.18425711034962788,2.222609341082595
-2.0339944585975047,1.5920705545984364,-2.565732620994694,4.44521868216519,-0.18414110919687587,2.2244814894812426
-2.024678845026422,1.5921674876751528,-2.5663305692717704,4.448962978962485,-0.1843349753503089,2.225023818999611
-2.0157631732997503,1.5925916935231175,-2.566429438823066,4.450047637999222,-0.18518338704623816,2.225113641792099
-2.0097591782544235,1.5924842024267674,-2.5673199535920035,4.450227283584198,-0.1849684048535378,2.2250711651753794
-1.9980570359387844,1.5929836568798659,-2.567329401893883,4.450142330350759,-0.18596731375973488,2.2245307447622777
-1.992244121108378,1.5928204490454552,-2.5683294195697637,4.4490614895245555,-0.18564089809091347,2.225217159183331
-1.9817794634183081,1.592602453929907,-2.5694276011422774,4.450434318366662,-0.18520490785981736,2.2252027901398668
-1.9726810019209278,1.5916190254355476,-2.57172189589796,4.4504055802797335,-0.18323805087109846,2.226419287509311
-1.9645924451276708,1.5911132001749642,-2.573266535065799,4.452838575018622,-0.18222640034993165,2.226681739290357
-1.9641520964489225,1.5914018236386063,-2.5735547546553486,4.453363478580714,-0.18280364727721599,2.226808436051005
-1.9683105272801653,1.592340867067069,-2.572853071754065,4.45361687210201,-0.18468173413414107,2.2266561150962234
-1.9679888730889044,1.5915622571359171,-2.57484309013543,4.453312230192447,-0.1831245142718377,2.2257734571326075
-1.9606866918047805,1.5915014475166003,-2.575657280175641,4.451546914265215,-0.1830028950332039,2.2262590404469282
-1.9569808808930036,1.5916374413436665,-2.576189328419233,4.4525180808938565,-0.18327488268733647,2.2261288846638734
-1.9491526551537541,1.5920983609283699,-2.576206043141395,4.452257769327747,-0.18419672185674305,2.2262721414469984
-1.9435687539417112,1.5920574917075283,-2.577025365928753,4.452544282893997,-0.18411498341505986,2.2261328003866483
-1.9355319254063843,1.5925571504108638,-2.57701557842042,4.452265600773297,-0.1851143008217307,2.2260121576421446
-1.927308780418665,1.5931795352347367,-2.5767971849569307,4.452024315284289,-0.18635907046947656,2.2256134734792132
-1.9197246647239088,1.5939736152477422,-2.5763258773024442,4.4512269469584265,-0.1879472304954876,2.225420725912854
-1.9105274444562346,1.594009546636823,-2.5769959529432818,4.450841451825708,-0.18801909327364907,2.2260571792838597
-1.8963441475818479,1.5936649885341123,-2.5782763771385904,4.452114358567719,-0.18732997706822765,2.2267836394743568
-1.879793955714221,1.5937678593946185,-2.578858361655486,4.4535672789487135,-0.18753571878924027,2.22700701998745
-1.8660999345615499,1.5946324981051807,-2.5782712970397976,4.4540140399749,-0.18926499621036452,2.226450923097702
-1.8546781526784264,1.5943191376275754,-2.5794619134140966,4.452901846195404,-0.1886382752551541,2.2272671727122533
-1.8376982209012496,1.5936536669550398,-2.5812321152245663,4.4545343454245065,-0.18730733391008306,2.2271506172544466
-1.8211459466534725,1.5939042204119156,-2.581580290150256,4.454301234508893,-0.18780844082383455,2.226953621607317
-1.8130844904234475,1.5941754789804115,-2.5819021091954917,4.453907243214634,-0.18835095796082627,2.226727447690205
-1.8034041812166863,1.5934879160434858,-2.5837504398967437,4.45345489538041,-0.1869758320869748,2.2260931733229055
-1.7892014064457513,1.5941920151132574,-2.5833974503037997,4.452186346645811,-0.18838403022651795,2.225950876640818
-1.777847945097525,1.5935403088307918,-2.5851997933238304,4.451901753281636,-0.18708061766158668,2.224927006486093
-1.757071380972454,1.5936158439495396,-2.5858564184575665,4.449854012972186,-0.1872316878990823,2.2240096688793507
-1.7430424779558018,1.5943429683053398,-2.585476054414301,4.448019337758701,-0.188685936610683,2.2239110848423445
-1.7366205486644788,1.5945945713704974,-2.5858439137015794,4.447822169684689,-0.18918914274099802,2.2237321628713125
-1.7219332190198466,1.5953570364108838,-2.585419056146785,4.447464325742625,-0.19071407282177066,2.2231051314127535
-1.7075160632550748,1.5951951191349538,-2.5864360645505635,4.446210262825507,-0.19039023826991056,2.2233700348361114
-1.6875830799929123,1.5947806859477458,-2.587851896629512,4.446740069672223,-0.18956137189549455,2.2227104907696025
-1.6708091970521632,1.5953418206339904,-2.5877196072675406,4.445420981539205,-0.1906836412679837,2.2223571914142766
-1.6588609918565576,1.595896526800934,-2.5876096879666215,4.444714382828553,-0.1917930536018706,2.2220206366267257
-1.6471355984554512,1.595754116098825,-2.588560776819281,4.444041273253451,-0.19150823219765242,2.222867292117327
-1.6347054792015159,1.5957277115390274,-2.589384662149447,4.445734584234654,-0.1914554230780576,2.2224439077299873
-1.628401881858915,1.5957795339487184,-2.5900553284628187,4.444887815459975,-0.19155906789743954,2.222873814417872
-1.6232748278858642,1.596452683235043,-2.589738980159163,4.445747628835744,-0.19290536647008877,2.2229999889366505
-1.6185609629775226,1.5960228220932733,-2.5911700047036206,4.445999977873301,-0.1920456441865496,2.2227338313574827
-1.6083567868408235,1.5964911514094915,-2.5911696951402767,4.445467662714965,-0.1929823028189862,2.2227733488041506
-1.6080548551813134,1.596739623653524,-2.591533324071556,4.445546697608301,-0.1934792473070514,2.222857592019182
-1.6038462530409647,1.5972272295148793,-2.591510196528183,4.445715184038364,-0.19445445902976172,2.2225652758675656
-1.5966596204580954,1.5974369719430432,-2.5919009151052483,4.445130551735131,-0.1948739438860895,2.223615578450423
-1.5879572440209049,1.5972561918760315,-2.5929406044394567,4.447231156900846,-0.19451238375206606,2.2232983249172324
-1.579027581059962,1.5976869670755025,-2.5930190950756775,4.446596649834465,-0.19537393415100793,2.223299944368165
-1.5700457018844174,1.5981594161676183,-2.5930205719973545,4.44659988873633,-0.19631883233523936,2.2233659994374744
-1.5633267862428941,1.5990874910298956,-2.5923181179623733,4.446731998874949,-0.19817498205979417,2.22287423899904
-1.5529672794189155,1.5994979273333618,-2.592428889576858,4.44574847799808,-0.19899585466672667,2.222272085905514
-1.5365677844298056,1.599836756036118,-2.592649937948882,4.444544171811028,-0.19967351207223916,2.2222765049354902
-1.5223567011230523,1.600739002541674,-2.59201089112496,4.4445530098709805,-0.20147800508335093,2.2214861088746476
-1.509571284466166,1.6011853212897578,-2.592058141930171,4.442972217749295,-0.20237064257951848,2.221177372634562
-1.495067088421371,1.600727479248011,-2.593538689413785,4.442354745269124,-0.201454958496025,2.2201882545116285
-1.475664101907003,1.6000128495017256,-2.595348390642149,4.440376509023257,-0.20002569900345415,2.222196479970477
-1.4563244664248296,1.6010103175845425,-2.594504134080017,4.444392959940954,-0.20202063516908786,2.2218547290435406
-1.4477356694205878,1.60178994437446,-2.5940451949888526,4.443709458087081,-0.20357988874892313,2.2212986698536747
-1.435905989975507,1.6016630173483608,-2.5949717808904413,4.4425973397073495,-0.20332603469672456,2.2209661513965147
-1.4172853089360644,1.6021623734736068,-2.594925486662857,4.441932302793029,-0.20432474694721672,2.2216984814340064
-1.4011992139231537,1.6016792313842048,-2.5964378723764665,4.443396962868013,-0.20335846276841263,2.2210558125852122
-1.3807696399593425,1.6025544322661622,-2.5958049242964116,4.4421116251704245,-0.20510886453232752,2.2204816704805634
-1.3699990992002051,1.603368544430966,-2.5952653151474094,4.440963340961127,-0.20673708886193515,2.220183151487487
-1.3528472735161767,1.603497750997388,-2.595803684976236,4.440366302974974,-0.20699550199477926,2.219662938972795
-1.3323517241797072,1.603279582871243,-2.596898646597511,4.43932587794559,-0.20655916574248936,2.219322540812326
-1.312153107900658,1.6033680710886928,-2.5974902326611833,4.438645081624652,-0.20673614217738912,2.218973302893058
-1.2967945539656571,1.6036618889628476,-2.597786640143378,4.437946605786116,-0.2073237779256986,2.218352790962557
-1.283173267685913,1.604705201450434,-2.5969035127524944,4.436705581925114,-0.2094104029008713,2.217568582585263
-1.2699655834148043,1.6057359283692776,-2.596026064485698,4.435137165170526,-0.21147185673855862,2.217420726407685
-1.2533333168805671,1.6063115683648048,-2.595879089645452,4.43484145281537,-0.21262313672961308,2.2166102633435356
-1.2324751691209967,1.6071940683643788,-2.5952284451585554,4.433220526687071,-0.21438813672876122,2.216038263898467
-1.2154337450086246,1.6072936585274167,-2.595771039967219,4.432076527796934,-0.21458731705483683,2.2180323981465966
-1.194273706215432,1.6075815430599099,-2.596052159876362,4.436064796293193,-0.2151630861198233,2.2178758568960215
-1.1754773675222119,1.6066616343584752,-2.598256254136317,4.435751713792043,-0.21332326871695384,2.2169581416482425
-1.157900761676853,1.605846807278286,-2.6002324479615146,4.433916283296485,-0.21169361455657554,2.2166759383257357
-1.1470989319982903,1.6053326716559588,-2.601804675443876,4.4333518766514715,-0.2106653433119208,2.21621482387002
-1.1390688441916998,1.6056783739547837,-2.60200206387346,4.43242964774004,-0.2113567479095705,2.215726562588217
-1.1332864701523433,1.6063344760816982,-2.6017392544396603,4.431453125176434,-0.21266895216339932,2.2157280480079438
-1.1329598409528814,1.6068776086731482,-2.6016264982998676,4.4314560960158875,-0.2137552173462994,2.215260058600917
-1.1338090886086292,1.607567835412123,-2.6012681075376527,4.430520117201834,-0.21513567082424917,2.2148697952635676
-1.1325144164326004,1.6079935354143382,-2.601342896249917,4.429739590527135,-0.21598707082867943,2.2145138409580354
-1.1300265165060548,1.6077176769617434,-2.602486424967795,4.429027681916071,-0.21543535392348978,2.2144509548519213
-1.1223715990732483,1.6079014937354041,-2.6029245837420465,4.428901909703843,-0.21580298747081136,2.2143347652616088
-1.1222663319561623,1.6085079203391126,-2.6027076454360225,4.4286695305232175,-0.21701584067822835,2.214731702901512
-1.1272300018722372,1.608769809150331,-2.603010949649093,4.429463405803024,-0.2175396183006654,2.214479774820475
-1.1293836256945917,1.608009229897609,-2.6049379394351195,4.42895954964095,-0.21601845979522113,2.214310761837741
-1.1272069847728923,1.608179959274624,-2.605374029364494,4.428621523675482,-0.21635991854925093,2.2141961647924933
-1.1312062944134542,1.606892452411898,-2.608123687566943,4.4283923295849865,-0.2137849048237989,2.2128734904934633
-1.1323838593319269,1.6076339029939737,-2.6077059610326443,4.4257469809869265,-0.21526780598795026,2.212225298401309
-1.149882828648784,1.6071247839966674,-2.609221055214487,4.424450596802618,-0.2142495679933376,2.211786575749758
-1.166669285339438,1.6077068111450277,-2.6090358387769954,4.423573151499516,-0.2154136222900583,2.2114944423823255
-1.1915331995552496,1.6079513520442903,-2.6093792634753354,4.422988884764651,-0.21590270408858336,2.2112068434199204
-1.2177606301954988,1.6077675491730667,-2.610354896136306,4.422413686839841,-0.2155350983461361,2.2119643365540376
-1.242430581517022,1.6078892194981702,-2.610897891353783,4.423928673108075,-0.21577843899634322,2.2116354990290343
-1.2700911760790012,1.6085299000720525,-2.610628207572716,4.423270998058069,-0.2170598001441078,2.211227095715561
-1.2948353232223664,1.6088144188800613,-2.610900510075784,4.422454191431122,-0.21762883776012526,2.210944083035408
-1.3118260402230921,1.6086496030898074,-2.61189336223378,4.421888166070816,-0.21729920617961776,2.2108740103616222
-1.3237477550487229,1.6088772453654088,-2.612267234193028,4.4217480207232445,-0.21775449073082026,2.210561300638452
-1.3386700671710556,1.608823403090564,-2.6130603388566453,4.421122601276904,-0.21764680618113036,2.211297351362113
-1.3548118692301492,1.6098130073003518,-2.612228699297728,4.422594702724226,-0.2196260146007061,2.210706241589423
-1.3761882078269667,1.6104638895870804,-2.611923516163929,4.421412483178846,-0.22092777917416312,2.2101212811839237
-1.3939815288478081,1.6111383876032626,-2.6116185647204584,4.420242562367847,-0.22227677520652722,2.20934981900177
-1.409863066000417,1.611008048465564,-2.612498222235904,4.41869963800354,-0.22201609693113014,2.2102515888947556
-1.41818958327617,1.6115036502319606,-2.612441284210495,4.420503177789511,-0.2230073004639235,2.210567091772828
-1.4288068132066063,1.6111676164160587,-2.613667397112875,4.421134183545656,-0.22233523283211948,2.2104401873206463
-1.4371981566212861,1.6115536212861448,-2.6137855655822095,4.420880374641293,-0.22310724257229178,2.210158632476523
-1.4494241726140957,1.6113256461875036,-2.6148632212708143,4.420317264953046,-0.22265129237500952,2.210079314059497
-1.4541134950935046,1.6118161127673891,-2.614818280691428,4.420158628118994,-0.2236322255347804,2.2098924296518123
-1.4616505343482584,1.6121523312292148,-2.614984388107222,4.419784859303625,-0.22430466245843178,2.210211144048032
-1.4602995536835413,1.6123498379370271,-2.61543141475642,4.420422288096064,-0.2246996758740565,2.209613628824208
-1.4600739666162281,1.6122658690237066,-2.6162572502292734,4.419227257648416,-0.22453173804741539,2.209538150444482
-1.455166728553786,1.6128953240265895,-2.615984531260412,4.419076300888964,-0.2257906480531811,2.2095693249461936
-1.4547658567611053,1.6127342818272372,-2.6169728579366276,4.419138649892387,-0.22546856365447632,2.2090520493963055
-1.4493960742341438,1.6127759466364384,-2.6175902669997573,4.418104098792611,-0.22555189327287892,2.2096462422280942
-1.4438561045648075,1.6131013727301269,-2.6177968146482917,4.4192924844561885,-0.2262027454602557,2.2105437897293045
-1.4388283176201242,1.6132923469708231,-2.6182158811240885,4.421087579458609,-0.22658469394164837,2.2102916475004646
-1.4347967252967528,1.6130650439371248,-2.619259713653116,4.420583295000929,-0.22613008787425187,2.2105636859652633
-1.4297990690203854,1.6128820695307031,-2.620285948338125,4.421127371930527,-0.22576413906140863,2.2103062387693626
-1.4247924224128872,1.612677912297955,-2.621300779607084,4.420612477538725,-0.22535582459591277,2.2109002563733067
-1.421417364489805,1.6126233102782315,-2.6220737798993654,4.421800512746613,-0.22524662055646574,2.211501067064235
-1.4188572698216124,1.61295528492241,-2.6222830205436756,4.42300213412847,-0.22591056984482305,2.2110898723203776
-1.423289883801878,1.6138914646494773,-2.6215228258272787,4.422179744640755,-0.2277829292989575,2.2105485783803975
-1.4310299134096471,1.6133598856713305,-2.6230853933962885,4.421097156760795,-0.22671977134266386,2.210163495047433
-1.432996306994431,1.6134910032197887,-2.6235919024169827,4.420326990094866,-0.22698200643958025,2.2101782952217417
-1.4383118220681155,1.6138885748802387,-2.623661826705341,4.420356590443483,-0.22777714976048052,2.2102220351757396
-1.4462332586273994,1.6147984756113793,-2.6229755014953704,4.420444070351479,-0.22959695122276166,2.2100375121980402
-1.451855415476479,1.6149130495019388,-2.6234888563999315,4.4200750243960805,-0.22982609900388068,2.2106376549168605
-1.4520083366113232,1.615308492395002,-2.62360361105673,4.421275309833721,-0.23061698479000725,2.20991447406159
-1.4512143590108069,1.6153986169613646,-2.6241825964366803,4.41982894812318,-0.2307972339227322,2.210280288701876
-1.4501612029206892,1.6159032578954615,-2.6241258174007673,4.420560577403752,-0.23180651579092607,2.209961911735577
-1.451412780290885,1.6159871873982146,-2.6247419900145483,4.419923823471154,-0.23197437479643224,2.209705534284737
-1.4498814424645128,1.6161246376223666,-2.625232599835315,4.419411068569474,-0.23224927524473649,2.210853733046407
-1.447723914154949,1.6163933712499787,-2.625532698418952,4.421707466092814,-0.23278674249996098,2.210173086496232
-1.4486086326900778,1.6166848946587689,-2.6257777465980863,4.420346172992464,-0.23336978931754138,2.2105475583764114
-1.447482541021255,1.6175690020466271,-2.6251145206357553,4.421095116752823,-0.23513800409325783,2.210475794623704
-1.4465668981947506,1.6179951312966931,-2.625160329024781,4.420951589247408,-0.2359902625933899,2.210812458760073
-1.44087796208964,1.6179295506313138,-2.6259838685326367,4.421624917520146,-0.23585910126263115,2.2112312015843756
-1.4326039229072134,1.6169439356448863,-2.628264925999142,4.422462403168751,-0.23388787128977623,2.210597976218548
-1.421182924015451,1.616675926823521,-2.629360255364418,4.421195952437096,-0.23335185364704555,2.2106212855451717
-1.4148159904189326,1.6165402689656807,-2.630288441990042,4.421242571090343,-0.23308053793136524,2.210472349992775
-1.4090038584352398,1.6161044782365466,-2.6316764642281005,4.42094469998555,-0.23220895647309697,2.2101763884495274
-1.4027824535445108,1.6163226653844223,-2.6320511889999083,4.420352776899055,-0.23264533076884847,2.209399827217278
-1.4017769152191815,1.6166147169955156,-2.6323028672207442,4.418799654434556,-0.23322943399103535,2.2096462934241137
-1.405473829445116,1.6167061871742376,-2.6328715264024987,4.419292586848227,-0.23341237434847933,2.2100007195183595
-1.4049595347879604,1.616358275705759,-2.634109566151739,4.420001439036719,-0.2327165514115223,2.210236272009995
-1.4035646766475116,1.617185252692676,-2.633544988298289,4.42047254401999,-0.23437050538535623,2.209684370658114
-1.408757063009855,1.6182382423511517,-2.632607810027457,4.419368741316228,-0.23647648470230762,2.2091685124159204
-1.4152592864189588,1.6180277231922437,-2.6336169682463546,4.418337024831841,-0.23605544638449177,2.2094471623203815
-1.412578110253295,1.6178880182123696,-2.634558431031068,4.418894324640763,-0.23577603642474348,2.2092624706149295
-1.413056698192925,1.6184114041859552,-2.6344512724910985,4.418524941229859,-0.23682280837191483,2.2089228284942064
-1.416387382059164,1.618946308570913,-2.6343174385785275,4.417845656988413,-0.23789261714183044,2.2087061553485814
-1.4197094625047395,1.6195794081798098,-2.6340260621176674,4.417412310697163,-0.23915881635962397,2.2083006484263548
-1.420926958789689,1.6200416095756371,-2.634017636692255,4.4166012968527095,-0.24008321915127873,2.2077088408703403
-1.418967651926034,1.62035631386896,-2.6342426702739377,4.4154176817406805,-0.24071262773792465,2.2074243077565057
-1.415590742812619,1.6203824443305714,-2.634904520518596,4.414848615513011,-0.24076488866114729,2.2069966950598014
-1.4113964490392854,1.621168970525603,-2.634387953556448,4.413993390119603,-0.24233794105121037,2.206368859354122
-1.414227917070861,1.6202867420317955,-2.636473804974266,4.412737718708244,-0.24057348406359558,2.2067749185810315
-1.4105606478955994,1.6201276833746643,-2.63744466196061,4.413549837162063,-0.24025536674933326,2.2067467399008605
-1.412103089005271,1.6200526057035447,-2.6382774635695685,4.413493479801721,-0.2401052114070943,2.206375354449221
-1.410595856179684,1.619879607134584,-2.6392295130210623,4.412750708898442,-0.23975921426917268,2.2060474348227608
-1.4079992478219756,1.620642646012602,-2.638751095278552,4.4120948696455216,-0.24128529202520863,2.205611614159478
-1.40790627092466,1.6209448788228142,-2.639006057749797,4.411223228318956,-0.241889757645633,2.204955006719106
-1.4003863642395,1.6211603740037228,-2.639371461639417,4.409910013438212,-0.24232074800745015,2.2045397665552042
-1.3921741495510576,1.620760527454145,-2.6407220311826003,4.4090795331104085,-0.24152105490829467,2.2033806104364753
-1.3827162455880702,1.6206276626353102,-2.6416199894138033,4.4067612208729505,-0.24125532527062504,2.2032786790389425
-1.3761569977090968,1.6208849911617755,-2.6419172904796704,4.406557358077885,-0.24176998232355562,2.2029227753490797
-1.3696724610831428,1.621516671271289,-2.6416549308274817,4.405845550698159,-0.24303334254258255,2.2024502927788587
-1.3675700532041821,1.621777494677821,-2.6419865424270434,4.4049005855577175,-0.24355498935564648,2.201891917484872
-1.367705452993422,1.621829404094916,-2.642604513896921,4.403783834969744,-0.24365880818983654,2.201694534895956
-1.3651867835149052,1.6223602845751361,-2.642499170439025,4.403389069791912,-0.24472056915027685,2.201306015749589
-1.363049151125873,1.6230883457515242,-2.642058950902353,4.402612031499178,-0.24617669150305302,2.2015188733822773
-1.3614525743566135,1.6231326474706451,-2.6426764376057292,4.4030377467645545,-0.246265294941295,2.2018556166747145
-1.3569562765396226,1.6229182296670173,-2.6437316081822235,4.403711233349429,-0.2458364593340395,2.2017598700067835
-1.3550334372031996,1.6230287680592959,-2.6442497901277595,4.403519740013567,-0.24605753611859674,2.2017625178647746
-1.3574163395658245,1.6229961437965983,-2.6450277039437013,4.403525035729549,-0.24599228759320144,2.2007899697122544
-1.3605488569841189,1.6236852323858733,-2.644674981851848,4.401579939424509,-0.24737046477175148,2.2001375430608023
-1.365915971425172,1.6235313719413265,-2.6455899453747413,4.400275086121605,-0.2470627438826578,2.2003185159634278
-1.3699188771741335,1.6230684592350968,-2.6470110918665912,4.4006370319268555,-0.24613691847019853,2.199949448256719
-1.3702682190103352,1.6234486532435903,-2.647116440745854,4.399898896513438,-0.24689730648718575,2.199792838056842
-1.3741233535704602,1.6230872011960384,-2.64839733900375,4.399585676113684,-0.24617440239208216,2.1993021508755364
-1.3738504611734457,1.6238908317397447,-2.6478375710840574,4.398604301751073,-0.2477816634794947,2.1985393745726185
-1.3774386838011907,1.6231131324311685,-2.6497245828475138,4.397078749145237,-0.24622626486234256,2.1982223931958376
-1.3767341875336008,1.623917248430196,-2.6491678465419906,4.396444786391675,-0.24783449686039774,2.197929630960433
-1.3848401153245518,1.6239401080750322,-2.6498072099395102,4.395859261920866,-0.24788021615006992,2.1976027025552627
-1.3874653479994548,1.6240677513414874,-2.650307353923419,4.395205405110525,-0.24813550268298054,2.1972803003413515
-1.3884442941936923,1.6241394872826274,-2.6509021908238584,4.394560600682703,-0.24827897456526038,2.1966115467377914
-1.3879922712934396,1.6242710198728014,-2.6514243793053494,4.393223093475583,-0.24854203974560846,2.1962809258265765
-1.3885245242688238,1.624289432160549,-2.652066547036774,4.392561851653153,-0.24857886432110352,2.197012542728155
-1.3915139810513544,1.6241515976351053,-2.6529462657973752,4.39402508545631,-0.24830319527021613,2.196827159140819
-1.3952252736753628,1.624183395165945,-2.65358255839666,4.393654318281638,-0.24836679033189574,2.197155986787791
-1.4001425541183055,1.6243965259752615,-2.653934253201396,4.394311973575582,-0.24879305195052867,2.1967715625424087
-1.4080810521365223,1.6255113430543195,-2.652894639584388,4.393543125084817,-0.2510226861086448,2.196886591485336
-1.421237425156416,1.6248115299664225,-2.6546458259616568,4.393773182970672,-0.24962305993285092,2.1976548718694966
-1.4225467666026028,1.6251790784048683,-2.654802365988104,4.395309743738993,-0.2503581568097423,2.1978496291513103
-1.4283322533675233,1.625378681711431,-2.6552178607830776,4.395699258302621,-0.25075736342286786,2.1971147451161666
-1.4321555450490828,1.6263840192269254,-2.654353423898385,4.394229490232333,-0.2527680384538567,2.196599765148506
-1.4367204017955844,1.6268939048626363,-2.654247019782792,4.393199530297012,-0.2537878097252785,2.1961888012944453
-1.4373766322923576,1.6277693252704206,-2.6535750166653087,4.3923776025888905,-0.255538650540847,2.1958122030420655
-1.435334900301085,1.6272307268481918,-2.6551217887392724,4.391624406084131,-0.2544614536963892,2.195006399689467
-1.422226289353509,1.6274116425013372,-2.6555161561388916,4.390012799378934,-0.25482328500267987,2.1951250361827404
-1.4150891778002925,1.6279094752315642,-2.65540800495639,4.390250072365481,-0.25581895046313385,2.194878116457374
-1.4061185543474926,1.6286109321157138,-2.654999222083795,4.389756232914748,-0.25722186423143334,2.19441517290755
-1.3994982116699355,1.629215473240159,-2.6547125205686966,4.3888303458151,-0.2584309464803235,2.1944148983281035
-1.385402426659986,1.6284862461809109,-2.656538623434369,4.388829796656207,-0.2569724923618273,2.193671757718441
-1.3691076873586083,1.628840474651465,-2.656662440430319,4.387343515436882,-0.2576809493029357,2.193418137317055
-1.358750580540403,1.6287394874429124,-2.6574961714573684,4.38683627463411,-0.2574789748858305,2.1933572469785054
-1.3460724337143912,1.6287620670958118,-2.658134533428636,4.386714493957011,-0.2575241341916294,2.193351599928774
-1.3345642951682384,1.6291879985214786,-2.65817028971663,4.386703199857548,-0.2583759970429626,2.1932560047049026
-1.3246604254981669,1.629412775987377,-2.6585085543060045,4.386512009409805,-0.2588255519747597,2.192777112380192
-1.3122787092831392,1.629554545630823,-2.6589650859784237,4.385554224760384,-0.25910909126165144,2.1934950149352965
-1.2981246499035715,1.6293673659137735,-2.6599318861923087,4.386990029870593,-0.2587347318275525,2.192988487076962
-1.282789783013784,1.6296840980052325,-2.660155604953328,4.385976974153924,-0.25936819601047056,2.192486401975235
-1.2707914144303807,1.6300840228906435,-2.66018908516612,4.38497280395047,-0.26016804578129227,2.1924689522794267
-1.2648822559183948,1.6294786880105538,-2.6618006720687495,4.3849379045588535,-0.25895737602111285,2.1915499325210077
-1.2518335344945835,1.630062188321341,-2.661569068175761,4.383099865042015,-0.2601243766426874,2.1911183952111006
-1.2464994203706123,1.6309385780823773,-2.660879616563298,4.382236790422201,-0.26187715616475965,2.190850245501472
-1.240200720902876,1.6315429953040093,-2.6606222067984087,4.381700491002944,-0.26308599060802373,2.190665676560055
-1.2346061711190874,1.6314555848174985,-2.661475431805507,4.38133135312011,-0.2629111696350021,2.1911986253422917
-1.2270603257966488,1.6319979437390066,-2.661306745793228,4.382397250684583,-0.2639958874780184,2.1911572504620405
-1.226975606522581,1.632364875855862,-2.6614146137165817,4.382314500924081,-0.26472975171172913,2.1913118077643396
-1.2218482831516284,1.6319703801175964,-2.6627144375245266,4.382623615528679,-0.2639407602351978,2.1909496483497355
-1.2142364526354004,1.632424765352897,-2.662674583196253,4.381899296699471,-0.2648495307057988,2.190771995364813
-1.2134373091762227,1.6327957367531125,-2.662778275765158,4.381543990729626,-0.26559147350623,2.19269747874458
-1.2142995786124944,1.6333263614548925,-2.662653048127947,4.38539495748916,-0.2666527229097899,2.192668767131139
-1.217278382355273,1.6330434342458344,-2.663776103337858,4.385337534262278,-0.26608686849167373,2.1925676747789526
-1.212877066635224,1.6327340744926606,-2.664938638724736,4.385135349557905,-0.26546814898532606,2.192610812666197
-1.2116983513836423,1.6336068700201156,-2.664261950997792,4.385221625332394,-0.26721374004023607,2.1920572840192425
-1.214744503069629,1.6331365524365145,-2.665679408683314,4.384114568038485,-0.2662731048730337,2.1915223682990446
-1.2097645009956317,1.6320742043752903,-2.668028040153049,4.383044736598089,-0.2641484087505854,2.190404851602228
-1.2076168000938328,1.6319515580667272,-2.6688675967652746,4.380809703204456,-0.26390311613345935,2.1907119319543322
-1.2133943184401013,1.631878724391598,-2.669671664876648,4.3814238639086645,-0.2637574487832011,2.1903113351401453
-1.2207080924114069,1.6314925385366026,-2.670957327647168,4.380622670280291,-0.26298507707321045,2.1907974319810326
-1.2269198576104001,1.6311102544205438,-2.6722454194283918,4.381594863962065,-0.2622205088410929,2.1904806637958303
-1.236482908261316,1.6319161667994244,-2.6716709935673846,4.380961327591661,-0.2638323335988539,2.1905706299450385
-1.2528643755589037,1.6320475167383661,-2.672158457694071,4.381141259890077,-0.26409503347673724,2.1902673327189883
-1.2605405598910109,1.631951106532227,-2.6730091669537823,4.380534665437977,-0.2639022130644591,2.1895062726384684
-1.2700572698369017,1.6321275506130677,-2.6734307495581295,4.379012545276937,-0.26425510122614054,2.189151309578608
-1.2857649529641106,1.632574758161834,-2.673425676867282,4.378302619157216,-0.26514951632367295,2.1886846555263664
-1.3045136949596936,1.633517993276969,-2.6726430028562635,4.377369311052733,-0.26703598655394317,2.187877169459927
-1.3217672809549255,1.6333641199940845,-2.6735364845028124,4.375754338919854,-0.26672823998817424,2.1872822148530733
-1.3332740481346603,1.6322370989892772,-2.6759287122014923,4.374564429706147,-0.26447419797855953,2.187090404643428
-1.3446514521788386,1.6322728622420024,-2.676567916970111,4.374180809286856,-0.26454572448400987,2.18646980625122
-1.3614760862472892,1.632416414471393,-2.6770220953697206,4.37293961250244,-0.26483282894279125,2.186207994149009
-1.3805191551104021,1.6327668360686893,-2.6771397886272883,4.372415988298018,-0.2655336721373838,2.1859865677165264
-1.4010063842314124,1.632679876237247,-2.6779544778568707,4.371973135433053,-0.2653597524744993,2.1856918744211007
-1.4210646143097254,1.633079493582076,-2.6780060827976353,4.371383748842201,-0.2661589871641576,2.1854086254893232
-1.4410972561414628,1.6330823978972575,-2.678680419990166,4.3708172509786465,-0.26616479579452057,2.1850817314588866
-1.456138240156107,1.6333024116969128,-2.6790068700490726,4.370163462917773,-0.2666048233938312,2.185595824512269
-1.4764520208595024,1.6335344567214365,-2.67931498025453,4.371191649024538,-0.2670689134428784,2.185101476345044
-1.4930171386262858,1.6338458616058376,-2.679511900569791,4.370202952690088,-0.2676917232116804,2.1847313269827513
-1.5035108113345748,1.633695959055486,-2.680461443885765,4.369462653965503,-0.2673919181109775,2.186944603945255
-1.5098576782635282,1.6339370079479545,-2.6807786695132583,4.37388920789051,-0.26787401589591464,2.1864708865430527
-1.5168282212392568,1.6342833992527626,-2.680920939348309,4.372941773086105,-0.2685667985055308,2.186298656059829
-1.5203251716633102,1.634443645717016,-2.681383799562903,4.372597312119658,-0.26888729143403767,2.1860939525822167
-1.5189832901580536,1.635105142607383,-2.68104348184412,4.3721879051644335,-0.2702102852147718,2.1857764902166505
-1.5221597612114235,1.6361825366125995,-2.680054261412089,4.371552980433301,-0.2723650732252048,2.1853321442219764
-1.522593196139371,1.6355173780914067,-2.681769605217696,4.370664288443953,-0.27103475618281925,2.1847693045432397
-1.510225583338059,1.6347108850516494,-2.6837021941816555,4.369538609086479,-0.2694217701033045,2.184192348908762
-1.5006390783867225,1.6335840687766439,-2.686152427481916,4.368384697817524,-0.2671681375532934,2.1830914597235807
-1.4954727971402653,1.6337548239664903,-2.686556382222735,4.366182919447161,-0.2675096479329864,2.183919751687163
-1.503681372960699,1.633770646683181,-2.687204028899611,4.367839503374326,-0.26754129336636784,2.18365552187711
-1.5094645886271763,1.6331513287077588,-2.688822413747255,4.36731104375422,-0.2663026574155235,2.183493062876856
-1.5084481538626207,1.6332591529362157,-2.689368522743539,4.366986125753712,-0.26651830587243713,2.1836047982857907
-1.5117086014026049,1.6332162721573493,-2.690114165379083,4.367209596571581,-0.2664325443147044,2.1836423085116357
-1.514420846802362,1.6336242383697306,-2.6901505704889246,4.367284617023271,-0.26724847673946694,2.184028389310721
-1.5199977874478414,1.6341173895914942,-2.6900401331596897,4.368056778621442,-0.26823477918299415,2.183749907404941
-1.5229335318047867,1.6339439090910797,-2.690980173567163,4.367499814809882,-0.2678878181821653,2.1837786936458916
-1.523340775162107,1.6330636848559568,-2.693060314192597,4.367557387291783,-0.26612736971191936,2.1820874791032403
-1.5225205196327116,1.6331848342984292,-2.6935442684044504,4.364174958206481,-0.26636966859686406,2.1819076130206407
-1.5290191505858244,1.6336543969060784,-2.693480136450663,4.3638152260412815,-0.2673087938121624,2.1816712434296788
-1.536887177214339,1.6341638966533314,-2.6933747947931646,4.3633424868593575,-0.2683277933066682,2.1815947364131527
-1.5438411968103936,1.6338984445152374,-2.6944225549122747,4.363189472826305,-0.26779688903048,2.18237072265019
-1.5452805230705722,1.6328540054376408,-2.696720199493246,4.36474144530038,-0.26570801087528695,2.1814013815276945
-1.5470800048170281,1.6334844500337014,-2.6964114174869662,4.362802763055389,-0.2669689000674079,2.181191542693982
-1.5593331726587716,1.633182009131012,-2.6975846118457767,4.362383085387964,-0.2663640182620294,2.1805249449905926
-1.566374218705659,1.633697804890133,-2.697459742534026,4.361049889981185,-0.26739560978027105,2.1804382627456014
-1.5806713209659922,1.6337249638722526,-2.698093165484605,4.360876525491203,-0.2674499277445105,2.1800914314463595
-1.598131718564571,1.6331738296357472,-2.699636590174168,4.360182862892719,-0.26634765927149984,2.1799713158178764
-1.6109036506291103,1.6336202218384521,-2.699611632272166,4.359942631635753,-0.26724044367690986,2.1796527667503676
-1.6250161014317848,1.6337673931424186,-2.700040894638151,4.359305533500735,-0.267534786284843,2.179992532013861
-1.630894849187295,1.6340499384651592,-2.7002800157154008,4.359985064027722,-0.26809987693032444,2.1799829658496357
-1.6369009692302445,1.6339399920431934,-2.7011312336935642,4.359965931699271,-0.2678799840863928,2.1800219680486332
-1.640168965395351,1.6337760642487902,-2.7020547577059233,4.3600439360972665,-0.2675521284975865,2.1806321839464116
-1.6407093546879226,1.634339474007898,-2.701862736191906,4.361264367892823,-0.26867894801580217,2.1799558591824493
-1.644095253555744,1.633947737189713,-2.7031158423959805,4.3599117183648985,-0.26789547437943245,2.180264311559933
-1.6413530008454227,1.6344825574911137,-2.7029630665982234,4.360528623119866,-0.2689651149822337,2.1806170461331296
-1.6446566387767045,1.634972617332581,-2.70285504534981,4.361234092266259,-0.2699452346651682,2.180640605693658
-1.6473005622330188,1.6347352119094023,-2.7038727108017406,4.361281211387316,-0.2694704238188109,2.1803458124537545
-1.6442150751162494,1.635622575990144,-2.7031527304782776,4.360691624907509,-0.2712451519802944,2.1801049417686795
-1.6409426331597652,1.635837365994807,-2.703501309516845,4.360209883537359,-0.2716747319896202,2.180030171549543
-1.6306858906293544,1.6352465039044983,-2.7050959655891176,4.360060343099086,-0.27049300780900315,2.1796933770238662
-1.619556354618913,1.6346685196372392,-2.7066501887805696,4.3593867540477325,-0.269337039274485,2.1794429249286043
-1.6137447164783427,1.6346488815381304,-2.707357604330132,4.3588858498572085,-0.26929776307626735,2.178951504247391
-1.6104984708346315,1.634818048102529,-2.707771325692208,4.357903008494782,-0.2696360962050647,2.178976043802383
-1.6031830034951595,1.6355012629127834,-2.707393714659205,4.357952087604766,-0.27100252582557344,2.178825526440312
-1.5997356041413793,1.6351238164896242,-2.7086466216766425,4.357651052880624,-0.27024763297925514,2.180142476808074
-1.5880924732859467,1.6351502500029143,-2.709255047460456,4.360284953616148,-0.27030050000583516,2.1810717509254767
-1.5820101065406615,1.6351030649807712,-2.7100132648855446,4.362143501850953,-0.27020612996154925,2.180798739578641
-1.5756806816472413,1.635020642488391,-2.71083798164814,4.361597479157282,-0.27004128497678903,2.180212308694269
-1.56702055243525,1.6357740758592367,-2.7103391207029297,4.360424617388538,-0.27154815171848024,2.180081277035662
-1.563413848035852,1.6359100318095672,-2.710781493051102,4.360162554071324,-0.2718200636191413,2.1804245793802566
-1.5546988647538986,1.6350423432695946,-2.712851130412771,4.360849158760513,-0.2700846865391962,2.179122558775708
-1.5442940681112585,1.6352229887695082,-2.7132463435369645,4.358245117551416,-0.27044597753902333,2.1790058708563853
-1.5400200638869417,1.6342424896169556,-2.715442433816567,4.358011741712771,-0.2684849792339182,2.1796141503538706
-1.5313093715323836,1.6341493452732727,-2.716261430214117,4.359228300707741,-0.2682986905465525,2.1797184937366962
-1.5323839024728139,1.6340022644306555,-2.7171651277114695,4.3594369874733925,-0.26800452886131826,2.179960844296746
-1.532241126823717,1.63362382694942,-2.7184153411621295,4.359921688593492,-0.2672476538988473,2.179925829972935
-1.5354314953132846,1.6341791406959385,-2.718228845165296,4.35985165994587,-0.26835828139188417,2.1800372034493254
-1.5456946227409945,1.6338199933598763,-2.719461774333079,4.360074406898651,-0.26763998671975947,2.180356527455963
-1.5497267217508222,1.6331319070851742,-2.721222329891754,4.360713054911926,-0.26626381417035555,2.1794570916673552
-1.5603057752479157,1.633407361044177,-2.7215003077490594,4.3589141833347105,-0.26681472208836127,2.179326984844869
-1.5777730853544052,1.6337379113068493,-2.721656999586325,4.358653969689738,-0.2674758226137058,2.179274060924167
-1.5915554624129118,1.6337280244273162,-2.7223369961376847,4.358548121848334,-0.2674560488546397,2.1797762119010704
-1.6002503962680956,1.6344024764689873,-2.721993651757462,4.359552423802141,-0.2688049529379819,2.1791324559998824
-1.6106845104051837,1.6328973858667672,-2.725023400905055,4.358264911999765,-0.2657947717335419,2.177406878288544
-1.612584994581494,1.6331595676918633,-2.725291787817656,4.354813756577088,-0.2663191353837342,2.176957479809656
-1.6291464830197153,1.6324923743258206,-2.7270001419780012,4.353914959619312,-0.26498474865164884,2.176802804951013
-1.6402200560456444,1.6323866644406624,-2.727852506451297,4.353605609902026,-0.26477332888133237,2.1769764018029134
-1.6558051229525197,1.6332134341841253,-2.7272496129076753,4.353952803605827,-0.26642686836825835,2.176721548932905
-1.6739845994233777,1.633185240671331,-2.7279433538475995,4.35344309786581,-0.2663704813426695,2.177574529733577
-1.68439175230874,1.6334702145094777,-2.728210355055265,4.355149059467154,-0.2669404290189632,2.1775220879410764
-1.7000076641603528,1.6332015365097854,-2.729339916494706,4.355044175882153,-0.26640307301957844,2.1777538933149967
-1.7131536032639019,1.6333867016870975,-2.729748624652557,4.355507786629993,-0.26677340337420297,2.1772717044325867
-1.72458005816326,1.6337341748264427,-2.729902877729845,4.354543408865173,-0.2674683496528932,2.1767735383084337
-1.7360191592181509,1.6341016327997782,-2.7300120534006584,4.353547076616867,-0.268203265599564,2.1768514965714023
-1.7408576827316962,1.6345399106646639,-2.7300046108741625,4.353702993142805,-0.26907982132933556,2.1768688351696945
-1.7428911919613435,1.6344623027775491,-2.7308313253386474,4.353737670339389,-0.2689246055551062,2.176173763890229
-1.7398739666800649,1.6341250675712853,-2.7320099461137106,4.352347527780458,-0.26825013514257834,2.1764288343395415
-1.7342820961342051,1.6340787656770723,-2.732729184976535,4.352857668679083,-0.26815753135415255,2.1765961316218485
-1.7337211497855043,1.6345728298187143,-2.732650234975081,4.353192263243697,-0.2691456596374365,2.176529092338943
-1.7325275257702712,1.634014071894764,-2.7342064300806523,4.353058184677886,-0.26802814378953577,2.1761432689431697
-1.722245859703027,1.6338214061549616,-2.735201850914885,4.352286537886339,-0.26764281230993114,2.1756190562430247
-1.7165206631444219,1.6336157166293042,-2.736167378866659,4.351238112486049,-0.26723143325861626,2.175115959436464
-1.7131771837558736,1.6335346517181148,-2.7370018945790786,4.350231918872928,-0.2670693034362377,2.1749830917787993
-1.7107255231501537,1.6341402206905389,-2.7367539167909083,4.349966183557599,-0.2682804413810859,2.1754838085810553
-1.7141411057537412,1.634101534962237,-2.7374928852205516,4.350967617162111,-0.268203069924482,2.1756448645260957
-1.7059275612285023,1.6347310973730222,-2.737188198752523,4.3512897290521915,-0.26946219474605254,2.1754290867308175
-1.7007564003634073,1.6349551200403651,-2.7375425837455123,4.350858173461635,-0.2699102400807385,2.174919970154228
-1.687637208542396,1.6344965307297483,-2.738934154560569,4.349839940308456,-0.2689930614595048,2.1756254251878993
-1.6709555305663126,1.6341753243097001,-2.740083619106254,4.3512508503757985,-0.2683506486194082,2.1763406448384317
-1.6617864456788032,1.6334652873186466,-2.741825068122594,4.352681289676863,-0.266930574637301,2.1771595840095115
-1.6530262723701392,1.6341915910518017,-2.741387332113646,4.354319168019023,-0.26838318210361123,2.1767273725663143
-1.652634684916395,1.6345705837479665,-2.7414649133185933,4.353454745132629,-0.269141167495941,2.1767829015973765
-1.645919002603061,1.6340331727964825,-2.7429960946337633,4.353565803194753,-0.26806634559297315,2.177066955908319
-1.6358943448487864,1.6340437474160172,-2.743651445383851,4.354133911816638,-0.2680874948320427,2.1769065443173745
-1.6318096608455623,1.6341896599875536,-2.744082916365667,4.353813088634749,-0.26837931997511566,2.177164766645169
-1.630252368796334,1.6341801286809319,-2.7447839245748327,4.354329533290338,-0.26836025736187225,2.176999243104987
-1.630187057887456,1.6342090285019872,-2.7454391271644667,4.353998486209974,-0.2684180570039829,2.1767145446878593
-1.630149959402892,1.6342882092186986,-2.746010047673669,4.353429089375719,-0.2685764184374055,2.1760599951835413
-1.6287796330784197,1.6344067299342708,-2.746501674247418,4.352119990367083,-0.26881345986854993,2.1757220862544537
-1.627152161417574,1.6342398136117064,-2.747421548468249,4.3514441725089075,-0.2684796272234213,2.1757594051528693
-1.6271977607538948,1.6347348517630125,-2.747328155415262,4.3515188103057385,-0.2694697035260332,2.1756085275028623
-1.6274264182429965,1.6347086927930168,-2.7480625193647152,4.3512170550057245,-0.2694173855860417,2.175231721265005
-1.622868274434438,1.63468935891867,-2.748781828589834,4.35046344253001,-0.26937871783734796,2.174903061451781
-1.6176821836923054,1.633080025734906,-2.75193911955531,4.349806122903562,-0.26616005146981997,2.1736354109867313
-1.6083793845088359,1.6332764021543236,-2.7522902140336796,4.347270821973463,-0.26655280430865497,2.1735126160353637
-1.61384705452077,1.6339031136448263,-2.7520052711771146,4.347025232070727,-0.2678062272896604,2.1732213843722907
-1.6194459653226183,1.6344260628318648,-2.7518776874250683,4.3464427687445815,-0.26885212566373745,2.173300535708652
-1.625049596863667,1.63457109839624,-2.752363699036292,4.346601071417304,-0.26914219679248824,2.172647202710966
-1.6281266610005216,1.6350889411742593,-2.7522400987410225,4.345294405421932,-0.27017788234852663,2.172293026376788
-1.629466710296249,1.634740956363037,-2.7534408241555424,4.344586052753576,-0.2694819127260822,2.1725045833160808
-1.6243098104976892,1.63511800132063,-2.75354143104739,4.3450091666321615,-0.270236002641268,2.1718433739936693
-1.6194996596278306,1.6350467689070711,-2.754318212812544,4.343686747987339,-0.2700935378141504,2.1726465918417137
-1.615864311676755,1.6350105075192765,-2.755020238577142,4.345293183683427,-0.27002101503856124,2.174012700014612
-1.6147902947762283,1.6355339059772624,-2.754878363636697,4.348025400029224,-0.27106781195453333,2.1744734029503254
-1.612896542633045,1.636068278690463,-2.7547299332458186,4.348946805900651,-0.27213655738093434,2.1747848204437528
-1.608202881365203,1.6362228963864407,-2.7551429261229106,4.3495696408875055,-0.2724457927728896,2.1750426966846925
-1.6003716629332008,1.6363823611282133,-2.755579868853209,4.350085393369385,-0.2727647222564348,2.175920983035968
-1.591724815406487,1.636615603586146,-2.755889768014991,4.351841966071936,-0.2732312071723003,2.1762021245212866
-1.5826698750990607,1.634960256004961,-2.759108616981744,4.352404249042573,-0.2699205120099303,2.1755207220489505
-1.5680939908637257,1.6346464931316975,-2.7602504453375705,4.351041444097901,-0.2692929862634035,2.174919102349149
-1.564245768070305,1.634353295674751,-2.761363012425869,4.349838204698298,-0.2687065913495106,2.1751084951976654
-1.5612555258271905,1.6349910085230663,-2.761062140596042,4.350216990395331,-0.26998201704614105,2.1746393139956313
-1.5648473635563158,1.6342845554423715,-2.762840473111651,4.3492786279912625,-0.26856911088475155,2.1749774351518916
-1.5614360477242737,1.6343294312172922,-2.7634363424486486,4.349954870303783,-0.26865886243459314,2.1749942607985253
-1.563134097286865,1.634627327356945,-2.7636214488186472,4.349988521597051,-0.2692546547138987,2.1749955845113016
-1.5589626492452708,1.6344057857415892,-2.7645980215660364,4.349991169022603,-0.26881157148318724,2.174688582286086
-1.5530357585458536,1.6340587546711778,-2.7658372705198966,4.349377164572172,-0.26811750934236456,2.173929394881618
-1.55144022173289,1.635308452252162,-2.764584276095774,4.347858789763236,-0.27061690450433273,2.1736152866111444
-1.558589504907624,1.6352824652781173,-2.7652797301930927,4.347230573222289,-0.27056493055624353,2.1740143325229546
-1.554228259097185,1.6354501867805435,-2.7656799293485483,4.348028665045909,-0.2709003735610961,2.174115818428494
-1.5534991868639767,1.6351571468078967,-2.7668305054849283,4.348231636856988,-0.2703142936158026,2.173956785056816
-1.549270070981376,1.6341136846682205,-2.7691608855295446,4.347913570113632,-0.26822736933645003,2.172429985972562
-1.5466615473732648,1.6339712647069882,-2.7700490839696594,4.344859971945124,-0.26794252941398544,2.1722700814715985
-1.550657006821634,1.633620669799382,-2.7712522869564054,4.344540162943197,-0.267241339598773,2.1720677803035016
-1.5548191280834722,1.6342247910235197,-2.7709695764774205,4.344135560607003,-0.2684495820470483,2.1720987145283903
-1.5661174043559094,1.6338793625182664,-2.7721968575363887,4.344197429056781,-0.2677587250365414,2.1720448096868528
-1.5747015589891533,1.6340123227274423,-2.7726289036753635,4.3440896193737055,-0.2680246454548934,2.172336418892934
-1.5871043355008392,1.6337070439046193,-2.7737965977088934,4.344672837785868,-0.26741408780924714,2.1712919949632505
-1.598585701694887,1.6345078888811018,-2.7732229044033665,4.342583989926501,-0.26901577776221214,2.171323588082914
-1.61563751537349,1.6346343482571146,-2.7736827294323385,4.342647176165828,-0.26926869651423774,2.173613792743659
-1.6194889516946598,1.6348232883999065,-2.7740540335655512,4.347227585487318,-0.26964657679982157,2.173827887876308
-1.6212359895382868,1.6353077579010717,-2.774006834679159,4.347655775752616,-0.27061551580215193,2.173288112114248
-1.6211858851534489,1.634972318741547,-2.775245779334305,4.346576224228496,-0.2699446374831024,2.1728251434543746
-1.6198678588235282,1.6354859601842293,-2.7751543711032647,4.345650286908749,-0.27097192036846685,2.1721860588933155
-1.6189951090356292,1.635780412056917,-2.7753657210017924,4.344372117786631,-0.2715608241138425,2.1722330684526856
-1.6148228471752937,1.6354985406662914,-2.7764700344214956,4.344466136905371,-0.2709970813325912,2.171927575361403
-1.609049334134669,1.6358156190640394,-2.7766496171333266,4.343855150722806,-0.27163123812808715,2.172063953568915
-1.6049229872607416,1.6356400588497888,-2.7775593839086135,4.34412790713783,-0.27128011769958615,2.1721863340945218
-1.596114186757182,1.6360205770005711,-2.77764042318923,4.3443726681890436,-0.2720411540011507,2.172053176776144
-1.5986853889780428,1.6355269237548158,-2.7791026847077056,4.344106353552288,-0.2710538475096399,2.1717369167804113
-1.5967339129319331,1.6360231897882827,-2.7790210443336645,4.3434738335608225,-0.2720463795765738,2.1713714476487698
-1.6003273331266787,1.63588669340874,-2.7799065352354178,4.3427428952975395,-0.2717733868174882,2.171625177056617
-1.5980845202697909,1.6364789946865803,-2.779656575368007,4.343250354113234,-0.27295798937316884,2.1716291506205128
-1.5937518510628654,1.637582374504388,-2.778634399350097,4.3432583012410255,-0.27516474900878435,2.17096575839042
-1.5865362892249144,1.637049688489572,-2.780147592213562,4.34193151678084,-0.2740993769791524,2.170317258428298
-1.5659466257282497,1.6374008252089114,-2.7803140526707666,4.340634516856596,-0.274801650417831,2.1698217185302178
-1.5533378806173062,1.637612177024033,-2.78062613334497,4.3396434370604355,-0.27522435404807427,2.1703911548439643
-1.536984853686194,1.6378527942968948,-2.780907173446725,4.3407823096879286,-0.2757055885937978,2.170979294305691
-1.5203417589098802,1.6381536146632683,-2.781138776299356,4.341958588611382,-0.2763072293265447,2.1704721262377955
-1.5012930677319,1.6376371708805577,-2.7826139314005816,4.340944252475591,-0.2752743417611238,2.169953125943932
-1.4835424844706757,1.636893770358819,-2.7844600959764914,4.339906251887864,-0.27378754071764627,2.16913775435597
-1.4684250683052402,1.6370903406630124,-2.784846476144714,4.33827550871194,-0.2741806813260333,2.1688050054320227
-1.4602042753922635,1.6371090301210638,-2.785460602356013,4.337610010864045,-0.2742180602421363,2.1687001194534727
-1.4535314993919186,1.6368831349251172,-2.786493248087236,4.3374002389069455,-0.27376626985024294,2.168129818242304
-1.4449379394922286,1.63744365998795,-2.786315563018901,4.336259636484608,-0.27488731997590854,2.1675720805419756
-1.4425354627330853,1.6379024780592202,-2.7862512000877584,4.335144161083951,-0.2758049561184489,2.1679565050447724
-1.4387735721777495,1.6389719680943047,-2.785262982025276,4.335913010089545,-0.27794393618861774,2.167796849953732
-1.4332077508337082,1.6398647353636249,-2.784544349721247,4.335593699907464,-0.2797294707272579,2.16749222377996
-1.4222865724071996,1.6391202096776574,-2.7863864841959245,4.33498444755992,-0.2782404193553227,2.1666635632083104
-1.4013976926434821,1.6390455388807355,-2.7871594363800365,4.333327126416621,-0.27809107776147896,2.1665134915127053
-1.3878334176950102,1.6390345233865458,-2.78782983294674,4.333026983025411,-0.27806904677309974,2.1660898085265874
-1.3730738144808594,1.6389688069003074,-2.7885973785742797,4.332179617053175,-0.2779376138006231,2.1657291397972265
-1.3613244350006697,1.639505180507163,-2.788449983374921,4.331458279594453,-0.27901036101433424,2.165551644194175
-1.351296528031148,1.6390584490844213,-2.7898353334742065,4.33110328838835,-0.2781168981688509,2.164986783812133
-1.3396326801497496,1.6392305118556931,-2.790231097175738,4.329973567624266,-0.27846102371139464,2.165043132919193
-1.3392389866500196,1.6394725925631584,-2.790521526046473,4.330086265838386,-0.27894518512632516,2.1648176770180707
-1.336417771233782,1.639386494444179,-2.7913286857711976,4.329635354036141,-0.2787729888883664,2.164500567989324
-1.3338458723179745,1.6395060795245544,-2.7918094401044247,4.329001135978648,-0.2790121590491175,2.164684649244973
-1.3337436465905728,1.6397865856989773,-2.7920482564050544,4.329369298489946,-0.2795731713979635,2.1648224356131696
-1.3351188040651807,1.640561604267085,-2.7915223468748653,4.329644871226339,-0.2811232085341787,2.1649883384909345
-1.3382816253377545,1.640227743191387,-2.7926993906519533,4.329976676981869,-0.28045548638278284,2.164348599103531
-1.3323361378967253,1.6404555478467604,-2.7930330823314615,4.328697198207062,-0.28091109569352984,2.163710141924008
-1.3264642418627084,1.6395121243045776,-2.795148995344604,4.327420283848016,-0.2790242486091642,2.1633143132408734
-1.3177697293899509,1.6394190950997423,-2.7959592275513754,4.326628626481747,-0.2788381901994935,2.1632639954543507
-1.3155030130291114,1.639637854246419,-2.7962726949203582,4.326527990908701,-0.27927570849284705,2.163255324782566
-1.3137456471006224,1.6405625020562506,-2.7955268198019145,4.326510649565132,-0.28112500411251057,2.162582316723268
-1.3159352198500607,1.641487189083456,-2.7947682515131986,4.325164633446536,-0.2829743781669211,2.161916985581906
-1.3152793254300732,1.6411360499784218,-2.7959871455732612,4.323833971163812,-0.28227209995685304,2.1615927214835375
-1.3128872609184556,1.6419608003235957,-2.795393106990496,4.323185442967075,-0.2839216006472008,2.1609207834740416
-1.3205761042535864,1.6422310799824773,-2.7955939920330266,4.321841566948083,-0.2844621599649641,2.1613539024863053
-1.3192394817082849,1.641259637191692,-2.7977518368107184,4.322707804972611,-0.2825192743833936,2.1606503034888456
-1.3131623578668825,1.6405897639413352,-2.7994010555981657,4.321300606977691,-0.28117952788267947,2.161839101003997
-1.3119725405722626,1.6408202958826947,-2.7997054795170806,4.323678202007994,-0.28164059176539874,2.1616951914242466
-1.3156997553723933,1.641204402615128,-2.799780713936243,4.323390382848493,-0.2824088052302651,2.16110638130752
-1.3216141283259515,1.6413681429502753,-2.800214376056705,4.32221276261504,-0.2827362859005599,2.1607454480553665
-1.3230786142451703,1.640833729019697,-2.8017015313664873,4.321490896110733,-0.2816674580394034,2.1610845475700877
-1.3228481647217614,1.640136186981436,-2.803455190538587,4.322169095140175,-0.280272373962881,2.160144595074224
-1.3257367547444925,1.640808429401999,-2.8030825797115595,4.320289190148448,-0.2816168588040068,2.1598943686181835
-1.3347191202836541,1.6411449678456471,-2.803216748884811,4.319788737236367,-0.2822899356913033,2.1599135241052947
-1.3397400346891717,1.6410168525758286,-2.8040781113031046,4.319827048210589,-0.28203370515166637,2.1597621973383965
-1.3432451942440036,1.6411772692163178,-2.8044963881667577,4.319524394676793,-0.2823545384326449,2.1599677598712623
-1.3524823868869433,1.6407451226996608,-2.805828450576049,4.319935519742525,-0.281490245399331,2.16053782480325
-1.357898138233866,1.6406303339789892,-2.8066713755636647,4.3210756496065,-0.2812606679579878,2.1603936477064387
-1.3671325131034204,1.640774907804193,-2.8071181488465933,4.320787295412877,-0.2815498156083955,2.159706005991979
-1.373541846746153,1.6414828024353747,-2.806676063032532,4.319412011983958,-0.2829656048707587,2.159688218623871
-1.3801193217057561,1.6418913014254832,-2.806702034204744,4.319376437247742,-0.28378260285097584,2.1598926144144377
-1.3828756529611634,1.6422820636930955,-2.8067747442199313,4.319785228828875,-0.28456412738620046,2.1598622273183743
-1.3888566558920932,1.6425171791590454,-2.8070797781630703,4.319724454636749,-0.2850343583181004,2.159987935399608
-1.3978660311338078,1.6425277462490597,-2.8077289315336573,4.319975870799216,-0.285055492498129,2.160178764024319
-1.4033363027430967,1.6429645712579337,-2.807715898028067,4.320357528048638,-0.28592914251587714,2.160660909768998
-1.4144867628095106,1.6434096401150184,-2.8076903878950192,4.321321819537996,-0.2868192802300467,2.1602121385039803
-1.4245343629028202,1.6435133518318867,-2.8082144778713776,4.320424277007961,-0.28702670366378313,2.160267888533185
-1.4269931036852403,1.6442910697764304,-2.8076638302600525,4.32053577706637,-0.2885821395528704,2.1601887600905036
-1.427454823830269,1.6442447456602023,-2.8083697977020323,4.320377520181007,-0.2884894913204141,2.1615269508282644
-1.4221592719415577,1.6438844862544004,-2.8095785326084317,4.323053901656529,-0.28776897250881056,2.1606622090720093
-1.4179663919880052,1.6429929295734407,-2.811585046907926,4.321324418144019,-0.28598585914689123,2.1602157593248914
-1.4146301579723513,1.6430964606994454,-2.8120994838383027,4.320431518649783,-0.28619292139890085,2.1601141335325935
-1.4149304555486413,1.642552632821628,-2.8136154828988063,4.320228267065187,-0.28510526564326594,2.158957201244499
-1.4097841861433984,1.6434093941021695,-2.812948991741436,4.317914402488998,-0.28681878820434903,2.1589449432244736
-1.4141609622671434,1.6430338894744836,-2.814232253881418,4.317889886448947,-0.2860677789489772,2.1582152461703314
-1.411788224080276,1.6437549764819555,-2.813786479313158,4.316430492340663,-0.28750995296392107,2.1581430165280744
-1.4131354932353999,1.643925195751183,-2.8141714947390355,4.316286033056149,-0.28785039150237574,2.158094019341454
-1.4095968856328793,1.644357399777837,-2.8141568590790222,4.316188038682908,-0.28871479955568385,2.157847816854297
-1.4037453837492344,1.6447566747732454,-2.8142081033083524,4.315695633708594,-0.28951334954650076,2.1572723540841054
-1.3948187632705031,1.644538106894158,-2.8152372301040574,4.314544708168211,-0.2890762137883262,2.156992855600261
-1.3828104856593242,1.6454293430943847,-2.8145243733169107,4.313985711200522,-0.2908586861887797,2.156514791888183
-1.3785800246638693,1.6461642629470472,-2.8140205896014803,4.313029583776366,-0.2923285258941046,2.1566393307860996
-1.3707315690757882,1.6462020105335453,-2.814622998090392,4.313278661572199,-0.2924040210671007,2.1559681579837173
-1.3589101289798688,1.6466656235829344,-2.8145577826554242,4.311936315967435,-0.2933312471658787,2.155743780333774
-1.3491999923298297,1.6469000857103147,-2.814870272276284,4.311487560667548,-0.29380017142063913,2.1553220079884605
-1.3365652591121575,1.646780771273912,-2.8156956597635343,4.310644015976921,-0.29356154254783384,2.1552794682199026
-1.3242782436550873,1.6468857679009867,-2.8161485350103916,4.310558936439805,-0.29377153580198334,2.1562320365719287
-1.3156250031563388,1.646241735306057,-2.8178114929031164,4.3124640731438575,-0.29248347061212365,2.155754905349255
-1.305219214447839,1.6455549105627116,-2.819565063942158,4.31150981069851,-0.2911098211254329,2.1551010201659695
-1.3021155199280274,1.64537977527927,-2.820476942990059,4.310202040331939,-0.29075955055854985,2.1549831239648713
-1.3033538335877235,1.6460159327100605,-2.820160882159732,4.309966247929743,-0.292031865420131,2.155027195097273
-1.3060922147217018,1.6461579797784094,-2.820588476931826,4.310054390194546,-0.2923159595568287,2.1545801571606615
-1.30065764784559,1.6459125729654802,-2.821616753013561,4.309160314321323,-0.2918251459309702,2.1545467547967236
-1.2942712435347736,1.6465270022109337,-2.8213309452569746,4.309093509593447,-0.2930540044218774,2.153947283769904
-1.289055443516273,1.6461997818712584,-2.8224806622696423,4.307894567539808,-0.2923995637425269,2.153744634823768
-1.2833612932669463,1.6466735171839901,-2.8224245227840985,4.307489269647536,-0.2933470343679906,2.153048210234725
-1.2797398878258193,1.6466116750848911,-2.823169832642639,4.30609642046945,-0.29322335016979245,2.1529634725786306
-1.2765927145342268,1.6457929169549286,-2.8250565899777285,4.305926945157261,-0.2915858339098672,2.152690379694783
-1.2729511035790306,1.6452259437507377,-2.826603202180574,4.305380759389566,-0.2904518875014853,2.152017337115659
-1.2758427859491557,1.6450451646009188,-2.827506288991614,4.304034674231318,-0.29009032920184746,2.1517418281563234
-1.2845666458539498,1.645421118799097,-2.8275853669386906,4.303483656312647,-0.29084223759820416,2.151415777004192
-1.2947962171665965,1.646265543572806,-2.8269271376116483,4.302831554008384,-0.2925310871456221,2.1510752938312443
-1.3098389693823078,1.64553303019099,-2.8287005925075257,4.302150587662489,-0.2910660603819901,2.1507553512470117
-1.3203195149895142,1.6459147783190533,-2.828756059591812,4.301510702494023,-0.2918295566381165,2.1503378409850455
-1.3371222296564518,1.645701162336136,-2.8297355491515144,4.300675681970091,-0.29140232467228194,2.1501472298192366
-1.353025563970664,1.6459748871632847,-2.8299624767994627,4.300294459638473,-0.2919497743265794,2.149795130991357
-1.3724281501670486,1.645507841897854,-2.8313497167929387,4.299590261982714,-0.291015683795718,2.1498198943386457
-1.3879986291672557,1.6449088269468257,-2.8329724501903115,4.2996397886772915,-0.2898176538936616,2.148815665039421
-1.4057598705193057,1.6454395885741533,-2.8328065886088747,4.297631330078842,-0.29087917714831674,2.148811449579711
-1.4261435024582634,1.6455115347707852,-2.833360412484979,4.297622899159422,-0.29102306954158064,2.148474193539352
-1.4392425217505933,1.6451310184956753,-2.8345925820387445,4.296948387078704,-0.29026203699136094,2.1485676954085084
-1.4497314151091798,1.6441282916675504,-2.836786575787673,4.297135390817017,-0.2882565833351109,2.147921660923914
-1.4636573479075663,1.6440062395876327,-2.8376387878622142,4.295843321847828,-0.2880124791752756,2.147969496997544
-1.4844878829720074,1.6440991562825082,-2.8381513693908005,4.295938993995088,-0.2881983125650267,2.147873892611245
-1.5049770605212818,1.644546111851925,-2.838109970468373,4.29574778522249,-0.28909222370385995,2.1480739004282823
-1.52900683444036,1.6443630028350522,-2.8390710589223795,4.296147800856565,-0.28872600567011436,2.147601929641276
-1.5469813651037339,1.6445698616212314,-2.8394195581580135,4.295203859282552,-0.2891397232424726,2.147234020018551
-1.568912079298785,1.6444331758500526,-2.840271280289637,4.294468040037102,-0.28886635170011477,2.1470964366837717
-1.5880270562175776,1.6435249817807387,-2.8423020146136375,4.294192873367543,-0.28704996356148693,2.1469886562802314
-1.6015348413093475,1.6427671562611659,-2.844127868953445,4.293977312560463,-0.2855343125223411,2.1463856431773594
-1.616028267421,1.6420317074633586,-2.845882243476552,4.292771286354719,-0.2840634149267264,2.1469323499781483
-1.6323695160963771,1.642528652690452,-2.8457858021262017,4.293864699956297,-0.2850573053809129,2.146543239186909
-1.6564205568099615,1.6430989262778257,-2.845560876319549,4.293086478373818,-0.2861978525556605,2.146206947999162
-1.682433458867799,1.6427610457943345,-2.846743880389513,4.292413895998324,-0.2855220915886779,2.1454681976839685
-1.6987226777006048,1.6419430077555854,-2.8486941107243284,4.290936395367937,-0.28388601551117987,2.144069378344905
-1.7166669541707438,1.6408854211368078,-2.8509916253747973,4.28813875668981,-0.2817708422736245,2.1428455119455028
-1.7358543596886562,1.640558631079949,-2.8521300935048353,4.2856910238910055,-0.28111726215990673,2.1436682968729266
-1.7623102873409475,1.640140824628282,-2.853437185879611,4.287336593745853,-0.2802816492565731,2.1439856391167016
-1.7870827751903986,1.6408391328220857,-2.853024792340016,4.287971278233403,-0.2816782656441804,2.143887972771084
-1.8130559049045527,1.6411017213783987,-2.8532937670335445,4.287775945542168,-0.28220344275680664,2.1442323654542816
-1.835947826782372,1.6396534083800398,-2.856153996015457,4.288464730908563,-0.27930681676008906,2.144644987447765
-1.8526089223570785,1.6397576891605585,-2.8566426434443053,4.28928997489553,-0.2795153783211263,2.144597461995685
-1.8766782797564658,1.6400986820475723,-2.856728936077231,4.28919492399137,-0.28019736409515367,2.145528183331333
-1.895326914574758,1.638626972444978,-2.8596733467826496,4.291056366662666,-0.27725394488996497,2.1447658866550774
-1.9057836654587315,1.6382394397650972,-2.8609465042636906,4.289531773310155,-0.2764788795302034,2.144637573349213
-1.924938324440879,1.6379128544043395,-2.8620973883291967,4.289275146698426,-0.2758257088086879,2.1448837630165367
-1.9479195951819153,1.638387654468216,-2.8620223666827846,4.289767526033073,-0.27677530893644126,2.145273309925141
-1.9727626957153606,1.6377454367534408,-2.8636683723616168,4.290546619850282,-0.2754908735068905,2.1453350378335716
-1.9922709498204592,1.6376884453392409,-2.864448794856494,4.290670075667143,-0.27537689067849086,2.1450091809754115
-2.014732839119816,1.6374126522216272,-2.8655326371907113,4.290018361950823,-0.2748253044432636,2.1453577909397827
-2.0317766917098368,1.636807660929702,-2.8671485150291254,4.2907155818795655,-0.273615321859413,2.145649352637016
-2.0447577134530004,1.6359426733261435,-2.869174055696567,4.291298705274032,-0.2718853466522963,2.1447518695776524
-2.0554917000486945,1.6351463301997164,-2.8711185696188974,4.289503739155305,-0.270292660399442,2.1435112719676024
-2.0725222601498716,1.6349377567765258,-2.87214388868741,4.287022543935205,-0.26987551355306055,2.1436833803406685
-2.097523589356633,1.6344797618087306,-2.873537375986165,4.287366760681337,-0.26895952361747,2.143079805159592
-2.12043431768584,1.634949339145092,-2.8734751193448007,4.286159610319184,-0.26989867829019276,2.143814754085848
-2.1432119358690525,1.6345219430125848,-2.874805723883644,4.287629508171696,-0.2690438860251783,2.1447762261103636
-2.1549869220512234,1.6325296706486223,-2.8785549081459054,4.289552452220727,-0.26505934129725356,2.143709774139467
-2.162312533669435,1.6320379747433256,-2.879955420142733,4.287419548278934,-0.2640759494866603,2.144691050036175
-2.1790083971528555,1.63180129750465,-2.8809878268643954,4.28938210007235,-0.2636025950093092,2.1455663397415585
-2.202524378186812,1.6314259120289534,-2.8821960236166007,4.291132679483117,-0.2628518240579157,2.1464206067794724
-2.2277768583627076,1.6315899756481163,-2.8826230366196226,4.292841213558945,-0.2631799512962415,2.146727016080497
-2.248892539520943,1.6299741383057953,-2.88579309335766,4.293454032160994,-0.2599482766115997,2.1460936034347053
-2.2643594302143306,1.6301383555820108,-2.886190916003137,4.292187206869411,-0.26027671116403084,2.1466255464273107
-2.292947403343332,1.630305724865052,-2.886641454380323,4.2932510928546215,-0.26061144973011346,2.1464372145283557
-2.313003656657658,1.6307311796763522,-2.8866567528696394,4.292874429056711,-0.2614623593527134,2.146800570981312
-2.3299193057705336,1.6306577944165352,-2.887460445961438,4.293601141962624,-0.2613155888330794,2.1470703075512123
-2.3403788107084145,1.6303911390794534,-2.8885567218233197,4.294140615102425,-0.26078227815891597,2.1469899832084915
-2.352847959129692,1.6306786211006803,-2.888759869764734,4.293979966416983,-0.2613572422013697,2.147941883646426
-2.364086324668382,1.6305900767780015,-2.8895980416377043,4.295883767292852,-0.261180153556012,2.1477208590766144
-2.371497446586102,1.630268692753527,-2.8907956228003875,4.295441718153229,-0.2605373855070632,2.147573739026673
-2.376531506218038,1.629197035757551,-2.8931831427623402,4.295147478053346,-0.25839407151511085,2.146240830791727
-2.3774477326132866,1.6286546194078475,-2.894665495699569,4.292481661583454,-0.2573092388157039,2.1483440749865674
-2.3799136757402986,1.628489419997733,-2.8955554611752405,4.296688149973135,-0.25697883999547483,2.1498032805281104
-2.3814128574055067,1.6288403258716193,-2.895694063707472,4.299606561056221,-0.25768065174324783,2.1501254989458065
-2.3832597707986367,1.627973941343855,-2.8977128687701823,4.300250997891613,-0.25594788268771923,2.150526549718683
-2.3768872210591487,1.6271575926199724,-2.8996351676684933,4.301053099437366,-0.2543151852399542,2.152261820478243
-2.3772916323321507,1.6264297732072568,-2.9014487796001505,4.304523640956486,-0.252859546414523,2.1517850248610695
-2.3792177177441474,1.6268697678331636,-2.9014328160384295,4.303570049722139,-0.2537395356663367,2.153104088892485
-2.378490435762637,1.626611767781086,-2.902552531744109,4.30620817778497,-0.2532235355621815,2.15273099878451
-2.3702493418625545,1.6258385282459877,-2.9044251175563396,4.30546199756902,-0.25167705649198474,2.1532301484245573
-2.360434579281369,1.6255850234158147,-2.905551133895452,4.306460296849115,-0.2511700468316386,2.1531007615846094
-2.3534253070979925,1.6251944311744566,-2.9068581046603272,4.306201523169219,-0.2503888623489227,2.153137392657673
-2.3481599597753227,1.625124538920245,-2.9076801671386385,4.306274785315346,-0.2502490778404996,2.1531701840814157
-2.3381835794900567,1.6255887587043805,-2.907673227459676,4.306340368162831,-0.2511775174087702,2.1532272715706946
-2.330779008947479,1.6244283817014809,-2.9101430134846566,4.306454543141389,-0.24885676340297114,2.153494658420596
-2.317408665683468,1.6227607575779872,-2.9133917398681333,4.306989316841192,-0.24552151515598397,2.1536611831504593
-2.3108672034645483,1.6229895231026255,-2.913738451425362,4.307322366300919,-0.2459790462052605,2.1538325430108363
-2.316354437040963,1.623695612260289,-2.9133440024295316,4.3076650860216725,-0.24739122452058773,2.154384456157716
-2.3205101545984768,1.622743908733036,-2.915507336578122,4.308768912315432,-0.24548781746608142,2.1547806416372532
-2.3178353407265133,1.6215382759011459,-2.918110700526816,4.3095612832745065,-0.24307655180230114,2.154837706329093
-2.318803926389985,1.622147518796674,-2.917853137435743,4.309675412658186,-0.24429503759335772,2.1553599295570045
-2.328677934235586,1.6221275901653562,-2.918606263156085,4.310719859114009,-0.2442551803307221,2.1554715231618635
-2.3282198894848376,1.6219104680055623,-2.919651841731545,4.310943046323727,-0.24382093601113414,2.1569227521836187
-2.324820672373325,1.6224641592105022,-2.919506227542017,4.3138455043672375,-0.244928318421014,2.1569168785628827
-2.3238705041610768,1.62218834621743,-2.9206671558337427,4.3138337571257654,-0.24437669243486962,2.156752814018919
-2.3197116922101157,1.6216571061002882,-2.9221883378428215,4.313505628037838,-0.24331421220058608,2.1568207254635787
-2.3123661136333293,1.6222185534633042,-2.9220271633114825,4.3136414509271575,-0.24443710692661813,2.156985713963097
-2.3066907728272343,1.6225781260221546,-2.9221449732706435,4.313971427926194,-0.24515625204431876,2.158126593412421
-2.2937106675320287,1.6220952337508048,-2.9236021632578675,4.316253186824842,-0.2441904675016193,2.157855042306748
-2.279352878204417,1.6219805111260108,-2.9245120718036426,4.315710084613496,-0.24396102225203117,2.1572847307677367
-2.267299249530594,1.6203471462608323,-2.927746346905669,4.3145694615354735,-0.2406942925216741,2.1573163516153535
-2.2485124852477076,1.6206571078948442,-2.9279435309733643,4.314632703230707,-0.2413142157896978,2.1576994280081605
-2.2409756056828276,1.6203264938045874,-2.9291399143109524,4.315398856016321,-0.2406529876091842,2.157857569155937
-2.2283402890999007,1.61949308229681,-2.931145273631977,4.315715138311874,-0.2389861645936297,2.1593384198124963
-2.2160669528986556,1.6190820667390475,-2.932484017617303,4.318676839624993,-0.2381641334781044,2.1603452715778007
-2.2120301621296727,1.618730240258939,-2.9337364176533236,4.320690543155601,-0.2374604805178874,2.1606937778334534
-2.205161529984463,1.6186075589808964,-2.9346556532962325,4.321387555666907,-0.237215117961802,2.1602472268582344
-2.1935871344378786,1.6185965508202236,-2.9353577972293503,4.320494453716469,-0.23719310164045634,2.1610109685737506
-2.18462313521076,1.6192176988507465,-2.935097031294473,4.322021937147501,-0.23843539770150204,2.1612879215109215
-2.182122901518912,1.6184598911883041,-2.936983412798185,4.322575843021843,-0.2369197823766173,2.1621687652043735
-2.1681959895519123,1.6181663477246817,-2.9381711069531162,4.324337530408747,-0.23633269544937244,2.161552948040979
-2.153931536942391,1.6181102794231284,-2.938966406167983,4.323105896081958,-0.23622055884626553,2.162543100614821
-2.145950701122427,1.6186885682597318,-2.9387751236369963,4.325086201229642,-0.23737713651947237,2.1627142449973036
-2.1402755506170306,1.6184355095039566,-2.93990145559382,4.325428489994607,-0.23687101900792198,2.1628715195821915
-2.1283802630223967,1.618344302807413,-2.940759297585499,4.325743039164383,-0.2366886056148347,2.163487847432055
-2.122043387533992,1.6178744697251803,-2.9421929756146823,4.32697569486411,-0.2357489394503696,2.1634953930487235
-2.114352314028471,1.6177675589369915,-2.9430921912662193,4.326990786097447,-0.23553511787399195,2.1631509836487783
-2.107804976902737,1.6171479524888754,-2.9447970841064137,4.326301967297557,-0.2342959049777596,2.16295884410636
-2.104400563279252,1.61715676467704,-2.9454990574621265,4.32591768821272,-0.2343135293540888,2.1628658919269506
-2.1082600161414016,1.617395915731731,-2.9458316974119287,4.325731783853901,-0.23479183146347077,2.163288054307626
-2.1107959428322687,1.6159385558600585,-2.948816508545712,4.326576108615252,-0.2318771117201258,2.161542469034035
-2.1075383125953584,1.6160262405619266,-2.94939646833412,4.32308493806807,-0.23205248112386193,2.163826260493617
-2.107979675150509,1.615619105521897,-2.950742958320147,4.327652520987234,-0.23123821104380243,2.165004685245189
-2.1088484168629904,1.6149538321290335,-2.9524357719499803,4.330009370490378,-0.22990766425807568,2.166630680988648
-2.1098618190130503,1.6156701959594935,-2.952060422586643,4.333261361977296,-0.23134039191899533,2.1666609823906806
-2.113930742171699,1.6144929961118213,-2.9546224410050375,4.333321964781361,-0.22898599222365096,2.1654193952935983
-2.10703575415192,1.6149122399574347,-2.9546886491974598,4.330838790587197,-0.22982447991487778,2.1658695031083637
-2.108125108900748,1.6145707855700229,-2.9559420334436988,4.331739006216727,-0.22914157114005404,2.1659105600921613
-2.104522695504689,1.6138895013616383,-2.957716489963598,4.331821120184323,-0.22777900272328497,2.165749919902913
-2.1019909149141958,1.6134578418958827,-2.959119300246466,4.331499839805826,-0.2269156837917738,2.165659689377104
-2.1073789483949414,1.613581284815652,-2.9596532106808056,4.331319378754208,-0.2271625696313125,2.1659758778289984
-2.1129670426298794,1.6137751213361606,-2.960110099372058,4.331951755657997,-0.22755024267232937,2.1655997039868975
-2.1167500148306444,1.6143618816847636,-2.9599459886221338,4.331199407973795,-0.22872376336953504,2.1654062316599845
-2.1203515873757905,1.6148770089069002,-2.959848614598542,4.330812463319969,-0.22975401781380816,2.167184532711382
-2.12392083503822,1.6154802471120826,-2.9596175419762636,4.334369065422764,-0.23096049422417284,2.1679052476733984
-2.123497712343232,1.614965838730857,-2.961152495261899,4.335810495346797,-0.2299316774617215,2.167014737662058
-2.1161725474498794,1.6141671414101078,-2.9631425548349535,4.334029475324116,-0.228334282820223,2.1673240238252633
-2.108347777421945,1.6134766657325623,-2.9649462637633492,4.334648047650527,-0.226953331465132,2.1668900002879554
-2.10410314446685,1.6128346176600743,-2.966666144727522,4.333780000575911,-0.22566923532015581,2.1671350404762184
-2.1003407146916215,1.6128925144980242,-2.967299434487635,4.334270080952437,-0.22578502899605563,2.167647767569462
-2.1015777239641853,1.613864957949396,-2.966526486664512,4.335295535138924,-0.22772991589879907,2.1672514004013737
-2.1062373363125078,1.6135724835244318,-2.9677241111970796,4.334502800802747,-0.2271449670488706,2.167188214405902
-2.0948707189557636,1.6128606978922688,-2.969569981961797,4.334376428811804,-0.22572139578454478,2.1672667238790755
-2.084447465762549,1.61306518728914,-2.9699908953440968,4.334533447758151,-0.22613037457828722,2.168518337175407
-2.077817027781532,1.6128211868587736,-2.971117662469722,4.337036674350814,-0.2256423737175547,2.1673018796119448
-2.0658059810374136,1.6128202525107078,-2.9718397713876867,4.3346037592238895,-0.22564050502142313,2.1672536081402174
-2.0601754657019242,1.6119972610675748,-2.9738039131773863,4.334507216280435,-0.22399452213515714,2.1692420452322123
-2.04728854759964,1.611591136194303,-2.9751222558482633,4.338484090464425,-0.22318227238861352,2.169333334801808
-2.0418740992290267,1.611792421447252,-2.975549596967004,4.338666669603616,-0.2235848428945118,2.1700234235084213
-2.038447305876823,1.611477682513171,-2.976745412006886,4.3400468470168425,-0.22295536502634924,2.170405561422696
-2.029576786197734,1.6118562013181743,-2.9768844150758054,4.340811122845392,-0.2237124026363558,2.1704801059765044
-2.022095273016049,1.6126441892493526,-2.9763937231612294,4.340960211953009,-0.2252883784987124,2.1703139129812503
-2.0144346630438084,1.612431402616171,-2.9774507763825424,4.340627825962501,-0.22486280523234914,2.170536117094075
-2.0007217703717894,1.6121656797590296,-2.978597188703609,4.34107223418815,-0.22433135951806638,2.1721258221907207
-1.9916690250943625,1.6124921169260784,-2.9788082076373072,4.344251644381441,-0.22498423385216412,2.173242763004739
-1.988774199765415,1.612683973986156,-2.9792502382027237,4.346485526009478,-0.22536794797231957,2.1734374590162
-1.9876250489226972,1.6133025281826507,-2.9790216240684906,4.3468749180324,-0.22660505636530912,2.174025869403965
-1.9844167161135713,1.6139667687846104,-2.9787308295120356,4.34805173880793,-0.2279335375692284,2.1738450165461756
-1.9743161232710011,1.6149680290641248,-2.9779295247313247,4.347690033092351,-0.22993605812825713,2.1739127531260203
-1.9582284489619382,1.6157138242107751,-2.9775036351048785,4.347825506252041,-0.23142764842155758,2.173917778024574
-1.9323821129773098,1.615617333221889,-2.9783845603127563,4.347835556049148,-0.23123466644378524,2.173696225984912
-1.9006820939948463,1.6147738254945438,-2.9804447221714745,4.347392451969824,-0.22954765098909494,2.1729415379952037
-1.8742547520542887,1.6139844932932539,-2.9824428559164065,4.3458830759904075,-0.22796898658651515,2.171874567293866
-1.850939029488787,1.6139204617016794,-2.9832270061265898,4.343749134587732,-0.2278409234033663,2.1746513008735424
-1.830482130896811,1.613864584494104,-2.984063904513444,4.349302601747085,-0.22772916898821538,2.1746404272687263
-1.8119996625583001,1.6142870564313747,-2.9841393343362568,4.349280854537453,-0.22857411286275706,2.175641551247547
-1.7944945727553696,1.6141194305381588,-2.985108515157554,4.351283102495094,-0.22823886107632524,2.1764262390214735
-1.7738700756197103,1.6130637168666062,-2.987494659424382,4.352852478042947,-0.22612743373322022,2.1764417538851215
-1.7487561449195514,1.6135431547141719,-2.9874942324844054,4.352883507770243,-0.2270863094283515,2.176567654652365
-1.7309841585722936,1.6134251101524906,-2.988426807337958,4.35313530930473,-0.2268502203049889,2.176401712241549
-1.7108695909404115,1.6132559267644457,-2.9894425000715534,4.352803424483098,-0.2265118535288991,2.1761999910113827
-1.6904929266863227,1.6127625785035709,-2.9909330058065793,4.3523999820227655,-0.22552515700714926,2.176911645507437
-1.672958367036708,1.6126035289771206,-2.9918781550944407,4.353823291014874,-0.22520705795424859,2.178209256528105
-1.663989260445767,1.613023965990829,-2.9919933920990758,4.35641851305621,-0.22604793198166553,2.1778257066158178
-1.6570171507709086,1.6124299726073255,-2.993663052371402,4.3556514132316355,-0.22485994521465866,2.1776358734057117
-1.6448068226419088,1.6123953421827604,-2.994437331815515,4.3552717468114235,-0.22479068436552863,2.1777451355253987
-1.6392746450014786,1.6132065646602938,-2.9939069018349276,4.3554902710507974,-0.22641312932059543,2.1777483597413076
-1.6378790792686575,1.6142860439975317,-2.992970094083758,4.355496719482615,-0.2285720879950715,2.1787572251203224
-1.6367327456886271,1.6136521223433273,-2.994648449899909,4.357514450240645,-0.22730424468666288,2.178824263422678
-1.629018315972419,1.61458172471212,-2.9939748602675773,4.357648526845356,-0.2291634494242479,2.178329066003143
-1.6350741559229216,1.6148541575727646,-2.994263240745724,4.356658132006286,-0.22970831514553747,2.1788207312079058
-1.6390252103667657,1.6158116603781305,-2.9934966483925973,4.3576414624158115,-0.23162332075626915,2.1787717223732486
-1.6435764645218394,1.616001157554997,-2.9939654459256815,4.357543444746497,-0.23200231511000216,2.178203043982144
-1.6372324664161078,1.6155035508775308,-2.9955059531086254,4.356406087964288,-0.23100710175506986,2.177332213670878
-1.6252282889725536,1.6158530872216113,-2.9957121744016995,4.354664427341756,-0.23170617444323058,2.177139298651335
-1.6179018570109234,1.616824115122887,-2.99495481928542,4.35427859730267,-0.23364823024578235,2.1769457092287903
-1.6105579018538503,1.617290098444062,-2.9949962600869506,4.3538914184575805,-0.2345801968881322,2.176544937140761
-1.5987257670164925,1.6169637387665468,-2.9962506725273057,4.353089874281522,-0.23392747753310203,2.17564159725488
-1.5820522079831303,1.6180027853907675,-2.995383737191518,4.35128319450976,-0.23600557078154344,2.174894460331709
-1.566321267071533,1.6179157759239724,-2.9962397312852533,4.349788920663418,-0.2358315518479532,2.1755539912364483
-1.544297762876136,1.6184337703325118,-2.9961926387548417,4.351107982472897,-0.23686754066503207,2.1749836347164875
-1.5240638234082529,1.6175396668442588,-2.9983161330762518,4.349967269432975,-0.235079333688526,2.1738213898459833
-1.4971275660391252,1.617102645505658,-2.999755243300246,4.3476427796919666,-0.23420529101132448,2.1725347062728844
-1.473395556493821,1.6158564099131199,-3.0024000197442993,4.345069412545769,-0.23171281982624808,2.173904425684705
-1.4493282011053688,1.615900622867253,-3.003061096568285,4.34780885136941,-0.2318012457345145,2.1735950869099123
-1.4362618704744257,1.6154459675335513,-3.0044853620094165,4.347190173819825,-0.23089193506711092,2.173813451424132
-1.4196118855283104,1.6149736932210814,-3.005948589534156,4.347626902848264,-0.22994738644217114,2.1763415456943944
-1.405264905308992,1.6150455891529338,-3.006557460022993,4.352683091388789,-0.23009117830587617,2.176030658123012
-1.3994541338456297,1.6142240305382853,-3.0085414300736346,4.352061316246024,-0.2284480610765794,2.176249484666191
-1.3981258775237357,1.6146656205538397,-3.0085738822045553,4.352498969332382,-0.229331241107688,2.1765262504169427
-1.4013074179454559,1.6157279652638894,-3.007677950860731,4.353052500833885,-0.23145593052778757,2.175656446105097
-1.4097001494718784,1.615705696693137,-3.008421817559784,4.351312892210194,-0.23141139338628253,2.1760366669570486
-1.4108723148538316,1.6161951373995527,-3.0083858109382,4.352073333914097,-0.232390274799114,2.1762208805749492
-1.4195887993760958,1.6172207817462152,-3.0075334967619516,4.3524417611498984,-0.2344415634924389,2.1762690414389816
-1.42861173485262,1.617468827364824,-3.007865572724314,4.352538082877963,-0.2349376547296565,2.176050836067552
-1.4278348129914615,1.6171351759149266,-3.0091637738795947,4.352101672135104,-0.2342703518298621,2.175058392493108
-1.4265052427807057,1.6177280792498079,-3.0089753488322137,4.350116784986216,-0.23545615849962456,2.175210760947388
-1.4352821586482098,1.6181074477249102,-3.0091246635525297,4.350421521894776,-0.23621489544982907,2.1753307539852744
-1.4432166106748316,1.618639031089884,-3.009040160169492,4.350661507970549,-0.2372780621797767,2.17523205333815
-1.4485016026865032,1.6176268744477764,-3.0113435514582294,4.3504641066763,-0.23525374889556178,2.1748947169981236
-1.4536833816195927,1.6170794346776305,-3.012961900302861,4.349789433996247,-0.2341588693552701,2.1735442012232653
-1.4641635126560237,1.6164806800729035,-3.0146639229634338,4.347088402446531,-0.2329613601458162,2.172752987050001
-1.4799553277959925,1.6158155313773273,-3.01642118710549,4.345505974100002,-0.23163106275466375,2.17305223810281
-1.4946517138498645,1.6163492448327157,-3.016324502636679,4.34610447620562,-0.23269848966544074,2.1729749358517068
-1.5134471546879154,1.6162202973983515,-3.017244669633437,4.3459498717034135,-0.23244059479671247,2.1738390714590468
-1.5225322103587344,1.6170787595204819,-3.016657767293211,4.3476781429180935,-0.2341575190409731,2.1738973383585605
-1.5347934534290317,1.616793411439702,-3.0178424242574424,4.347794676717121,-0.23358682287941335,2.173465285322735
-1.5368794159046952,1.6171100590764393,-3.01811168917292,4.34693057064547,-0.23422011815288782,2.173032962777579
-1.5393622391028503,1.6171999013411202,-3.018714165708298,4.346065925555158,-0.23439980268224944,2.1731108373720565
-1.5396596622862249,1.616953557992734,-3.0198210445323252,4.346221674744113,-0.2339071159854771,2.174046878013587
-1.5347149313286057,1.617806444517881,-3.0192172050961372,4.348093756027174,-0.23561288903577107,2.1741542110293097
-1.5356692546731066,1.6174663301415113,-3.0204635500230745,4.3483084220586194,-0.2349326602830316,2.1745516828545375
-1.534847938049038,1.6174703240717883,-3.0211508885048954,4.349103365709075,-0.23494064814358542,2.1759659518030916
-1.5360585171778223,1.6159163230882918,-3.0243114364542105,4.351931903606183,-0.2318326461765926,2.174404754986635
-1.535493861864653,1.615620077441514,-3.025551793682712,4.34880950997327,-0.2312401548830369,2.173946975510042
-1.550393385018586,1.6160181469961101,-3.0256484253994764,4.347893951020084,-0.23203629399222941,2.176064773385025
-1.5695718245012922,1.6162827799703272,-3.0260016649820773,4.35212954677005,-0.23256555994066372,2.1756214273327186
-1.5844698306831553,1.616472029481512,-3.0264863435908507,4.351242854665437,-0.2329440589630335,2.174992624127287
-1.6007608606870687,1.6169703799957258,-3.0264412508346443,4.349985248254574,-0.23394075999146122,2.17503232904048
-1.618620685399927,1.6167898118736503,-3.0274742330668487,4.35006465808096,-0.23357962374731034,2.174712599296585
-1.6346072591487752,1.6170388031084266,-3.0278303844392935,4.34942519859317,-0.2340776062168631,2.1751057744295097
-1.6477912670913792,1.6169891078317704,-3.0286223788167086,4.350211548859019,-0.2339782156635505,2.1749070602506557
-1.6560102419146774,1.6175105182297485,-3.0285273779360584,4.349814120501311,-0.23502103645950637,2.17519182749117
-1.662744639316737,1.618585019024206,-3.0275837274022717,4.35038365498234,-0.23717003804842143,2.1751301954716205
-1.6645757558884269,1.6191020755475707,-3.027500467336687,4.350260390943241,-0.23820415109515097,2.175353819282511
-1.6606750243427513,1.6187215259746301,-3.028806390529627,4.350707638565022,-0.2374430519492701,2.1759497672298758
-1.6506497946598866,1.6189777813205941,-3.029151049991254,4.3518995344597515,-0.23795556264119788,2.175903755018269
-1.6487315143082428,1.6187045599428693,-3.0302877110618684,4.351807510036538,-0.23740911988574837,2.177076088451514
-1.6425090843467245,1.619260890492103,-3.0301409337798497,4.354152176903028,-0.23852178098421606,2.1774888592463886
-1.6410661860385856,1.619304970986123,-3.030791205656914,4.354977718492777,-0.23860994197225574,2.1781963891325433
-1.6354535987400631,1.6194036031797276,-3.031383303373933,4.356392778265087,-0.23880720635946534,2.1783648585113604
-1.6283009863921332,1.6198266668094714,-3.0314611056934058,4.356729717022721,-0.23965333361895305,2.17843982706094
-1.6262596286943305,1.6201055143187093,-3.0317690945650555,4.35687965412188,-0.2402110286374289,2.1785459035812753
-1.619757474308727,1.6202085660423062,-3.032331924407905,4.357091807162551,-0.2404171320846227,2.179225165859274
-1.611168372010353,1.621070656284907,-3.031740369039511,4.358450331718548,-0.24214131256982424,2.178791909229744
-1.597406993527595,1.6197885533494918,-3.034472887005152,4.357583818459488,-0.23957710669899362,2.1772845227477937
-1.5715591089644718,1.620050892649711,-3.0348293726915285,4.354569045495587,-0.24010178529943232,2.1769373462914428
-1.5569804128331657,1.6195260729609853,-3.0363628907204574,4.3538746925828855,-0.239052145921981,2.177144254682741
-1.5404439624007598,1.6191778371252408,-3.0376308882168845,4.354288509365482,-0.23835567425049178,2.176987399601113
-1.527738632811166,1.6189874693597377,-3.038674072717881,4.353974799202226,-0.23797493871948586,2.177221592693573
-1.5198131883057255,1.618162646694568,-3.0406919543750432,4.354443185387146,-0.23632529338914646,2.176908864800853
-1.5105354487948146,1.6181022622339685,-3.041495002714965,4.353817729601706,-0.23620452446794749,2.1769477859924757
-1.5083470325969934,1.6186394436282023,-3.0414128127718336,4.3538955719849515,-0.2372788872564151,2.1770912925115886
-1.5080192704947708,1.6187454250596618,-3.0419530555664487,4.354182585023177,-0.23749085011933388,2.1782283369588566
-1.5069007647806312,1.618955648448296,-3.042366254381056,4.356456673917713,-0.23791129689660262,2.178043909585235
-1.512512915299883,1.6186682981731526,-3.0435154977880488,4.35608781917047,-0.23733659634631554,2.1787147728524365
-1.5189933925249666,1.6195313760692887,-3.0429221459170535,4.357429545704873,-0.23906275213858746,2.178601091963706
-1.5283302993141537,1.6202180541917455,-3.0425825692561794,4.357202183927412,-0.24043610838350096,2.178742900194215
-1.5338699579749149,1.6205219824502444,-3.0428873382326103,4.35748580038843,-0.24104396490049862,2.1786702544434586
-1.5335865947034009,1.6211310860902501,-3.0426394558349616,4.357340508886917,-0.24226217218051013,2.1786847318415603
-1.5358598974809392,1.6211122974092473,-3.0434204215802683,4.357369463683121,-0.24222459481850442,2.1783916380279758
-1.5336202390927356,1.620860593736193,-3.044536377092083,4.3567832760559515,-0.24172118747239577,2.1778122691684025
-1.5316190182823526,1.620974650343664,-3.045087916900286,4.355624538336805,-0.2419493006873373,2.1776750897107138
-1.5341664489979883,1.6218163788730258,-3.0445210393986786,4.3553501794214275,-0.24363275774606075,2.1774217342083766
-1.539641675325516,1.6216323013604523,-3.0455342855247,4.354843468416753,-0.24326460272091405,2.1780900791510893
-1.538349379486892,1.6217367558059104,-3.046087408866559,4.356180158302179,-0.24347351161183006,2.178280255088961
-1.5438644978434921,1.620701944182555,-3.0484159733064065,4.356560510177922,-0.2414038883651192,2.177036451996387
-1.5407415665020332,1.620060831004168,-3.050110395285201,4.354072903992774,-0.240121662008345,2.1769600182871627
-1.5444613686060207,1.6191031543673253,-3.0523611319314483,4.353920036574325,-0.23820630873465964,2.1751915071666943
-1.5478307164556122,1.6182311419026807,-3.054465639441482,4.350383014333389,-0.23646228380537038,2.173688245425629
-1.5539359776517807,1.6182765072704866,-3.0551335967033095,4.347376490851258,-0.2365530145409823,2.1738573127343805
-1.5652529709116523,1.6185716423797567,-3.0554018927643765,4.347714625468761,-0.23714328475952268,2.17427461718727
-1.5733020458496108,1.6188005151584073,-3.0557986353438986,4.34854923437454,-0.23760103031682395,2.1739689569654073
-1.579206881049815,1.6190175060830707,-3.0561912836462217,4.3479379139308145,-0.23803501216615083,2.1744624887156316
-1.5866839870975291,1.6196907087934098,-3.0559133930826654,4.348924977431263,-0.239381417586829,2.17396046190654
-1.5945364507884119,1.6204019817780568,-3.055557471819663,4.34792092381308,-0.2408039635561229,2.1737777308111874
-1.599610571144391,1.6205817208284763,-3.0559815051975243,4.347555461622375,-0.24116344165696174,2.1752156079329006
-1.5977792151634385,1.6203387467972312,-3.0571135634975515,4.350431215865801,-0.24067749359447177,2.1746714281263126
-1.5987511844216427,1.6202366238814094,-3.058028937005199,4.349342856252625,-0.24047324776282814,2.1745793839997387
-1.6049130040531194,1.6207437781185108,-3.0579583182807824,4.349158767999477,-0.24148755623703086,2.1756377139117715
-1.6145866071404213,1.6197346692975811,-3.0603104159885786,4.351275427823543,-0.23946933859517136,2.174579945671592
-1.6207860903540459,1.620036511357243,-3.060567400984314,4.349159891343184,-0.2400730227144953,2.1748320468555873
-1.6345043288852779,1.6204598371520382,-3.060576743225185,4.349664093711175,-0.24091967430408565,2.1757924077115574
-1.6456257061475146,1.6202595203963706,-3.06160336870953,4.351584815423115,-0.24051904079275038,2.1759833492031455
-1.6531824835546287,1.6205493279638827,-3.0618741555665108,4.351966698406291,-0.24109865592777469,2.176245895111636
-1.6676782277839775,1.62055094250104,-3.0626276677160855,4.352491790223272,-0.24110188500208923,2.176051564408729
-1.6787494073674791,1.6208409686380647,-3.0629081215535408,4.352103128817458,-0.24168193727613868,2.176053707983224
-1.690812363268043,1.6209273829745956,-3.0635492301922524,4.352107415966448,-0.24185476594920038,2.17543579327039
-1.6959305312923485,1.6207353822728643,-3.0645925265967224,4.35087158654078,-0.2414707645457378,2.1754065988669944
-1.6966103732892375,1.6201351611566046,-3.066258470435179,4.350813197733989,-0.24027032231321832,2.174320142774541
-1.692565564603654,1.6203245228706906,-3.066703424066016,4.348640285549082,-0.24064904574139057,2.173911061453888
-1.6890172764571962,1.620991543746385,-3.0664111545852033,4.347822122907776,-0.24198308749277972,2.173916954387405
-1.6855759357785647,1.6199393796727306,-3.0687944919158823,4.34783390877481,-0.2398787593454709,2.173688739176944
-1.6751881627536416,1.6201362657044058,-3.0692219562016487,4.347377478353888,-0.24027253140882143,2.1737883956579838
-1.6734828640454589,1.619487220633788,-3.0709541350296123,4.3475767913159675,-0.23897444126758602,2.173450933910937
-1.6694861143330137,1.6199574289188234,-3.070984615337247,4.346901867821874,-0.2399148578376569,2.1729503962408256
-1.6748621332760125,1.6211341257943521,-3.0699006108698534,4.345900792481651,-0.2422682515887144,2.1726811568991367
-1.683409131077356,1.621089431857534,-3.070696766239733,4.345362313798273,-0.24217886371507785,2.173305666989105
-1.6818406306127989,1.6210358216463094,-3.0715125846422255,4.34661133397821,-0.2420716432926289,2.1740214822733237
-1.6790692438187402,1.6207848436319896,-3.0726325434322037,4.348042964546647,-0.24156968726398906,2.1742763942296546
-1.6753431885233647,1.6204710741407242,-3.073849945232933,4.348552788459309,-0.2409421482814585,2.1739154395414855
-1.6752488204477987,1.620796203567437,-3.0741049911186415,4.347830879082971,-0.24159240713488403,2.173583549369624
-1.673667797798804,1.6206824874873138,-3.0749873571593787,4.347167098739248,-0.24136497497463777,2.173899371626615
-1.6707509337270563,1.6213554766741614,-3.0746983488725874,4.34779874325323,-0.24271095334833287,2.173364526271559
-1.6725193871116004,1.621940108365954,-3.0745195086861696,4.346729052543118,-0.24388021673191784,2.1738235621505955
-1.6692408793520621,1.622132401861334,-3.0749338119876612,4.347647124301191,-0.24426480372267761,2.1744821387642124
-1.66318984215611,1.6226911233858905,-3.074792285877727,4.348964277528425,-0.245382246771791,2.174802616600919
-1.6570636302358999,1.6230263807670677,-3.074958802708907,4.349605233201838,-0.2460527615341454,2.175483803527694
-1.648871596502225,1.6223104455254866,-3.076821659991711,4.350967607055388,-0.244620891050983,2.1747933624092046
-1.6366771703182887,1.6228178502544797,-3.0767928124066106,4.349586724818409,-0.24563570050896885,2.1743988941683705
-1.6300043570657654,1.6228296165328018,-3.0774685803420576,4.348797788336741,-0.245659233065613,2.1744951838596793
-1.6167840839941456,1.6231582660043213,-3.0776752982612416,4.348990367719359,-0.24631653200865233,2.1750181258483585
-1.6054078590461365,1.6234655188187062,-3.0779221702344173,4.350036251696717,-0.24693103763742205,2.1755683943390736
-1.5961604875502875,1.6230083352958729,-3.0794047681247143,4.351136788678147,-0.2460166705917555,2.1757339624264667
-1.5789834926927075,1.6225167234672473,-3.0809120229000317,4.351467924852933,-0.24503344693450424,2.1752757224446198
-1.5650483160944624,1.6233342768759278,-3.080394096981714,4.3505514448892395,-0.24666855375186536,2.175349882533711
-1.5540166746379351,1.6239655805985382,-3.0801364136828946,4.350699765067422,-0.2479311611970861,2.1760527056035044
-1.5405844826350905,1.6222689895481304,-3.0835209215992294,4.352105411207009,-0.24453797909627042,2.17379380729716
-1.5255915069971844,1.622520741250448,-3.0838608179001015,4.34758761459432,-0.24504148250090585,2.174384984047515
-1.5225087590840178,1.6234205986794397,-3.083179072952641,4.34876996809503,-0.2468411973588891,2.174256661816682
-1.5199288324798612,1.6240538863737215,-3.082922163915902,4.348513323633364,-0.24810777274745296,2.1739419805079594
-1.5105807720639368,1.624465461469322,-3.0830070226848667,4.347883961015919,-0.24893092293865374,2.1761713754034173
-1.4961227606899505,1.6249047175380795,-3.0830531764641136,4.352342750806835,-0.24980943507616915,2.1756497216701907
-1.4816504773754415,1.6248015898223365,-3.0839674356471605,4.351299443340381,-0.24960317964468312,2.1761131380562584
-1.4633724614669057,1.6248587507837027,-3.084615058365142,4.352226276112517,-0.2497175015674156,2.175871614415696
-1.450155320862313,1.6249601932040778,-3.085181040779242,4.351743228831392,-0.24992038640816594,2.175359381292678
-1.4404180838261316,1.6245718635087647,-3.0864909935573857,4.350718762585356,-0.2491437270175396,2.1751235228121804
-1.4304235459560803,1.6246182042548478,-3.0871526426120885,4.350247045624361,-0.2492364085097059,2.174751676312488
-1.42676572919086,1.6249839167015476,-3.0873439463394075,4.349503352624976,-0.24996783340310566,2.1746977329184443
-1.4259084074990536,1.6253621694202662,-3.0874442327385925,4.3493954658368885,-0.250724338840543,2.1763144535114916
-1.4206884183634578,1.6251644112821564,-3.088464298907321,4.352628907022983,-0.2503288225643231,2.177178970791802
-1.4151864613802265,1.6245944410640658,-3.0901103007296538,4.354357941583604,-0.24918888212814175,2.1767713379189804
-1.4101510405691204,1.6242236483081502,-3.091384008368532,4.353542675837961,-0.24844729661631074,2.1775458965065697
-1.4103450887999733,1.624992547058314,-3.090908644681579,4.355091793013139,-0.24998509411663825,2.1772150602743396
-1.4171270332438644,1.6248056263902284,-3.0919404007703566,4.354430120548679,-0.24961125278046706,2.176797286261471
-1.4155604645999436,1.6251777390305493,-3.0920925813183797,4.353594572522942,-0.2503554780611087,2.176743412179199
-1.4144824338414514,1.6260102146969155,-3.0915423382970246,4.353486824358398,-0.2520204293938412,2.1762089448436677
-1.4176213649901659,1.6258536539059116,-3.0925385319755754,4.352417889687335,-0.2517073078118334,2.1757345606426313
-1.4172382068492324,1.626219289346694,-3.092668858056071,4.3514691212852625,-0.25243857869339836,2.177816768506703
-1.4125789164366562,1.6263271790046345,-3.0932105704805384,4.355633537013406,-0.25265435800927916,2.178052885374469
-1.4068789513081876,1.6263012214284918,-3.09399647458838,4.356105770748938,-0.25260244285699385,2.1773643016305733
-1.4056985711815613,1.62675533827794,-3.094022860362459,4.3547286032611465,-0.25351067655589044,2.1770948776061396
-1.4095501422465224,1.6272206425835603,-3.0940375511114824,4.354189755212279,-0.25444128516713105,2.176545978328867
-1.413429993437114,1.6276658860805047,-3.0940751008818244,4.353091956657734,-0.25533177216101977,2.1760592769476292
-1.4173123677432964,1.6276840670055301,-3.094774975174881,4.3521185538952585,-0.2553681340110707,2.175853138245609
-1.417453594431209,1.6273883591021279,-3.0959669426481273,4.351706276491218,-0.2547767182042662,2.17543567257061
-1.4170632110298582,1.6280278412546003,-3.09568513236518,4.35087134514122,-0.25605568250921107,2.1758324150641672
-1.4209901232108597,1.6276806306898908,-3.0969385948968267,4.3516648301283345,-0.25536126137979204,2.1757310204186093
-1.4172022013392027,1.6265509257808732,-3.0994181604150723,4.351462040837219,-0.25310185156175696,2.1753687207209436
-1.4132072062974124,1.626535594163263,-3.1001680884573446,4.350737441441887,-0.2530711883265367,2.175161519293143
-1.418626108565316,1.6274059193633883,-3.0995646707753104,4.350323038586286,-0.254811838726787,2.1746681246788917
-1.4283238763891906,1.627550223306682,-3.1000921830387607,4.349336249357783,-0.2551004466133747,2.174411033397987
-1.430239589737594,1.6279146117779775,-3.100254341872325,4.348822066795974,-0.25582922355596527,2.1749560443431375
-1.4294365861359328,1.6279537984284609,-3.100949708890823,4.349912088686275,-0.2559075968569321,2.174457497536654
-1.424136260689136,1.6285711244633083,-3.1006828444287944,4.348914995073308,-0.25714224892662685,2.1752879919047317
-1.424391674385127,1.6276501211432928,-3.102838247844915,4.350575983809463,-0.2553002422865956,2.174554026296611
-1.4164320603718394,1.6279227107216838,-3.103156880319905,4.349108052593222,-0.2558454214433778,2.1738905754288065
-1.417271617740658,1.6282870401139584,-3.1032834554946933,4.347781150857613,-0.25657408022792716,2.1748434442119757
-1.4217169776864431,1.6279104569380882,-3.1045578285002673,4.3496868884239515,-0.2558209138761866,2.1752856869937576
-1.4216515830736256,1.6278859997519635,-3.105318019740144,4.350571373987515,-0.2557719995039369,2.1751873588587216
-1.4260059171680082,1.6280643871624412,-3.10579075334872,4.350374717717443,-0.25612877432489217,2.175950120196305
-1.4314562210741386,1.6285185059989868,-3.1058331354188193,4.35190024039261,-0.25703701199798346,2.175695938944893
-1.4365388384600641,1.6290508151183247,-3.1057463864473362,4.351391877889786,-0.25810163023665916,2.1755647562203384
-1.4417489057207016,1.6286546906016726,-3.1070980169924525,4.351129512440677,-0.257309381203355,2.174526470678424
-1.4441188647094025,1.627433547472432,-3.1097414256038336,4.349052941356848,-0.2548670949448738,2.17328163347648
-1.4484235611823821,1.6278707794813778,-3.1098082033492176,4.34656326695296,-0.2557415589627657,2.1740598871293777
-1.4620628083510137,1.628186394580306,-3.1100559223470845,4.348119774258755,-0.2563727891606218,2.1740530908564852
-1.4716824630385335,1.628870564618051,-3.1097104763282837,4.3481061817129705,-0.257741129236112,2.1738135155420153
-1.4840507359326467,1.628877401336965,-3.1104366762005893,4.347627031084031,-0.2577548026739397,2.173405338255773
-1.4891577549491506,1.6293556939853584,-3.1104114365781954,4.346810676511546,-0.2587113879707267,2.1731919493217142
-1.4905047020503384,1.6298340463422436,-3.1104134514288075,4.3463838986434284,-0.25966809268449703,2.1733044951679714
-1.4889996319308167,1.6305662098162546,-3.109988402372363,4.346608990335943,-0.26113241963251915,2.174141125216538
-1.4904869947311652,1.63024276047579,-3.1112053777792847,4.348282250433076,-0.26048552095159005,2.1738311558572883
-1.4857095831188534,1.6297070420570143,-3.112760813394906,4.3476623117145765,-0.2594140841140385,2.1732800340094403
-1.4835934351227713,1.629166069439707,-3.1142809221282506,4.3465600680188805,-0.25833213887942363,2.174781728701117
-1.4839538593632722,1.6299458393187127,-3.11379874417413,4.349563457402234,-0.2598916786374353,2.1748625823100927
-1.4932891730185733,1.6298696155534782,-3.11460751356272,4.349725164620185,-0.259739231106966,2.1745922375736892
-1.491918772233376,1.6306084472224556,-3.1141834691158974,4.3491844751473785,-0.2612168944449209,2.1744746631163876
-1.494141185931714,1.630625288495174,-3.114864375476905,4.348949326232775,-0.2612505769903578,2.1744327275652586
-1.4920700730205445,1.6309931224512773,-3.1150330700091478,4.348865455130517,-0.2619862449025645,2.1738003629718685
-1.4888393336542949,1.6315899995539633,-3.1148356896188276,4.347600725943737,-0.2631799991079369,2.1735349987338206
-1.483976555988989,1.631600839605865,-3.1155560486468707,4.347069997467641,-0.2632016792117402,2.1729416654775644
-1.4750772902313316,1.6316670825779884,-3.116195633264108,4.345883330955129,-0.26333416515598684,2.1723714909521545
-1.4684902299838483,1.6316515090455614,-3.1169711263599833,4.344742981904309,-0.26330301809113305,2.172825752585468
-1.4640778856986159,1.6316146112977221,-3.1177549024245743,4.345651505170936,-0.26322922259545434,2.172995945248264
-1.4578005576210744,1.6319834741918633,-3.1178847631735493,4.345991890496528,-0.26396694838373685,2.1740851444354727
-1.4476081797259257,1.632254437867763,-3.1182051181865225,4.3481702888709455,-0.2645088757355361,2.1737447170827426
-1.437458784118078,1.632480528054213,-3.11854859745809,4.347489434165485,-0.2649610561084362,2.174437215185824
-1.427489560352814,1.632952686313046,-3.1185468006005137,4.348874430371648,-0.26590537262610214,2.1740990421903503
-1.4207887910926131,1.63251780213991,-3.11995920293756,4.348198084380701,-0.2650356042798305,2.1731877900708474
-1.409440429077017,1.6327755780680204,-3.1202798010900943,4.346375580141695,-0.2655511561360511,2.1726530014841683
-1.4044861674169755,1.6317976491690933,-3.122553549153457,4.345306002968337,-0.2635952983381967,2.1716607987076024
-1.397721381536516,1.630656308548644,-3.1250528538565217,4.343321597415205,-0.2613126170972984,2.171353661127371
-1.3989409158119948,1.6305742909537415,-3.1259062708289806,4.342707322254742,-0.2611485819074933,2.1714531276625944
-1.4063486755346253,1.6310428804216077,-3.1258895368227826,4.342906255325189,-0.2620857608432258,2.17132086044506
-1.4133862049076986,1.6310733868621863,-3.126566988926675,4.34264172089012,-0.2621467737243829,2.170840898202413
-1.414605728397124,1.6315809481562138,-3.1265044065525838,4.341681796404826,-0.26316189631243786,2.171169032666335
-1.4214218587542116,1.6315270323755047,-3.1273075585859607,4.34233806533267,-0.2630540647510195,2.171186393514331
-1.4239440992538954,1.6311304562034539,-3.128644174615468,4.342372787028662,-0.26226091240691807,2.171026892290923
-1.430116991312632,1.6314840502732646,-3.128853427544409,4.342053784581846,-0.26296810054653974,2.1705997499069576
-1.4402277413303075,1.63172293868359,-3.1292326087432247,4.341199499813915,-0.26344587736719066,2.170016292707066
-1.4502909453360402,1.6317799504007824,-3.129862812437877,4.340032585414132,-0.26355990080157504,2.1703050775556987
-1.4620801049846377,1.6302238343929834,-3.1329718727652107,4.340610155111397,-0.26044766878597697,2.1703562397106873
-1.4696493467649494,1.6303085000211668,-3.1335727313039974,4.3407124794213745,-0.26061700004234367,2.170443512637072
-1.4880570926892427,1.6305080580710394,-3.1339712166228457,4.340887025274144,-0.26101611614208864,2.1701178129121446
-1.506352183530931,1.6308785835730417,-3.1341098961334977,4.340235625824289,-0.2617571671460935,2.170482603334664
-1.5238910183966106,1.6310984634845076,-3.1345006286176544,4.340965206669328,-0.2621969269690254,2.1699849926594177
-1.5409571889004978,1.631061539416952,-3.135289477347071,4.339969985318835,-0.26212307883391434,2.169682303419982
-1.5575076806317882,1.630454652633713,-3.136965562107158,4.339364606839964,-0.2609093052674359,2.1689739343043013
-1.5737404183371984,1.6306180755808664,-3.1374554547551594,4.337947868608603,-0.2612361511617426,2.168530213927437
-1.5969905960390263,1.6308445787766837,-3.1378277927928617,4.337060427854874,-0.2616891575533772,2.169254543392508
-1.617259462725034,1.6312692472995212,-3.137898329654083,4.338509086785016,-0.2625384945990522,2.1696844006131175
-1.6378058033035676,1.6305322154657085,-3.1397457770669313,4.339368801226235,-0.2610644309314268,2.169202143153038
-1.6483313190758913,1.630869991128847,-3.1399213330202485,4.338404286306076,-0.2617399822577037,2.169789223646969
-1.6594019797083635,1.6312369385643442,-3.140046805598139,4.339578447293938,-0.262473877128698,2.1706116326156084
-1.6677351218737202,1.6311964352395547,-3.1408213659032094,4.341223265231217,-0.26239287047911897,2.170616932840147
-1.6749780065614983,1.6313087411268878,-3.1413786589013624,4.341233865680294,-0.26261748225378545,2.1703237589488134
-1.6823130903807104,1.631774705018896,-3.1413851639788364,4.340647517897627,-0.2635494100378017,2.170054743161598
-1.6921352474536702,1.6307222309443339,-3.1437347720701223,4.340109486323196,-0.2614444618886773,2.1703343075282966
-1.6946305664754067,1.6304041517000445,-3.144926729122506,4.340668615056593,-0.2608083034000986,2.170758295796651
-1.70109260559035,1.629525410100048,-3.1470197321693427,4.341516591593302,-0.2590508202001055,2.170354888812788
-1.7088755229717842,1.6291907175821734,-3.148285075407468,4.340709777625576,-0.25838143516435635,2.1697721109281254
-1.722626893054634,1.6288259775966896,-3.149562621963904,4.339544221856251,-0.2576519551933886,2.1706062609153123
-1.7376513668480056,1.6279349786473096,-3.151707278157463,4.341212521830625,-0.2558699572946286,2.169740562182441
-1.7458426464142218,1.628638782638835,-3.151327971663269,4.339481124364882,-0.25727756527767953,2.169534320165988
-1.7619816454837718,1.6278450913617653,-3.153278370953699,4.339068640331976,-0.25569018272353994,2.169259642552377
-1.7706645771853105,1.6276438454337379,-3.154321351465858,4.338519285104754,-0.2552876908674851,2.1685495337488603
-1.7859112060735558,1.6278935081319423,-3.1546879493693845,4.337099067497721,-0.25578701626389394,2.1681414957254863
-1.8039031358778017,1.628491167420597,-3.1545082919212626,4.336282991450973,-0.25698233484120353,2.1681359537858937
-1.8207302910425558,1.6281268652335155,-3.155856348835714,4.3362719075717875,-0.2562537304670402,2.167394236214166
-1.8282102821042931,1.6282629771102397,-3.1563856161075656,4.334788472428332,-0.2565259542204887,2.167526456310825
-1.8390647504286561,1.6281869434321992,-3.1572279305432644,4.33505291262165,-0.2563738868644075,2.167550437100232
-1.849355912119899,1.6284277992483562,-3.157586425872404,4.335100874200464,-0.25685559849672157,2.1670654398995643
-1.8626916553422244,1.6289457967388754,-3.157521910257378,4.334130879799129,-0.25789159347775986,2.166819377844262
-1.8714876580455198,1.628458401515454,-3.15900148941526,4.333638755688524,-0.25691680303091696,2.168165206311413
-1.87614671775771,1.629178944194376,-3.1586123737182255,4.336330412622826,-0.25835788838876095,2.167806886438734
-1.8877625158924105,1.6298457974835456,-3.1583152802753682,4.335613772877468,-0.25969159496710004,2.167893739879272
-1.8942612597426314,1.6294587690709217,-3.1596438362680135,4.335787479758544,-0.258917538141852,2.1680704635762167
-1.894247925251333,1.6293782489320852,-3.16047337226034,4.336140927152433,-0.2587564978641789,2.1685077849698495
-1.8990585929097845,1.6285499157408074,-3.162492278409218,4.337015569939699,-0.2570998314816235,2.168552506336881
-1.897062098836156,1.6277180606584825,-3.164509568338043,4.337105012673762,-0.2554361213169735,2.167754107583524
-1.896838069075574,1.6277651775009858,-3.1651585245046263,4.335508215167048,-0.25553035500198007,2.16779669730096
-1.8981766289895539,1.6280646467548363,-3.165395226316192,4.33559339460192,-0.256129293509681,2.1686032629642322
-1.8978184754649667,1.6275244216988884,-3.1669502383128076,4.3372065259284645,-0.25504884339778533,2.168372007121482
-1.8914451829812733,1.6276133597977673,-3.1675362245712844,4.336744014242964,-0.2552267195955432,2.1678408521577754
-1.8847542285779362,1.6278840715230285,-3.1678809041329163,4.335681704315551,-0.25576814304606565,2.1672547589365863
-1.8818314416670086,1.627845550197528,-3.1686623421907862,4.3345095178731725,-0.2556911003950648,2.167522107288456
-1.8727003476100117,1.6276874324947956,-3.1696545249446855,4.335044214576912,-0.2553748649896003,2.167493439366514
-1.8621574931168736,1.6279210133593938,-3.170002223071512,4.334986878733028,-0.2558420267187965,2.167854173282295
-1.8545843088134433,1.6280933752311164,-3.170448249065147,4.33570834656459,-0.2561867504622419,2.1681375468157835
-1.8489059181911032,1.6280804636386284,-3.1712058065528796,4.336275093631567,-0.25616092727726564,2.1678345371642322
-1.8399639512087205,1.6288411427454572,-3.1707737140831016,4.3356690743284645,-0.2576822854909233,2.1671247130657156
-1.8337297335494664,1.6290902750998817,-3.1710966933566844,4.334249426131431,-0.25818055019977226,2.167526729991655
-1.8213432493925437,1.6292577652461533,-3.1715917019887883,4.33505345998331,-0.25851553049231546,2.167263959890704
-1.8087135017258615,1.6289012625840669,-3.1728563259445703,4.334527919781408,-0.2578025251681424,2.168069816935762
-1.7969365457207798,1.627685879739481,-3.1754473558150034,4.336139633871524,-0.25537175947897084,2.1677820195175075
-1.7825428840910595,1.627656584134155,-3.1762269778395864,4.335564039035015,-0.2553131682683189,2.1688092945303654
-1.780906852307812,1.6280564466212464,-3.1763621127146413,4.337618589060731,-0.2561128932425015,2.1684298436113765
-1.7846274354610492,1.62738761559941,-3.1781088933780106,4.336859687222753,-0.25477523119882883,2.169364411165219
-1.7819158112311422,1.6272851674027724,-3.179052964849167,4.338728822330438,-0.25457033480555347,2.1684205141295707
-1.7835689191300184,1.6274893815961646,-3.1794904008094105,4.336841028259141,-0.254978763192338,2.1677428319688845
-1.7830578812459232,1.6276937197034225,-3.1798802642694612,4.335485663937769,-0.2553874394068536,2.1677054527814437
-1.7779986720947272,1.6272464330038885,-3.1812892591922965,4.335410905562887,-0.25449286600778587,2.1677488238032665
-1.7707208599467357,1.6268920761606342,-3.1825733267819807,4.335497647606533,-0.2537841523212772,2.1685785422670083
-1.7677010863252598,1.6264002301671499,-3.1840656666108185,4.337157084534017,-0.2528004603343084,2.168085159875122
-1.763810171189241,1.6268789939476562,-3.1840470077498346,4.336170319750244,-0.25375798789532117,2.1676403959726724
-1.7655055185210853,1.6274820656544795,-3.1838565670370937,4.335280791945345,-0.25496413130896783,2.168008341323975
-1.7666075112246598,1.6275443547191764,-3.1844768022775556,4.33601668264795,-0.2550887094383615,2.169083949808885
-1.7630453794470713,1.627147342493303,-3.1858344423318923,4.33816789961777,-0.2542946849866145,2.1692600326497447
-1.7574472117633815,1.6274328537271892,-3.1861217293493933,4.338520065299489,-0.2548657074543871,2.170446863926555
-1.7569923526743687,1.6275948648745235,-3.186597375958574,4.34089372785311,-0.2551897297490556,2.1720461123131893
-1.755859155065089,1.6274921967032776,-3.187484917413485,4.344092224626379,-0.2549843934065637,2.171922140852031
-1.7533786088908865,1.6272340088075739,-3.1886894525703924,4.343844281704062,-0.25446801761515636,2.170953903657973
-1.7556349479715112,1.6271822434956393,-3.189510627466741,4.341907807315946,-0.2543644869912873,2.170519316113682
-1.7612919336439854,1.626444768275069,-3.191378017284145,4.341038632227364,-0.25288953655014657,2.1702092222366285
-1.7665522445201594,1.626566688847008,-3.19191802045321,4.340418444473257,-0.25313337769402505,2.170188816035872
-1.7758285728098417,1.62612386956335,-3.1933459335419534,4.340377632071744,-0.252247739126709,2.1709529335744175
-1.7777837494838802,1.6258864540557483,-3.194451433869419,4.341905867148835,-0.25177290811150566,2.170779754206878
-1.782275052181851,1.6267641851020285,-3.1938201967853757,4.341559508413756,-0.2535283702040662,2.1710450221369064
-1.793011046899783,1.6271558076965793,-3.1939435481627227,4.342090044273813,-0.2543116153931679,2.1710607603414376
-1.7941034578544601,1.6274727894684242,-3.194212550305449,4.342121520682875,-0.25494557893685793,2.1706381233971417
-1.7923112087087063,1.6276831025339018,-3.194650111665322,4.341276246794283,-0.25536620506781305,2.1703182493368653
-1.789603080339006,1.6279080115196767,-3.195022394462918,4.340636498673731,-0.2558160230393627,2.170651201794129
-1.7869313086650427,1.627969342557884,-3.1956584915674826,4.341302403588258,-0.2559386851157776,2.17074653513472
-1.7804772356211074,1.6282355861744577,-3.1959949647303745,4.34149307026944,-0.25647117234892514,2.1708480958317566
-1.7724606627809358,1.627805166133153,-3.1974159216977287,4.341696191663513,-0.2556103322663155,2.1702890242969715
-1.7588856514128812,1.6269666905584161,-3.1994856231657263,4.340578048593943,-0.2539333811168419,2.1693780312150777
-1.7489371731235601,1.6267027984181175,-3.2006151046267863,4.338756062430155,-0.25340559683624436,2.171125194170017
-1.7477500305113949,1.6269121441459606,-3.201072000463112,4.342250388340034,-0.2538242882919309,2.170888504063624
-1.7493688598283403,1.6274236007457072,-3.201043428073487,4.341777008127248,-0.2548472014914242,2.170577656389795
-1.7488224894849296,1.628016943439851,-3.2008682806338875,4.34115531277959,-0.25603388687971157,2.1715152503117023
-1.7472205228033124,1.6280982752128084,-3.2014622668050885,4.343030500623405,-0.25619655042562633,2.1714357388248633
-1.7418644452139393,1.6269686717209526,-3.203950938908182,4.342871477649727,-0.25393734344191476,2.1729869670720787
-1.7324935301611284,1.6268877786087692,-3.2047808517247707,4.3459739341441574,-0.2537755572175479,2.1738020604654493
-1.7295663755858317,1.6275119581646738,-3.2045662770752252,4.347604120930899,-0.255023916329357,2.1733773788702364
-1.7285978647563869,1.6267559803759826,-3.2064786447602662,4.346754757740473,-0.2535119607519746,2.1735967597774226
-1.717305665728228,1.6268020324977082,-3.2071923450854793,4.347193519554845,-0.25360406499542587,2.172707451848119
-1.7121937368255025,1.6262309976765073,-3.2087962761981466,4.345414903696238,-0.2524619953530241,2.173882471263011
-1.703393345567132,1.6262311503031999,-3.2095242183800115,4.347764942526022,-0.25246230060640923,2.173751516077664
-1.6977076854089752,1.6263340349443447,-3.210077499432897,4.347503032155328,-0.25266806988869894,2.1763975689018342
-1.6977484707825394,1.6259793521404065,-3.211368086633134,4.3527951378036684,-0.2519587042808227,2.1760809173708915
-1.6984222443576804,1.6264291075881754,-3.211423815947819,4.352161834741783,-0.25285821517636053,2.175595924507749
-1.7047744699803504,1.626171930052466,-3.2125737177495686,4.351191849015498,-0.25234386010494153,2.1772433680508927
-1.7082468957085184,1.6265060095339077,-3.212785700584172,4.354486736101785,-0.253012019067825,2.1773214952501436
-1.7159134087125574,1.6267421041170738,-3.2131658025318224,4.354642990500287,-0.25348420823415724,2.1776541457044916
-1.7220841308166044,1.627519771957492,-3.2126909315026557,4.355308291408983,-0.25503954391499384,2.177798253470776
-1.7300186803801094,1.6274309965121088,-3.213603232011133,4.355596506941552,-0.2548619930242271,2.177304579581714
-1.7292625526578527,1.6274586189902844,-3.2142744291483694,4.354609159163428,-0.2549172379805784,2.1777830613213265
-1.7255869936151378,1.6283530843841618,-3.2136275872284794,4.355566122642653,-0.2567061687683332,2.177425444405625
-1.722735194124896,1.6281981768626714,-3.2145734730467077,4.35485088881125,-0.25639635372535236,2.178048156679827
-1.7130289234033236,1.628874930559617,-3.2143079298348876,4.356096313359654,-0.2577498611192434,2.1776887064947803
-1.7090238305851657,1.6287842416517595,-3.2151979382407974,4.355377412989561,-0.2575684833035281,2.1774442081520977
-1.7026720366785355,1.6289738941920235,-3.2156469624750823,4.354888416304195,-0.2579477883840561,2.1779556926618624
-1.698010752686571,1.629158021413807,-3.2161000447645796,4.355911385323725,-0.25831604282762294,2.1781519164091336
-1.687516362616353,1.629339852996988,-3.216577283784701,4.356303832818267,-0.2586797059939848,2.177776809948439
-1.6757361347024977,1.6295788557759026,-3.2169581935597362,4.355553619896878,-0.25915771155181366,2.177619365147669
-1.6667786531699025,1.6296716237591025,-3.2175688354587266,4.355238730295338,-0.2593432475182137,2.177151195559794
-1.6529110526727713,1.629657655345863,-3.2183304006770412,4.354302391119588,-0.2593153106917347,2.1770877604597976
-1.6386797973586649,1.6303979787004426,-3.217954682610244,4.354175520919595,-0.2607959574008938,2.1764485954028787
-1.6239334235966092,1.6295561451654077,-3.219962633270899,4.352897190805757,-0.2591122903308239,2.1769736802737456
-1.601176998907952,1.6294249251725315,-3.220905172266317,4.353947360547491,-0.25884985034507146,2.177903208393549
-1.5846576014612552,1.629686653939417,-3.221252911356782,4.355806416787098,-0.2593733078788427,2.1779496007700923
-1.5683397428071706,1.6298046270113213,-3.2218060719480257,4.3558992015401845,-0.2596092540226512,2.1776362782245737
-1.5530025246082488,1.6302682057506652,-3.221818511561034,4.3552725564491475,-0.2605364115013391,2.178049264134029
-1.5370854909318636,1.6297443764197685,-3.2234093220086777,4.356098528268058,-0.25948875283954564,2.1770053698921883
-1.5182550717498164,1.6295380156138033,-3.2245244540136264,4.354010739784377,-0.25907603122761497,2.175500385998817
-1.5042383664840822,1.6297334218060229,-3.2249810407418757,4.351000771997634,-0.25946684361205413,2.1753587206290543
-1.4971300129423337,1.6294342909566288,-3.2261897436335336,4.350717441258109,-0.25886858191326595,2.1743446403854674
-1.4878939573309298,1.6299304842484266,-3.2261326687087535,4.348689280770935,-0.25986096849686124,2.174896146611907
-1.4827926724539902,1.6296761455917599,-3.2272921285880614,4.349792293223814,-0.25935229118352787,2.1744721628085544
-1.4788308115711986,1.6292885508522637,-3.2285971302074103,4.348944325617109,-0.2585771017045356,2.174339757663661
-1.4756063017173728,1.6293237612162481,-3.2292884572708305,4.348679515327322,-0.2586475224325046,2.1744081608692225
-1.479472682211108,1.6289585608456778,-3.2306109176857847,4.348816321738445,-0.25791712169136416,2.1750157950556894
-1.482256227839219,1.629341390371511,-3.2307686090996355,4.350031590111379,-0.25868278074303047,2.1756177724594497
-1.4901294864501275,1.6295996922251341,-3.231116341961674,4.351235544918899,-0.2591993844502764,2.175681531046733
-1.4971510346407129,1.6305584216983153,-3.230390261612862,4.351363062093466,-0.26111684339663893,2.17518192574461
-1.5060274911885447,1.6314776887353322,-3.229707004348588,4.35036385148922,-0.26295537747067244,2.1750996634388495
-1.5107870289676728,1.6311208068843652,-3.23097488580235,4.350199326877699,-0.2622416137687385,2.1749828152368025
-1.5077588503389512,1.6313312448540733,-3.231399578722331,4.349965630473605,-0.26266248970815465,2.174516442358723
-1.508058285821014,1.6315119466044607,-3.2318558542225593,4.349032884717446,-0.2630238932089297,2.174738197097261
-1.5116914274046893,1.6317553246919445,-3.232217020701477,4.349476394194522,-0.26351064938389723,2.17452481682988
-1.5111411100339134,1.6313747767881406,-3.2335511369594077,4.34904963365976,-0.2627495535762895,2.1745393995731033
-1.5073195561372148,1.6321862460857337,-3.2330042039386058,4.3490787991462065,-0.26437249217147596,2.1748684498202353
-1.5098231495704917,1.6319215743883404,-3.234165346249019,4.349736899640471,-0.2638431487766893,2.174153424671191
-1.5056203800366939,1.6330169368035787,-3.2331997850620042,4.348306849342382,-0.26603387360716607,2.173529810731213
-1.5086832159386945,1.6335602825446947,-3.2331157439317777,4.347059621462426,-0.26712056508939797,2.1735347894279817
-1.5011955712554343,1.6332779183149015,-3.23429907510121,4.3470695788559635,-0.26655583662981175,2.1724225885498036
-1.4877128427219675,1.634193520464353,-3.2335979589170356,4.344845177099607,-0.26838704092871474,2.1723840652348025
-1.479603520095109,1.634396237704072,-3.234006430330833,4.344768130469605,-0.2687924754081527,2.1730030277103047
-1.4629271970810722,1.6336033951271747,-3.2359967754206655,4.3460060554206095,-0.26720679025435806,2.1715423217246124
-1.4452874062569465,1.6327551236278337,-3.2380478119182183,4.343084643449225,-0.26551024725567607,2.1712984976075145
-1.4298483414417174,1.6329564420501144,-3.23847229263243,4.342596995215029,-0.26591288410023733,2.171036554403853
-1.4190534377537425,1.6323808845629664,-3.2400827695576977,4.342073108807706,-0.26476176912594124,2.1702979792867176
-1.4055537384114598,1.6329027735513075,-3.240006756838357,4.340595958573435,-0.26580554710262366,2.170339571985966
-1.3958604470098748,1.6330408984579536,-3.240519354593751,4.340679143971932,-0.266081796915916,2.1702135611031523
-1.3845673957042082,1.632960250756525,-3.2413880568249644,4.340427122206305,-0.26592050151305896,2.170342296328402
-1.37351458295697,1.634064615265467,-3.240413259193246,4.340684592656804,-0.2681292305309429,2.169957591744912
-1.3716783382809932,1.6353820478796754,-3.2390972791409687,4.339915183489824,-0.27076409575936,2.1695369929819557
-1.369248528325078,1.6344220809272791,-3.241287596327217,4.339073985963911,-0.26884416185456755,2.1688411057559556
-1.3510005724603305,1.634251051582356,-3.2422602792859663,4.337682211511911,-0.26850210316472156,2.170352499103823
-1.3401777081376625,1.635141152106292,-3.241633838403626,4.340704998207646,-0.2702823042125936,2.169679963896608
-1.3340497151525192,1.634799975515156,-3.2429103325890933,4.339359927793216,-0.26959995103032164,2.169096683571428
-1.3213289103364463,1.635196543876867,-3.243022211522679,4.338193367142856,-0.2703930877537432,2.169134512347945
-1.3107505923326956,1.6358210072076618,-3.2427523072435855,4.33826902469589,-0.2716420144153329,2.169822385016583
-1.3036796666251342,1.6353508697887138,-3.2442067275131574,4.339644770033166,-0.2707017395774369,2.169542650957173
-1.2897239634075008,1.6358256608517756,-3.2442019887334346,4.339085301914346,-0.27165132170356054,2.169540234232867
-1.2872681981014846,1.6367294790399545,-3.2435558826433324,4.339080468465734,-0.27345895807991843,2.169274811304778
-1.2867687163403267,1.6364216734485675,-3.2447292469401394,4.338549622609556,-0.2728433468971446,2.169068189518332
-1.2773253339714397,1.6367532439226156,-3.2449205412456084,4.338136379036664,-0.2735064878452407,2.1693152808408156
-1.2765381255915136,1.637812650734052,-3.2440015616062596,4.338630561681631,-0.2756253014681136,2.169201681137871
-1.277382988022884,1.6363805953471733,-3.246977812003665,4.338403362275742,-0.27276119069435595,2.166226033237973
-1.2626111818373982,1.6364895333337734,-3.247585134494217,4.332452066475946,-0.27297906666755634,2.1655464598827368
-1.2542543554929872,1.6363477526143306,-3.2485041908463117,4.3310929197654735,-0.2726955052286708,2.166098980085769
-1.2461599132041665,1.6367893943573097,-3.248548324440783,4.332197960171538,-0.27357878871462926,2.1661083779194477
-1.2380412740276956,1.6367958689451678,-3.2492823611581563,4.332216755838895,-0.2735917378903455,2.1664575791281035
-1.2295893310654564,1.6368225508102476,-3.249989234880701,4.332915158256207,-0.273645101620505,2.165601479265079
-1.2221615482334842,1.636487381757598,-3.2512159415914166,4.331202958530158,-0.2729747635152058,2.1652335001179215
-1.2136944933079292,1.6373174256232403,-3.250657117300185,4.330467000235843,-0.2746348512464907,2.16499548995738
-1.216552157541422,1.6375487426297892,-3.2510088320926775,4.32999097991476,-0.27509748525958855,2.164868340798716
-1.2222097461530346,1.6373371005163981,-3.2520321882656815,4.329736681597432,-0.2746742010328063,2.1653356763655753
-1.2219880320880063,1.6374532160610515,-3.252598827670737,4.330671352731151,-0.27490643212211324,2.1645339351869213
-1.2230079626710597,1.6373060726134643,-3.253576745514913,4.3290678703738426,-0.2746121452269386,2.163880302044904
-1.2280197236053452,1.6376545562811555,-3.2537742784945642,4.327760604089808,-0.2753091125623213,2.1635007895390643
-1.2337018841603158,1.6368400767034093,-3.255735865876612,4.327001579078129,-0.27368015340682855,2.1636315594050233
-1.2369098748776746,1.6372925320063159,-3.2557861578435476,4.3272631188100465,-0.274585064012642,2.162887606723317
-1.2502002611627865,1.6383596150270217,-3.2548475478997867,4.325775213446634,-0.27671923005405374,2.162507994900777
-1.2608737832703336,1.6385619375284675,-3.2552467823979847,4.325015989801554,-0.27712387505694513,2.1622769172049483
-1.2655146239050907,1.6388019339145028,-3.255594869997531,4.324553834409897,-0.2776038678290157,2.1620418185055157
-1.2744023474633235,1.6386641958984358,-3.2565574853007755,4.324083637011031,-0.2773283917968816,2.1617602680709327
-1.2797497176478332,1.6387041928524362,-3.257227141799744,4.323520536141865,-0.27740838570488235,2.161550607899402
-1.2878469290550518,1.6395953789517548,-3.25657316325758,4.323101215798804,-0.2791907579035196,2.1610050574670883
-1.3042169387189086,1.6392373139640803,-3.2578428733545945,4.3220101149341765,-0.27847462792817074,2.160621967048805
-1.3065551193176506,1.6392415812738153,-3.258570165895732,4.32124393409761,-0.2784831625476404,2.1599686439210646
-1.3118080150942426,1.6387732496972693,-3.2600188234077385,4.319937287842129,-0.2775464993945487,2.159796739832701
-1.3150227029500445,1.6393618846644031,-3.259830356230542,4.319593479665402,-0.2787237693288161,2.1593537623477124
-1.3251046666693003,1.6395708728778433,-3.2601778871399567,4.318707524695425,-0.27914174575569645,2.1601381744962938
-1.330960992104465,1.6397620941720334,-3.260636303474463,4.3202763489925875,-0.2795241883440767,2.15967448162615
-1.3355085498189312,1.6392660658464981,-3.2621289673936773,4.3193489632523,-0.2785321316930061,2.1586076594874166
-1.3355520989216205,1.6400221658125111,-3.26168960952833,4.317215318974833,-0.28004433162503195,2.1583878518920465
-1.3453271242237077,1.6407775078962579,-3.261243839250167,4.316775703784093,-0.28155501579252545,2.1580749077172947
-1.3517519340700246,1.6410615992468374,-3.2614918786573788,4.316149815434589,-0.2821231984936844,2.1596127394206794
-1.351494174911679,1.640729120136591,-3.262690041057689,4.319225478841359,-0.2814582402731915,2.1600491852480967
-1.3484334141552228,1.6411931773487434,-3.262660527607311,4.3200983704961935,-0.28238635469749623,2.1604318368052486
-1.3478650374182857,1.6419052394996214,-3.2622875637952813,4.320863673610497,-0.2838104789992522,2.1599914194636387
-1.3469036637835043,1.6424624914459394,-3.2621332316796785,4.319982838927277,-0.2849249828918882,2.160370219583044
-1.3378295200128514,1.6424499740398466,-3.2628997952047705,4.320740439166088,-0.28489994807970287,2.1595197999067315
-1.3263392186970324,1.6428747445757774,-3.262948974493458,4.319039599813463,-0.28574948915156473,2.1595333105304717
-1.3222122305539328,1.6423393258842562,-3.2644936963578464,4.319066621060943,-0.2846786517685224,2.1586882543460746
-1.314237364187596,1.643118961185656,-3.2640190469686576,4.317376508692149,-0.28623792237132195,2.1583534250554153
-1.3129856456515443,1.6438000926951584,-3.2636788874543794,4.3167068501108306,-0.2876001853903266,2.158192297598012
-1.3063931383762046,1.6440851861179,-3.263921939615001,4.316384595196024,-0.28817037223580966,2.1580686443979937
-1.295203348208047,1.6439142173727421,-3.2649061895877622,4.3161372887959875,-0.28782843474549386,2.1581192428781946
-1.286366432118354,1.6445366291385553,-3.264652490425185,4.316238485756389,-0.28907325827712027,2.1582347250816554
-1.2787214262618527,1.645000363712394,-3.264632515638122,4.316469450163311,-0.2900007274247976,2.160764983588965
-1.26740419539182,1.644428210863602,-3.266265500771829,4.32152996717793,-0.2888564217272133,2.1598662382589655
-1.2489926947070524,1.6444035934098553,-3.2669812377115774,4.319732476517931,-0.2888071868197203,2.159632935023397
-1.2377324352146017,1.6449507156252712,-3.2668451092785213,4.319265870046794,-0.2899014312505521,2.160228539391581
-1.2291867059157444,1.645240873238419,-3.2671138415075833,4.320457078783162,-0.29048174647684777,2.1600938330793484
-1.2182593168467768,1.6455039860158844,-3.2674344520363925,4.320187666158697,-0.2910079720317789,2.159430210452562
-1.2038818374196325,1.6459873943483148,-3.2674041904194575,4.318860420905124,-0.2919747886966398,2.1590177154963706
-1.193130820760266,1.6460658514149442,-3.267989382074252,4.318035430992741,-0.29213170282989853,2.158622578694357
-1.1832794968440024,1.6465893258730546,-3.267861805486654,4.317245157388714,-0.29317865174611923,2.159320809632603
-1.1759555805900794,1.646549615923185,-3.268634959997702,4.318641619265206,-0.2930992318463799,2.1587057902039657
-1.1633758553374733,1.6467890648540295,-3.268962199205846,4.317411580407931,-0.29357812970806935,2.1582998549598544
-1.1544259496908376,1.6475334164468116,-3.268538801039833,4.316599709919709,-0.2950668328936335,2.1578903520795576
-1.1497524062416262,1.64738208842808,-3.2694915196432883,4.315780704159115,-0.2947641768561706,2.1598760441513014
-1.1420892461168164,1.6471782275877005,-3.2704949026017376,4.319752088302603,-0.2943564551754113,2.1617773593688283
-1.1353632954253223,1.6475282835384988,-3.2706563187122137,4.323554718737657,-0.29505656707700784,2.1617299266662275
-1.1334760195311078,1.6482572624014786,-3.2702202230813047,4.323459853332455,-0.2965145248029677,2.1625117230785853
-1.1289520703087497,1.6481414605857865,-3.271078337877396,4.325023446157171,-0.2962829211715836,2.162642271116538
-1.1229939601681227,1.6477545118903338,-3.2723342906748467,4.325284542233076,-0.29550902378067834,2.1626745443459567
-1.1208819580840583,1.6482697328493807,-3.272232667451837,4.3253490886919135,-0.2965394656987721,2.163159081663493
-1.124527982717645,1.6487874927298565,-3.2721221648071253,4.326318163326986,-0.29757498545972383,2.1629103762895405
-1.1251919207760075,1.648583352432124,-3.2731822102233545,4.325820752579081,-0.29716670486425917,2.162298313945705
-1.1249220287918889,1.648732684360657,-3.2736595039755803,4.32459662789141,-0.2974653687213247,2.161975074326782
-1.1291848998583163,1.6488494422914346,-3.2741973843975067,4.323950148653564,-0.29769888458288,2.161068605136471
-1.1305057380923367,1.6488315237559417,-3.27492636120404,4.322137210272942,-0.29766304751189404,2.1609025362965992
-1.1310903075340608,1.6498612864762656,-3.2740315881735906,4.3218050725931985,-0.2997225729525421,2.162199865977366
-1.137453445590875,1.6507766850054741,-3.2733201700233217,4.324399731954732,-0.301553370010959,2.161852413874942
-1.1391595025691221,1.651436695401296,-3.2730348972516183,4.323704827749884,-0.3028733908026027,2.1615535753540156
-1.1364781410073146,1.6520975045547392,-3.272710656832096,4.323107150708031,-0.3041950091094893,2.1611877609395775
-1.132920230726807,1.651531990270268,-3.274248002162395,4.322375521879155,-0.3030639805405469,2.160670068169685
-1.1232611677342337,1.651903889932744,-3.2743942870439993,4.32134013633937,-0.30380777986549895,2.159960704447372
-1.1211087714355845,1.6524856528854914,-3.274205032382207,4.319921408894744,-0.3049713057709939,2.159562445438507
-1.1175637364384952,1.6528911478393942,-3.2742998553545934,4.319124890877014,-0.30578229567879955,2.159104058446278
-1.1117676112253865,1.6533391726332987,-3.274303746245264,4.318208116892556,-0.3066783452666086,2.1590752414201724
-1.1081018774908213,1.6529498826240419,-3.2755920218990107,4.318150482840345,-0.3058997652480952,2.1582317230829595
-1.0994308898450376,1.6534947445317199,-3.2754455280821784,4.316463446165919,-0.3069894890634513,2.1585977201229043
-1.0939579614834665,1.654506368265413,-3.274559797780963,4.317195440245809,-0.30901273653083794,2.1584681572805646
-1.0886550473448378,1.654093878457458,-3.275871694203646,4.316936314561129,-0.3081877569149275,2.158411555463321
-1.0778136358581039,1.6547524895501609,-3.2755488835393995,4.316823110926642,-0.3095049791003333,2.1583651975598444
-1.0709994946387245,1.655436183302891,-3.275195891298587,4.316730395119689,-0.3108723666057934,2.15788237094269
-1.059185280385225,1.6552525902902695,-3.2761396309341797,4.31576474188538,-0.31050518058055027,2.1587211868276253
-1.0442896392357186,1.654868286744866,-3.2774215086574148,4.3174423736552505,-0.3097365734897433,2.1584815542269933
-1.0323826094109343,1.6554105567266497,-3.2772904982515234,4.316963108453987,-0.31082111345331065,2.1581264655957386
-1.0237276322120252,1.655094505867554,-3.278478258998738,4.316252931191477,-0.3101890117351191,2.158088028516154
-1.0110344457109457,1.6551649070772139,-3.2790831282053317,4.316176057032308,-0.31032981415443917,2.157876092829219
-1.0014394586817614,1.6552645796787555,-3.2796195086544384,4.315752185658438,-0.31052915935752257,2.157892116142429
-0.991779930005126,1.6552863744207633,-3.280255939173141,4.315784232284858,-0.3105727488415383,2.1588688680367962
-0.98756267046397,1.6555571169909624,-3.2805166172374114,4.3177377360735925,-0.3111142339819366,2.158536662340237
-0.9891697665889623,1.6559579890545977,-3.2805831390398312,4.317073324680474,-0.31191597810920724,2.158584146166779
-0.993520248482842,1.6560489162256151,-3.281124905805992,4.317168292333558,-0.3120978324512423,2.1581523973564654
-0.9988423549415235,1.6563940756091475,-3.28128435861738,4.316304794712931,-0.31278815121830733,2.1577720449862543
-1.002301588810206,1.6567155961688682,-3.281470757801944,4.315544089972509,-0.3134311923377485,2.157614898530343
-1.0061009965814613,1.6570468376112635,-3.28165161722229,4.315229797060686,-0.31409367522253906,2.1580152043099776
-1.0115580301016107,1.65752801103848,-3.2816160720364778,4.316030408619955,-0.31505602207697203,2.1578875845386793
-1.0179972103742494,1.6577555266534394,-3.28190723853846,4.315775169077359,-0.31551105330689067,2.157961640995571
-1.0238798675351832,1.6570784113882835,-3.2836716018435093,4.315923281991142,-0.314156822776579,2.1566008884705496
-1.0247986447506892,1.6570090497492407,-3.284469595280405,4.313201776941099,-0.3140180994984935,2.1559928465998004
-1.0330277751544394,1.657494901603961,-3.2844211969244825,4.311985693199601,-0.3149898032079344,2.1563849245892888
-1.04890612273865,1.6575018814850477,-3.2850824594901655,4.3127698491785775,-0.3150037629701079,2.1562183032230227
-1.0595041067212334,1.6577517549761485,-3.2853877248486985,4.312436606446045,-0.31550350995230947,2.1565326386943
-1.0741723472273197,1.6588287842802083,-3.284419706087577,4.3130652773886,-0.3176575685604293,2.1563822564926602
-1.093380161779707,1.6597696559467339,-3.2836726297905807,4.3127645129853205,-0.3195393118934804,2.155869853807542
-1.105004707661472,1.6599650527150842,-3.284055342636493,4.311739707615084,-0.31993010543018113,2.156203302787074
-1.1075661635224734,1.660731358476557,-3.283551674427058,4.312406605574148,-0.32146271695312695,2.156119146502405
-1.1131969105638917,1.6608264458494,-3.2841159556502344,4.31223829300481,-0.32165289169881256,2.1552670914376493
-1.111267982058853,1.661300795838031,-3.284064184743681,4.3105341828752985,-0.3226015916760747,2.155454486619391
-1.1099048329471597,1.6615306476644984,-3.2844028759259594,4.310908973238782,-0.32306129532900946,2.155251011196553
-1.1056371016425621,1.6623305198744653,-3.2838573111575813,4.310502022393106,-0.3246610397489431,2.154563218079861
-1.1014596403287917,1.6622378061571068,-3.284698351176471,4.309126436159722,-0.32447561231422595,2.1541630230342164
-1.0915917359457425,1.6623864230957557,-3.2851710092598068,4.308326046068433,-0.3247728461915237,2.1536431592758
-1.0844151452521855,1.662303147578695,-3.285968821996911,4.3072863185516,-0.32460629515740197,2.1533187886505014
-1.0760990565929223,1.6626433218496819,-3.2861195072616485,4.306637577301003,-0.32528664369937577,2.153212648632806
-1.0706583856085061,1.6633716086487789,-3.285677203232301,4.306425297265612,-0.32674321729756967,2.1530529442063804
-1.0658535365712847,1.6623355803906137,-3.2879636706682294,4.306105888412761,-0.3246711607812392,2.151445897971734
-1.0540663739098732,1.6622944809090097,-3.28872434120915,4.302891795943468,-0.32458896181803104,2.150718163849086
-1.0512256366360924,1.6620850549773314,-3.2897265496213697,4.301436327698172,-0.32417010995467466,2.150733070753469
-1.04910738435367,1.6614243219820324,-3.2914073244794455,4.301466141506938,-0.3228486439640768,2.1500037771860234
-1.0438254784445964,1.6617272422006344,-3.291620647581063,4.300007554372047,-0.32345448440128094,2.1497835401686105
-1.043331927563903,1.6622504890921213,-3.2915170390265716,4.299567080337221,-0.3245009781842548,2.1498363449956837
-1.0442617572408235,1.6624594591061033,-3.2918757590996512,4.299672689991367,-0.3249189182122189,2.1498689028234534
-1.0417482397649704,1.6626227653597743,-3.292306722354419,4.299737805646907,-0.32524553071956075,2.150568710776159
-1.039297467744207,1.6622952257017998,-3.293488144856007,4.301137421552318,-0.3245904514036116,2.1502039444936556
-1.0411643875221333,1.6625980311526736,-3.2936984529085547,4.300407888987311,-0.325196062305359,2.1500522399105253
-1.0514610781483051,1.6627441182532934,-3.294169511507282,4.300104479821051,-0.3254882365065986,2.1502682451334447
-1.0609358718794968,1.66218524594357,-3.295723465309448,4.3005364902668894,-0.32437049188715195,2.1492249231233607
-1.0721807458107788,1.6629185695378468,-3.2952466600076518,4.298449846246721,-0.32583713907570544,2.1494825576680565
-1.0897392182070165,1.6628354445781601,-3.2960302121966407,4.298965115336113,-0.32567088915633213,2.1501565524509316
-1.1037980019152573,1.6621594689232797,-3.297741761417023,4.300313104901863,-0.32431893784657106,2.1501659195954557
-1.1179026605335394,1.662632900913572,-3.297723251087394,4.300331839190911,-0.3252658018271558,2.1492976010274263
-1.142237275483418,1.6623810576735376,-3.2988047360018222,4.298595202054853,-0.3247621153470868,2.149472407651594
-1.161930937335956,1.6622645451118885,-3.2996723533040018,4.298944815303188,-0.3245290902237886,2.148321272618989
-1.1837858767753682,1.6615926101590304,-3.3014059972286804,4.296642545237978,-0.3231852203180723,2.147037850513192
-1.2042603382445016,1.661303310627173,-3.3025261305688822,4.294075701026384,-0.32260662125435774,2.1467681109222028
-1.2302025675963422,1.6612071552796384,-3.3033702476445934,4.2935362218444055,-0.3224143105592885,2.1459946303895774
-1.2617822973265673,1.6611517091143948,-3.304145528102057,4.291989260779155,-0.32230341822880126,2.1466375369546538
-1.289302662843517,1.6609145487647403,-3.305167135849625,4.2932750739093075,-0.3218290975294922,2.1460557376388727
-1.316071181300094,1.6612866249086053,-3.3052447182422067,4.292111475277745,-0.3225732498172221,2.1465698886154376
-1.344045141382718,1.661883951881626,-3.305018693724258,4.293139777230875,-0.3237679037632635,2.146472769955603
-1.3670924260154838,1.6622722732598654,-3.305087238419455,4.292945539911206,-0.3245445465197422,2.1466708440698046
-1.387242193608958,1.6624862339689401,-3.305405317938725,4.293341688139609,-0.32497246793789153,2.1470195537468357
-1.4069922583213512,1.662367394387932,-3.3062555327755385,4.2940391074936715,-0.32473478877587547,2.1469496915055273
-1.4250343596302735,1.6628415303591562,-3.3061868313931395,4.293899383011055,-0.3256830607183238,2.147024183698062
-1.4451180328133366,1.6633029119375888,-3.3061738125819047,4.294048367396124,-0.3266058238751891,2.146833045163742
-1.4600803472433075,1.6618743707220758,-3.3090798232502334,4.293666090327484,-0.32374874144416316,2.1440775318419543
-1.468317500851108,1.662130353491701,-3.309363497505255,4.2881550636839085,-0.3242607069834135,2.143986655154409
-1.4865782799714398,1.6626185482091969,-3.309296832580824,4.287973310308818,-0.32523709641840554,2.1439597807775943
-1.5004933390502235,1.6625411966767234,-3.310068301866411,4.287919561555189,-0.3250823933534586,2.1442196308076453
-1.5135405120308953,1.6627488445171934,-3.3104139778522996,4.288439261615291,-0.3254976890343987,2.144011880626628
-1.5262378342337761,1.6627402248911896,-3.3110782876005467,4.288023761253256,-0.3254804497823911,2.1444620886838908
-1.5331765474873875,1.6627173023697113,-3.3118156854304,4.2889241773677815,-0.32543460473943453,2.14419272408289
-1.5416162143885108,1.6625736263955644,-3.312712118044132,4.28838544816578,-0.3251472527911409,2.143851500789095
-1.5476687862610992,1.6624876496525745,-3.3135509642917422,4.28770300157819,-0.32497529930516117,2.1437587102339872
-1.5529929008582855,1.6628426808277685,-3.3136641685675254,4.2875174204679745,-0.3256853616555493,2.1434239195788303
-1.5558785640876314,1.6632831451406074,-3.313665843816015,4.2868478391576605,-0.32656629028122675,2.1434844398725845
-1.5547565398549983,1.6634860720756768,-3.314033748459438,4.286968879745169,-0.32697214415136533,2.143429473976708
-1.5493071902307127,1.6640211322801766,-3.313879397035951,4.286858947953416,-0.32804226456036495,2.1429855428664517
-1.5426188009374897,1.6645523002961873,-3.3137315088476362,4.285971085732903,-0.3291046005923862,2.142816634891709
-1.5311291347323797,1.6637137582524408,-3.3156742142472453,4.285633269783418,-0.32742751650489316,2.142479950325343
-1.5146532229249585,1.663745764701472,-3.3163107429976786,4.284959900650686,-0.32749152940295556,2.1424645309597308
-1.506980554364834,1.663914535309563,-3.3167134648789536,4.2849290619194615,-0.32782907061913763,2.1421996524625273
-1.5012117000010528,1.6649232540902863,-3.315839257608218,4.284399304925055,-0.32984650818058403,2.141901000377977
-1.4974850063154934,1.6645937923563354,-3.317040577258685,4.283802000755954,-0.32918758471268217,2.1407056162238645
-1.4832349259891278,1.6646310707117935,-3.317659071876751,4.281411232447729,-0.32926214142359855,2.1411152052923486
-1.473883900723372,1.6646681602924382,-3.318270269486651,4.282230410584697,-0.3293363205848878,2.140534335476174
-1.4667347995640054,1.6644094925262714,-3.319351685657877,4.281068670952348,-0.328818985052554,2.1404393989900288
-1.452596478552334,1.663665168984042,-3.321227198644268,4.2808787979800575,-0.3273303379680953,2.139396088813968
-1.4397346604912047,1.6630609882856013,-3.322872431827688,4.278792177627936,-0.32612197657121395,2.138694214842959
-1.4332921345350818,1.6630090357998637,-3.3236159962155463,4.277388429685918,-0.3260180715997387,2.1383631002074868
-1.4308108370317076,1.6637616422941803,-3.3231288400590224,4.2767262004149735,-0.3275232845883721,2.1383018524201507
-1.4318645230405156,1.6633688635411836,-3.3244292887237497,4.276603704840301,-0.3267377270823786,2.137713645420174
-1.4258469850337292,1.6632004597290369,-3.325363211187495,4.275427290840348,-0.3264009194580848,2.137044828528376
-1.4223716169028373,1.6632294003209174,-3.325982590446937,4.274089657056752,-0.3264588006418457,2.137107150090143
-1.4197869867448245,1.6626028428103878,-3.3276355155699626,4.274214300180286,-0.3252056856207868,2.135731882036652
-1.415234300343232,1.6630907830620143,-3.327553448347243,4.271463764073304,-0.32618156612403965,2.1354983135156567
-1.4185433938994167,1.6631591972522823,-3.3280974816593094,4.270996627031313,-0.3263183945045757,2.1359636158050423
-1.4208602014273652,1.6632557834081136,-3.3286283574257434,4.271927231610085,-0.32651156681623833,2.1364995255095174
-1.4242332345553705,1.6626254634386568,-3.3302864897550486,4.272999051019035,-0.32525092687732454,2.135070974741886
-1.4284925949993361,1.6627150684324783,-3.330839759422012,4.270141949483772,-0.3254301368649677,2.1348548070825513
-1.4406437617364412,1.6631278691745395,-3.3308482754714537,4.2697096141651025,-0.3262557383490899,2.135121280380767
-1.4497491649962717,1.6637766495966881,-3.330555409372125,4.270242560761534,-0.32755329919338716,2.134722429031845
-1.4575323827074016,1.664037256007059,-3.3308688782864238,4.26944485806369,-0.3280745120141293,2.1339675198008607
-1.4616761635939994,1.6647593160387912,-3.3304461687505125,4.2679350396017215,-0.32951863207759374,2.1339926572327714
-1.4720239888357836,1.6655905558042976,-3.3298639465871047,4.267985314465543,-0.33118111160860647,2.1338132698352132
-1.4770163772292184,1.6657570980674012,-3.330292798441434,4.2676265396704265,-0.3315141961348136,2.133237725463059
-1.475625056712891,1.6656926115457589,-3.3310813593056934,4.266475450926118,-0.3313852230915288,2.1324862247639365
-1.4729407987400993,1.6642336743684452,-3.334027306872864,4.264972449527873,-0.3284673487369014,2.131383034265174
-1.4657310585003895,1.664653065212022,-3.334047090685514,4.262766068530348,-0.3293061304240549,2.1310710590457678
-1.4659992357916773,1.6648046306703246,-3.3344837807307894,4.2621421180915355,-0.32960926134066,2.1311187866770536
-1.4604705924001617,1.6638344851479194,-3.336655217555096,4.262237573354107,-0.3276689702958498,2.129910379193382
-1.450945865184311,1.6637715158902666,-3.337432631802819,4.259820758386764,-0.32754303178054434,2.1294895858609
-1.4522204629956326,1.6642661461881112,-3.3373640767155512,4.2589791717218,-0.32853229237623366,2.1289676130826805
-1.4532925395740885,1.664128199395785,-3.338258387924214,4.257935226165361,-0.32825639879158136,2.1283642710524515
-1.4491746876170732,1.6643368844040412,-3.3385894673803023,4.256728542104903,-0.3286737688080934,2.127982662128164
-1.4466806346685508,1.6643247234402658,-3.3393193983916833,4.255965324256328,-0.3286494468805428,2.12756961177891
-1.439533062052585,1.6643290741762695,-3.3399711752404735,4.25513922355782,-0.32865814835255036,2.127354444401068
-1.4350774285129049,1.6653204633020466,-3.3391221050967004,4.254708888802136,-0.33064092660410466,2.126968578356491
-1.4333523195781097,1.6658026823516383,-3.3390576955646685,4.253937156712982,-0.3316053647032882,2.1278155592240626
-1.4246740313714172,1.6645114820649818,-3.3417359832692086,4.255631118448125,-0.32902296412997534,2.126438709472537
-1.405965879310204,1.6638778795628955,-3.343392509187122,4.252877418945074,-0.3277557591258026,2.1259179422596235
-1.394827575956228,1.6636033359338251,-3.344482271864684,4.251835884519247,-0.32720667186766195,2.12619509306528
-1.3897297433057012,1.6636460813717089,-3.3450965000114423,4.25239018613056,-0.3272921627434292,2.1256711048948045
-1.390447504992983,1.664237130093516,-3.3448523294403327,4.251342209789609,-0.3284742601870434,2.125193670127666
-1.393853064710597,1.6635662556867903,-3.3465294397571896,4.250387340255332,-0.32713251137359206,2.1260586107807478
-1.395085293004695,1.6635844304638274,-3.3471820598542434,4.2521172215614955,-0.32716886092766634,2.125604792263068
-1.4061037707739055,1.6629223754160969,-3.3488411908889173,4.251209584526136,-0.3258447508322053,2.125144772003988
-1.4164216649200352,1.6622108300078051,-3.3506009168596984,4.250289544007976,-0.3244216600156218,2.124607482421894
-1.4294778503550392,1.6613234849316505,-3.352651979395274,4.249214964843788,-0.3226469698633126,2.123406518902662
-1.4393587380865014,1.660849203458859,-3.354090655737373,4.246813037805324,-0.32169840691772933,2.122576506940283
-1.4565798362824531,1.6616948822576094,-3.3534493670448495,4.245153013880566,-0.32338976451523044,2.1221779327492105
-1.4803388079710742,1.661838504309995,-3.3538555570032185,4.244355865498421,-0.3236770086200017,2.1231867130909032
-1.4931355391922314,1.66156043395612,-3.3549434796146573,4.2463734261818065,-0.3231208679122519,2.1235050982376626
-1.5037354374010343,1.6618422458547382,-3.355168522441581,4.247010196475325,-0.323684491709488,2.1241276529650546
-1.5197537063526487,1.6614076572302543,-3.3565345130301707,4.248255305930109,-0.32281531446052036,2.123093156729449
-1.5316721075573785,1.6607889607842972,-3.3581644668017745,4.246186313458898,-0.3215779215686062,2.1232839420887486
-1.546170605761454,1.6598637769590636,-3.3602801343011484,4.246567884177497,-0.319727553918139,2.1222303318130864
-1.5625462863167476,1.659003571183846,-3.362301308911054,4.244460663626173,-0.31800714236770383,2.121737898128727
-1.5830920005409037,1.6587311097340782,-3.3634072922334055,4.243475796257454,-0.3174622194681684,2.1210254731066125
-1.6151483976070242,1.6582729284672009,-3.364816741208123,4.242050946213225,-0.3165458569344137,2.1207208660586665
-1.6506175946229737,1.6587162747174626,-3.364824352308411,4.241441732117333,-0.31743254943493715,2.1207035666268466
-1.6846669785861272,1.659090333394639,-3.364925917400301,4.241407133253693,-0.3181806667892899,2.1207847339986303
-1.7126530403680746,1.659405453709584,-3.365101867613764,4.241569467997261,-0.3188109074191796,2.121173171006991
-1.7364817147401717,1.6601338445494238,-3.3646263810839283,4.242346342013982,-0.3202676890988595,2.1231338626649454
-1.7591704158524228,1.6594157856078302,-3.366367567818963,4.246267725329891,-0.3188315712156724,2.123196493162114
-1.776517739905233,1.6596355382326446,-3.36671360543626,4.246392986324228,-0.31927107646530134,2.1231259840911054
-1.7955528749777432,1.6592568987294565,-3.3679979414433903,4.246251968182211,-0.3185137974589251,2.1224467983142157
-1.8110738130089887,1.6588583160061658,-3.3692796936107143,4.244893596628431,-0.317716632012344,2.122259054814999
-1.8243503876161433,1.6590847516295781,-3.3696145582257904,4.244518109629998,-0.31816950325916876,2.12243299235538
-1.8368191784825085,1.659367326027291,-3.369888540061521,4.24486598471076,-0.31873465205459445,2.1220395971046164
-1.843031819010029,1.6591391660613857,-3.370883881950569,4.244079194209233,-0.31827833212278384,2.122195060582991
-1.8431251617329392,1.6595513627173697,-3.3709163886346616,4.244390121165982,-0.319102725434752,2.122049798647554
-1.8503172922652873,1.6593433155223818,-3.3718965348450443,4.244099597295108,-0.31868663104477607,2.1224005345767747
-1.8535074106840166,1.658628322630288,-3.373667251556513,4.244801069153549,-0.3172566452605887,2.122296830997057
-1.854172125737076,1.658587718208921,-3.3744135521173466,4.244593661994114,-0.3171754364178545,2.1223353405241534
-1.8606741873515196,1.6577978617122422,-3.376287079052513,4.244670681048307,-0.31559572342449677,2.1223156280303357
-1.86253737064747,1.6585762139218614,-3.375780615586435,4.244631256060671,-0.31715242784373515,2.123395820577945
-1.8682932432113593,1.6589292195319587,-3.3759038563944213,4.24679164115589,-0.3178584390639298,2.1238698813932544
-1.8631135581156857,1.6593642949105551,-3.3758987132447564,4.247739762786509,-0.3187285898211226,2.124134754147865
-1.8513587038530193,1.6589294070525302,-3.377250280988723,4.24826950829573,-0.3178588141050729,2.123911598797855
-1.832861881437789,1.6590221028276833,-3.377781246752524,4.24782319759571,-0.31804420565537894,2.1237450368402153
-1.8150537580289507,1.6589000901963837,-3.378668821915209,4.247490073680431,-0.3178001803927798,2.123239640007612
-1.7982830568618882,1.659113066274369,-3.3790116563113104,4.246479280015224,-0.31822613254875043,2.1238336862971887
-1.7848202704394793,1.6583986597986915,-3.3807724217340303,4.247667372594377,-0.31679731959739543,2.123756246726276
-1.7694224338373379,1.6586173042755108,-3.381130315287197,4.247512493452552,-0.3172346085510339,2.1240458177260124
-1.7640174935082438,1.6586505343656046,-3.3817415322336055,4.248091635452025,-0.3173010687312213,2.12425932494033
-1.7535939048877573,1.6579922883483358,-3.3834551124853127,4.24851864988066,-0.3159845766966837,2.1238594391280126
-1.7424446978707409,1.6582649095453295,-3.38372886632419,4.247718878256025,-0.316529819090671,2.1249918049599836
-1.735052815715228,1.6580738785239446,-3.3847390603011243,4.249983609919967,-0.3161477570479013,2.124772898138825
-1.7232255595693995,1.6590216894207361,-3.3839627754482753,4.24954579627765,-0.3180433788414843,2.1245833804696015
-1.716747164703977,1.6588757644126513,-3.384878686134975,4.249166760939203,-0.31775152882531477,2.125506571749272
-1.7033944841132056,1.659039769557992,-3.3853288628044953,4.251013143498544,-0.31807953911599623,2.1252545119606627
-1.690753317230416,1.6587778451972195,-3.3864308434996975,4.2505090239213255,-0.3175556903944512,2.124275848817084
-1.6788201360508186,1.6585195604624539,-3.3875449898221865,4.248551697634168,-0.31703912092491987,2.1234781050034677
-1.6675517336637857,1.658552211206994,-3.3881562963499414,4.246956210006935,-0.317104422414,2.1237857281729493
-1.6554614636390306,1.6586349212905056,-3.3887040812859284,4.247571456345899,-0.31726984258102353,2.1234807182269373
-1.6435862048991068,1.658019924488041,-3.390302754251735,4.246961436453875,-0.31603984897609405,2.123325490970728
-1.6264134845229823,1.6577993818890693,-3.391308216307235,4.246650981941456,-0.31559876377815066,2.1240774039632346
-1.6182698623544052,1.6564597917441342,-3.3940506180016015,4.248154807926469,-0.3129195834882804,2.1238222960878215
-1.6108640067126294,1.656879119642994,-3.394083307446901,4.247644592175643,-0.31375823928599983,2.1245148473263877
-1.616733683700858,1.6569690957324636,-3.3946303724846243,4.2490296946527755,-0.31393819146493934,2.1246275493841758
-1.617995714801397,1.6569872556261396,-3.395275888003278,4.2492550987683515,-0.31397451125229137,2.124530058428333
-1.6196515353415528,1.6569766439475007,-3.3959756976624935,4.249060116856666,-0.3139532878950135,2.1251868693346694
-1.621022789855129,1.6566445107796004,-3.397195768328575,4.250373738669339,-0.31328902155921284,2.124235915553408
-1.6231915322052872,1.6559736290862896,-3.3989386694996306,4.248471831106816,-0.31194725817259134,2.1238261774665848
-1.6232162892662427,1.6562282435012523,-3.399268160940433,4.2476523549331695,-0.3124564870025165,2.1240003377976904
-1.6302438916281028,1.656417199244292,-3.399668933474046,4.248000675595381,-0.31283439848859573,2.1239246686063957
-1.6363322272053793,1.6568855842134633,-3.399627132422434,4.2478493372127915,-0.3137711684269385,2.1240444071332676
-1.6393931402517405,1.6564803307248488,-3.4009676991717486,4.248088814266535,-0.31296066144970924,2.1228299285796948
-1.6393461759151264,1.6560788195511886,-3.4022541331537006,4.2456598571593895,-0.31215763910238903,2.1225671248234574
-1.640609124590421,1.6569365452803226,-3.4016197386839195,4.245134249646915,-0.31387309056065693,2.122365370764691
-1.6531028962102656,1.6570396524525486,-3.4021494191184427,4.244730741529382,-0.3140793049051088,2.122063628248512
-1.6579928419735404,1.6567794826846918,-3.4032250849893644,4.244127256497024,-0.313558965369395,2.1227349483329108
-1.6624441429184842,1.6571099683832198,-3.403385847795896,4.2454698966658215,-0.31421993676645105,2.123164910921809
-1.6684886517228332,1.6566578182857208,-3.4047704306525395,4.246329821843618,-0.31331563657145317,2.1228432654537257
-1.6695200643932633,1.6542818646972952,-3.409109395769681,4.245686530907451,-0.3085637293946021,2.1211134563953156
-1.6680364535128933,1.6543387749213991,-3.4097180299227055,4.242226912790631,-0.30867754984281,2.1202724651883162
-1.6826684975231099,1.6527637055327251,-3.412818256110869,4.2405449303766325,-0.30552741106546183,2.1195509980950984
-1.6899684880239076,1.6526043706679632,-3.413767842660629,4.239101996190197,-0.30520874133593795,2.120001830770854
-1.7064139457944645,1.6523183525631493,-3.41485686288662,4.240003661541708,-0.3046367051263103,2.121543550803515
-1.7173825896728052,1.6522280112955212,-3.415657042719806,4.24308710160703,-0.30445602259105403,2.1227167355314935
-1.7324069018133283,1.6518702785555626,-3.4168796827146886,4.245433471062987,-0.30374055711113657,2.1235563932884576
-1.747505553553993,1.652477365888512,-3.416644450929342,4.247112786576915,-0.3049547317770353,2.1232918359084123
-1.7666876032995427,1.6525643226208135,-3.41719146577631,4.246583671816825,-0.30512864524163874,2.124423087989061
-1.7807878777308628,1.6512492899979494,-3.4199089389751904,4.248846175978122,-0.30249857999591045,2.123681891819415
-1.7889085138429885,1.651361629424559,-3.4204609703355886,4.24736378363883,-0.3027232588491298,2.1236658572252165
-1.8029404492407817,1.6515482428480641,-3.4208362177435276,4.247331714450433,-0.30309648569613995,2.124180916859948
-1.8176874757915684,1.6512890233700732,-3.4219676713115894,4.248361833719896,-0.3025780467401581,2.123860051571025
-1.8309053955685957,1.6520003173764781,-3.4215507037168065,4.24772010314205,-0.30400063475296785,2.124071052733123
-1.8502586239665355,1.6520710867154966,-3.4221327994560524,4.248142105466246,-0.30414217343100486,2.124632895791261
-1.8613286848549102,1.652596037462878,-3.4220406769337295,4.249265791582522,-0.30519207492576794,2.124401766606159
-1.8706843636887092,1.6522114480696557,-3.4233450609412186,4.248803533212318,-0.3044228961393231,2.1232868047704336
-1.879586357690538,1.6515621258937567,-3.425033641558193,4.246573609540867,-0.3031242517875254,2.123018907805719
-1.8898426590816568,1.6508280095468042,-3.4268342286252267,4.246037815611438,-0.30165601909362016,2.1224820839510183
-1.9012405290419798,1.6511853558666085,-3.426951832560295,4.244964167902037,-0.30237071173322877,2.1227220540660654
-1.92031935360593,1.6503679114867573,-3.428879596868275,4.245444108132131,-0.3007358229735266,2.1226352179915797
-1.9316683332537248,1.649601714411536,-3.4307639639939627,4.2452704359831595,-0.29920342882308404,2.1221817739871125
-1.9365550429417209,1.6486269021437956,-3.4330069901329354,4.244363547974225,-0.2972538042876032,2.1217236440236102
-1.9442596981880877,1.6480262082983599,-3.4346442706414466,4.2434472880472205,-0.2960524165967317,2.1215079448945424
-1.9499354768107644,1.6475021039505036,-3.436165588546282,4.243015889789085,-0.2950042079010193,2.121798185542702
-1.9573409966643536,1.6471144833416806,-3.4374434463984267,4.243596371085404,-0.29422896668337367,2.1220253707834233
-1.9657101335857998,1.646220582851128,-3.4395605581303164,4.244050741566847,-0.2924411657022684,2.121447173841308
-1.9736782398549109,1.6462601288357763,-3.4401810513202182,4.242894347682616,-0.29252025767156514,2.121748433168868
-1.9859947550861154,1.646285194131165,-3.4408712542401307,4.243496866337736,-0.29257038826234216,2.1215522727815332
-2.0011557531171107,1.6464202996129549,-3.441348658990038,4.2431045455630665,-0.292840599225922,2.1213055545581385
-2.0165304707533513,1.6463699246537788,-3.442154114489553,4.242611109116277,-0.29273984930757,2.1207703499146877
-2.0241305510827936,1.645789317968103,-3.443742512925627,4.241540699829375,-0.2915786359362182,2.1211964911616823
-2.0307910205867366,1.6455497290914516,-3.4448527517291496,4.242392982323365,-0.2910994581829155,2.1214293525015777
-2.0416978318345107,1.6452293533895495,-3.4460449458015887,4.242858705003155,-0.2904587067791113,2.1219516630354467
-2.051879704503011,1.644259145289789,-3.4482511681033525,4.243903326070893,-0.2885182905795904,2.1221477682651577
-2.065973888784386,1.6440647065233753,-3.4492445706195882,4.244295536530315,-0.2881294130467629,2.122964128455427
-2.0866903078926198,1.6435113947339863,-3.450797582090132,4.245928256910854,-0.2870227894679847,2.123588580391633
-2.1102710456840477,1.6428739927985523,-3.4524953550906123,4.247177160783266,-0.2857479855971166,2.1230173861841024
-2.134050737467912,1.642271768935848,-3.454182076961468,4.246034772368205,-0.28454353787170794,2.121899261450341
-2.15739989863642,1.6415353109266269,-3.45602171830535,4.243798522900682,-0.28307062185326576,2.1222117299032863
-2.1793900329702525,1.6417752009608173,-3.4563680120903473,4.244423459806573,-0.28355040192164654,2.1228335429012692
-2.209128001258148,1.6419103854273054,-3.4569003809016765,4.2456670858025385,-0.28382077085462254,2.122722314666889
-2.2327072949914193,1.6417466696016485,-3.457848808892244,4.245444629333778,-0.2834933392033086,2.1229604686490178
-2.250441010145301,1.6417301951401384,-3.458606472309385,4.2459209372980355,-0.2834603902802884,2.1226759387805414
-2.2639890854632805,1.64170684606373,-3.459361666280524,4.245351877561083,-0.2834136921274717,2.1231736527665284
-2.2738836723474076,1.641816588768794,-3.459897307296554,4.246347305533057,-0.2836331775375997,2.1236896147096473
-2.2808494538691573,1.6407967351924213,-3.4621667754605006,4.247379229419295,-0.281593470384854,2.1228985822954054
-2.281583187559111,1.6404938636309587,-3.463336881870909,4.245797164590811,-0.28098772726192883,2.1238397860317626
-2.283939741830512,1.640200025641501,-3.4644860815905694,4.247679572063525,-0.2804000512830134,2.1241909578591573
-2.287444629359304,1.6400650144797317,-3.465416047891697,4.248381915718315,-0.280130028959475,2.123750142076386
-2.2923515192955115,1.6389806433818257,-3.467861956828241,4.247500284152772,-0.27796128676366266,2.1214437071977286
-2.295655267483383,1.63818009095483,-3.469821112162027,4.242887414395457,-0.2763601819096715,2.1211780390018338
-2.304100546388321,1.638646721465175,-3.4698129441546555,4.2423560780036675,-0.27729344293036123,2.1226605155975595
-2.316206243841365,1.639266719560874,-3.4695638751560534,4.245321031195119,-0.2785334391217593,2.124179583509213
-2.3240646857389287,1.6386218883284713,-3.471290388319367,4.248359167018426,-0.2772437766569537,2.1230442923014214
-2.322584586070276,1.638253329081207,-3.4725155561700696,4.246088584602843,-0.2765066581624247,2.1245049751841716
-2.319763510596206,1.6388563483225382,-3.4722745862302036,4.249009950368343,-0.2777126966450876,2.1261197253444375
-2.3196936231478995,1.6385220654170658,-3.4735273381776617,4.252239450688875,-0.27704413083414264,2.1253156532644493
-2.3101584884125312,1.6381777868101304,-3.474778124929635,4.2506313065288985,-0.27635557362027197,2.1261897573951223
-2.2986718834175024,1.6380419412479605,-3.475706905536163,4.252379514790245,-0.27608388249593224,2.1262974795670813
-2.2860766543351927,1.6381494497444096,-3.4762578134408417,4.2525949591341625,-0.2762988994888301,2.1273512449661593
-2.270861049642975,1.6378837787883522,-3.477407263554681,4.254702489932319,-0.2757675575767156,2.12710377877355
-2.2552628013338643,1.6373668678585522,-3.47898838661181,4.2542075575471,-0.2747337357171154,2.1259810355957662
-2.241066233004559,1.636525242766148,-3.4810346964442065,4.2519620711915325,-0.27305048553230726,2.1255845475062847
-2.2278591350498393,1.6364733545533294,-3.4818011736338788,4.251169095012569,-0.27294670910667,2.1262446018657855
-2.22085886778291,1.6361790786797987,-3.4829802137447303,4.252489203731571,-0.2723581573596087,2.126347701969102
-2.2135198557728533,1.6366793195102618,-3.4829476376010655,4.252695403938204,-0.2733586390205351,2.125879366596334
-2.2105377669211403,1.6372768503360873,-3.4827533341339887,4.251758733192668,-0.27455370067218604,2.126809243472323
-2.2001868000793467,1.6371990611534972,-3.483584816798834,4.253618486944646,-0.2743981223070058,2.1270711282512997
-2.183226351223649,1.6370373786627046,-3.4845764113988866,4.2541422565025995,-0.27407475732542047,2.127662993219058
-2.1651874169943914,1.6374277473012229,-3.484700827300779,4.255325986438116,-0.27485549460245723,2.128034397176362
-2.1490356871580603,1.637142733435125,-3.4858508839333338,4.256068794352724,-0.2742854668702616,2.1292478966960835
-2.1241911103198925,1.6364270573444626,-3.487649264641217,4.258495793392167,-0.2728541146889368,2.131067241407021
-2.096297767662624,1.6367454853360104,-3.4878738195060093,4.262134482814042,-0.2734909706720325,2.133017025645047
-2.0777529904013785,1.6372734766006933,-3.487766365761137,4.266034051290094,-0.27454695320139827,2.1338677833632085
-2.0622733381984295,1.6371891685522681,-3.488638270184095,4.267735566726417,-0.27437833710454784,2.133916742000257
-2.0396521322905006,1.6366412943468138,-3.4902335433944027,4.267833484000514,-0.27328258869363914,2.1333401850194353
-2.0151481045255224,1.636173913796543,-3.4917049816249817,4.266680370038871,-0.2723478275930973,2.1330511565850556
-1.9978579525630706,1.6360768462631952,-3.4925747251905044,4.266102313170111,-0.27215369252640176,2.1330560588041814
-1.9829728631580585,1.6351096680685837,-3.4947959971985565,4.266112117608363,-0.27021933613717886,2.1316739101880082
-1.9654539863787883,1.635105023124364,-3.4955227685535744,4.2633478203760165,-0.2702100462487393,2.1312419414007504
-1.9550417742089308,1.6344197576316128,-3.49732421453297,4.262483882801501,-0.26883951526323696,2.13066967335363
-1.944304224610017,1.633462287460329,-3.4995379260232484,4.26133934670726,-0.26692457492066957,2.1301994732815634
-1.9356430294437779,1.6343520705656278,-3.498901468464166,4.260398946563127,-0.2687041411312671,2.130637633293677
-1.9344078879468363,1.6348850747281958,-3.498803781272147,4.261275266587354,-0.2697701494564028,2.130773225374838
-1.923621819196347,1.6354977564415374,-3.4985842472734423,4.261546450749676,-0.27099551288308615,2.130903579249579
-1.910497025135773,1.6353340477171026,-3.499552231385236,4.261807158499158,-0.27066809543421655,2.1309776461748466
-1.8911692514374923,1.6350167108543558,-3.500759169735461,4.261955292349693,-0.27003342170872296,2.131606496990114
-1.8758979925217043,1.6355000376198907,-3.500767185646014,4.263212993980228,-0.2710000752397925,2.1320716910043713
-1.868461354508272,1.6353678778390153,-3.501694312606183,4.264143382008743,-0.27073575567804165,2.1322931640348814
-1.8572082578831033,1.6354647506259965,-3.5022733784588427,4.264586328069763,-0.2709295012520041,2.1326044157527546
-1.8471846542832486,1.6354619670619333,-3.503019798861197,4.265208831505509,-0.2709239341238777,2.133263569669405
-1.8393228039122211,1.6353789042076436,-3.503862272128585,4.26652713933881,-0.27075780841529873,2.1354716426357
-1.8306432192788025,1.6354769431154939,-3.504446895105224,4.2709432852714,-0.270953886230999,2.135766628519556
-1.8201607419633565,1.635770628653712,-3.504704505449004,4.271533257039112,-0.2715412573074352,2.136203119726929
-1.8120929868945643,1.6354956948397696,-3.5058867431420846,4.272406239453858,-0.2709913896795508,2.1361635262017913
-1.8045727161755292,1.636404287907037,-3.5052022941209438,4.272327052403583,-0.27280857581408546,2.13643646163275
-1.8016681806107173,1.6368512912338526,-3.5052364316292888,4.2728729232655,-0.2737025824677167,2.136666608104698
-1.7900444768751629,1.6371755357154847,-3.5054639767302636,4.273333216209396,-0.2743510714309807,2.136556068492214
-1.7739313135268844,1.6373026781283742,-3.5060286219357066,4.273112136984428,-0.2746053562567598,2.1362833968224026
-1.7555903829128405,1.637687440893377,-3.5061736966337693,4.272566793644805,-0.2753748817867654,2.1362582915801482
-1.7334115071330904,1.6383915352847038,-3.5058254250664205,4.2725165831602965,-0.27678307056941887,2.1360564987362523
-1.7105085585301103,1.638606091948433,-3.5061806889535156,4.2721129974725045,-0.27721218389687746,2.1363235049193503
-1.6798036415117572,1.6385929961419652,-3.506949757783689,4.272647009838701,-0.2771859922839417,2.1366704271183523
-1.6437029008668362,1.6388730618566507,-3.5072625669060504,4.273340854236705,-0.2777461237133128,2.1360960886087597
-1.6143961271845466,1.6387203187639965,-3.508195240907326,4.272192177217519,-0.2774406375280045,2.1361385819781504
-1.5862631068239177,1.6381363829294915,-3.5098490837388687,4.272277163956301,-0.27627276585899446,2.135338204569725
-1.561913450708459,1.638475805222208,-3.5100474359790486,4.27067640913945,-0.2769516104444274,2.135723858085926
-1.5426678836657108,1.6380171603852385,-3.511509717596201,4.271447716171852,-0.27603432077048834,2.134904280137229
-1.5189057236783898,1.6379969478438583,-3.5122520708505784,4.269808560274458,-0.27599389568772786,2.135006637235884
-1.5018529503224975,1.6386198318549718,-3.511993986806904,4.270013274471768,-0.2772396637099548,2.135434380438764
-1.4867592093032354,1.6388382469288063,-3.5123572408250885,4.270868760877528,-0.27767649385762355,2.1354444882283152
-1.4685922250761634,1.6394921950147523,-3.5120916912599185,4.2708889764566305,-0.27898439002951547,2.135278193539142
-1.4512519721123673,1.6401146991311408,-3.5118565038964187,4.270556387078284,-0.28022939826229254,2.1355893669890254
-1.4307842866277671,1.6402208784932564,-3.512423655225129,4.271178733978051,-0.2804417569865236,2.135935668026163
-1.4070447681298084,1.6405391746883473,-3.5126888989647505,4.271871336052326,-0.2810783493767056,2.1352655911825953
-1.385743981599059,1.640729258570273,-3.5131445187990042,4.270531182365191,-0.28145851714055725,2.1346821813549424
-1.3622118703341792,1.641464670308378,-3.5127508198195483,4.269364362709885,-0.28292934061676683,2.134599797765958
-1.3453093928897746,1.6414669184944126,-3.5134745682759907,4.269199595531916,-0.2829338369888361,2.134574565976479
-1.3258816063391918,1.6412796545804194,-3.5145407158119237,4.269149131952958,-0.28255930916084965,2.1340006742936017
-1.3086018742442238,1.641533272295511,-3.5148702622113297,4.2680013485872035,-0.2830665445910327,2.134288385796281
-1.29505029239014,1.6420349058762624,-3.5148173984942517,4.268576771592562,-0.2840698117525357,2.1340755328627696
-1.2838617547561275,1.642903317754488,-3.514203889276223,4.268151065725539,-0.28580663550898694,2.1336896484855976
-1.2758045205953046,1.642928451093449,-3.51489606383816,4.267379296971195,-0.28585690218690857,2.1331035992220833
-1.2627877383113864,1.6429590468737458,-3.515557941265045,4.2662071984441665,-0.2859180937475021,2.1336479018413392
-1.2505616321275166,1.6421647733975957,-3.517499101954208,4.2672958036826785,-0.2843295467952019,2.132625340147158
-1.2383514850038992,1.6426610612911274,-3.517461134610444,4.265250680294316,-0.2853221225822653,2.132287567379761
-1.232964831922106,1.6421043977457508,-3.5190646555939002,4.264575134759522,-0.2842087954915119,2.1313551638509027
-1.2205585331788678,1.6425648913183875,-3.5190920963565344,4.2627103277018055,-0.28512978263678523,2.13075172445792
-1.2156481529978318,1.6426815757339257,-3.519652677669476,4.26150344891584,-0.28536315146786173,2.1300482821110784
-1.2062029503458749,1.642954243152237,-3.5199885317354607,4.260096564222157,-0.28590848630448445,2.1294163959673194
-1.1971693087190936,1.6429829111321097,-3.520674825828219,4.258832791934639,-0.2859658222642298,2.129426698577534
-1.1901172633968722,1.6431368424295327,-3.5211304012875027,4.258853397155068,-0.28627368485907595,2.1303790322779417
-1.1849952987225187,1.6433069078296154,-3.5216285387421995,4.260758064555883,-0.2866138156592413,2.1298479234790517
-1.1831589738689834,1.64309595120879,-3.522693721097214,4.259695846958103,-0.2861919024175902,2.129834781933502
-1.1833996703376848,1.6441369020783434,-3.521825379421357,4.259669563867004,-0.28827380415669723,2.1296127787632044
-1.1888583062552016,1.644422841330626,-3.5221428654895948,4.259225557526409,-0.2888456826612625,2.129346010896073
-1.1884382173209995,1.6444235676218422,-3.522883156523122,4.258692021792146,-0.2888471352436946,2.128742844029271
-1.1872502454144467,1.6448086399509247,-3.52301773501957,4.257485688058542,-0.2896172799018598,2.128433462767487
-1.1913649952618013,1.6444686386990972,-3.5242817736270022,4.256866925534974,-0.28893727739820474,2.1286172688593172
-1.1920445848602756,1.645084511766437,-3.524020806235504,4.2572345377186345,-0.29016902353288426,2.129063912350907
-1.1961646357818125,1.6441535133281908,-3.5262004449429383,4.258127824701814,-0.288307026656392,2.127683458109644
-1.1945526288896136,1.643658796201093,-3.527664249377946,4.255366916219288,-0.28731759240219623,2.128054340322841
-1.200808841209768,1.6436265236261973,-3.528421149215142,4.256108680645682,-0.2872530472524049,2.128759755087498
-1.215457056374691,1.643617133084639,-3.5291929185920785,4.257519510174996,-0.2872342661692883,2.1281719021402736
-1.2305889562072314,1.6442533406274116,-3.5289380308578155,4.256343804280547,-0.28850668125483353,2.127835339909235
-1.2477248955842648,1.6446135759075724,-3.5290933196020937,4.25567067981847,-0.2892271518151553,2.1280279520247993
-1.2574138498075569,1.6454608582488364,-3.5285024596124006,4.256055904049599,-0.2909217164976831,2.129035936775947
-1.2690453653930232,1.644763435485658,-3.5302377158159213,4.258071873551894,-0.2895268709713261,2.129975037205284
-1.2695145312973763,1.6449148518503796,-3.5307396666050206,4.259950074410568,-0.2898297037007693,2.1297607018890767
-1.27735354201165,1.6453298767917983,-3.5308150182485893,4.2595214037781535,-0.2906597535836067,2.130306567835376
-1.2855627017901254,1.6454921744677187,-3.5312683605856683,4.260613135670752,-0.2909843489354473,2.1300041191452097
-1.2921873471172483,1.645938908798572,-3.5313145937292068,4.260008238290419,-0.29187781759715403,2.1302978512950266
-1.2986078727718606,1.6461628146223288,-3.5316973463157098,4.260595702590053,-0.2923256292446673,2.129876104611758
-1.3026445083066427,1.646390418191129,-3.532055841984927,4.259752209223516,-0.2927808363822678,2.129827933102433
-1.3061256684272666,1.6472047066939801,-3.5315405466358545,4.259655866204866,-0.29440941338797,2.1297310619420013
-1.3086187952863595,1.647025016846624,-3.532537360604062,4.259462123884003,-0.294050033693258,2.1297317652312113
-1.3098652515310623,1.646763494670972,-3.533642947998688,4.259463530462423,-0.2935269893419536,2.1305653079985665
-1.3128846605301658,1.6469576249980789,-3.5340121115768195,4.261130615997133,-0.29391524999616747,2.1322972843444075
-1.317996181290751,1.6466668458560336,-3.5351648017250925,4.264594568688815,-0.29333369171207696,2.132821782961056
-1.3225246982050491,1.6467660258041352,-3.5357541908311916,4.265643565922112,-0.2935320516082802,2.132082021534
-1.3274631051685493,1.646226999514908,-3.537304120424463,4.264164043068,-0.2924539990298256,2.1320373346569714
-1.3332925719194753,1.6457763177446525,-3.5387200233716283,4.264074669313943,-0.291552635489315,2.1312689335763624
-1.3374161412878132,1.6456270359739793,-3.5396891969770037,4.262537867152725,-0.29125407194796865,2.130442599918077
-1.3417448143751558,1.645471405681265,-3.540639016303925,4.260885199836154,-0.29094281136253974,2.130534203355885
-1.34629023873327,1.6455416720298572,-3.541249126538903,4.26106840671177,-0.2910833440597242,2.1303543316436606
-1.3517696758233209,1.6453256975682307,-3.5423432024975225,4.260708663287321,-0.290651395136471,2.129318542916881
-1.3592827295186412,1.6454295025283172,-3.542906017605193,4.258637085833762,-0.290859005056644,2.1294134687695103
-1.3702717620487554,1.645357628911262,-3.5437094635506585,4.258826937539021,-0.29071525782253355,2.1293556665515228
-1.3849161326627426,1.6446321178001821,-3.5455892432974365,4.2587113331030455,-0.28926423560037406,2.1278627696705126
-1.3948304798034288,1.6456551557331869,-3.5447756321855,4.255725539341025,-0.2913103114663833,2.1273787206624446
-1.4129233711624734,1.645975689939151,-3.5450226420381323,4.254757441324889,-0.2919513798783118,2.1275055222857193
-1.4250748140809608,1.646108427913334,-3.5455115881484733,4.255011044571439,-0.2922168558266778,2.1289902680623687
-1.43565327046031,1.6450364232248205,-3.547904386360945,4.257980536124737,-0.29007284644965087,2.127101870443442
-1.4445001199134222,1.645333968993859,-3.5481671161757244,4.254203740886884,-0.290667937987728,2.126979260202634
-1.4623350246304925,1.6456409885520973,-3.5484250494251124,4.253958520405268,-0.2912819771042045,2.126608389940906
-1.4795093728206732,1.6452719006972503,-3.5496917542503406,4.253216779881812,-0.29054380139451047,2.1263418171105353
-1.4977452685144712,1.6455658002708127,-3.5499583252997375,4.2526836342210705,-0.29113160054163517,2.12622177188057
-1.5181564156082734,1.6452563076706355,-3.5511741508901946,4.25244354376114,-0.2905126153412807,2.1254458257836766
-1.5338142178212482,1.6454181786609892,-3.551628917775544,4.250891651567353,-0.2908363573219882,2.12555492846186
-1.552723408510815,1.6461298304201002,-3.5512680695478793,4.25110985692372,-0.2922596608402101,2.1255055847390576
-1.5702708645122703,1.6453533427780462,-3.5532019247016655,4.251011169478115,-0.29070668555610213,2.1249994201969065
-1.579959806651715,1.646229810178863,-3.5525522215623098,4.249998840393813,-0.2924596203577357,2.125208570687969
-1.5943030610598212,1.6451953561774892,-3.5548680711236105,4.250417141375938,-0.29039071235498826,2.124096731553934
-1.5958473768444692,1.6458721706596067,-3.554529749248749,4.248193463107868,-0.2917443413192232,2.125075315371746
-1.604974755522392,1.6459399557429715,-3.555185072292635,4.250150630743492,-0.2918799114859528,2.1242941304158625
-1.6072632296389326,1.6463161066883492,-3.5552985072198613,4.248588260831725,-0.2926322133767081,2.1249623220063
-1.6097512155430043,1.6458223006166233,-3.556761589565192,4.2499246440126,-0.29164460123325636,2.125233849325389
-1.606289477039488,1.645395964039225,-3.558111493711236,4.250467698650778,-0.29079192807845994,2.125515267569698
-1.605231841553068,1.6457163635791188,-3.5583519039995175,4.251030535139396,-0.29143272715824736,2.1254432996083725
-1.6071009846127093,1.6455647699630205,-3.5593260497821477,4.250886599216745,-0.291129539926051,2.126122055802149
-1.602159664563639,1.6450841905699807,-3.5607947657599675,4.252244111604298,-0.2901683811399716,2.1252569369502567
-1.6028739548576227,1.645025634217255,-3.5615977896376916,4.2505138739005135,-0.2900512684345202,2.1253751500591056
-1.6081835829380944,1.6454440712681766,-3.5616483556385026,4.250750300118211,-0.29088814253636375,2.126357126650609
-1.6152668751456876,1.6453685748727493,-3.5625017621773973,4.252714253301218,-0.2907371497455094,2.1264924485431496
-1.6135922447757278,1.6456617122214616,-3.562762271814702,4.252984897086299,-0.2913234244429339,2.1265182546918266
-1.6144003214151759,1.6443160059336313,-3.56556219919557,4.253036509383653,-0.2886320118672732,2.1253549644079075
-1.6107340322447898,1.6440500370047406,-3.56670628443815,4.250709928815815,-0.288100074009492,2.124814607263556
-1.6135270571797382,1.6448043858256391,-3.566262704744429,4.249629214527112,-0.28960877165128884,2.124652739543579
-1.6215103366398447,1.6447207604091407,-3.56710002658207,4.249305479087158,-0.2894415208182922,2.1256691155943903
-1.6213150718120277,1.6437554021589749,-3.5692733969185357,4.251338231188781,-0.2875108043179605,2.1247819047178016
-1.6199458630728973,1.6442472821867193,-3.569240355330972,4.249563809435603,-0.28849456437344956,2.124888421955786
-1.630504430112886,1.643984604229755,-3.5703875378690952,4.249776843911572,-0.28796920845952084,2.125693766517088
-1.6327669971110679,1.6439772363603575,-3.571095364993772,4.251387533034176,-0.28795447272072605,2.127335003553479
-1.6421104726467926,1.6431054035968302,-3.5731612784516087,4.254670007106958,-0.2862108071936713,2.125948543984009
-1.6445538446334875,1.643619961294827,-3.573073825369319,4.251897087968018,-0.28723992258966496,2.1267078377253488
-1.6582904298059722,1.6438023938717432,-3.5735674778182607,4.2534156754506975,-0.28760478774349735,2.126459679996116
-1.6685833356389779,1.6425176231631051,-3.5762463269782967,4.252919359992232,-0.28503524632622096,2.1260431786040397
-1.676228183184288,1.6426563613018872,-3.576754129038211,4.252086357208079,-0.2853127226037853,2.1257967032120253
-1.690660242397077,1.6426777960140855,-3.577449874913047,4.251593406424051,-0.28535559202818195,2.127014503615247
-1.7018901275237897,1.6432776499435588,-3.5772754869517662,4.254029007230494,-0.2865552998871285,2.1266534516570883
-1.7160236452632547,1.6433788700061882,-3.577847691976982,4.253306903314177,-0.28675774001238724,2.1263540652853474
-1.7245891370586897,1.643397877694174,-3.5785698904799688,4.252708130570695,-0.2867957553883587,2.1261232924426174
-1.729826384829324,1.643666199037855,-3.5788895791437914,4.252246584885235,-0.28733239807572036,2.126024746067117
-1.7350424683806003,1.6441410366418117,-3.578850044559021,4.252049492134234,-0.2882820732836338,2.127560489506011
-1.7414134453137171,1.643618880082029,-3.580377674806159,4.255120979012022,-0.28723776016406877,2.1271148340159973
-1.7419348449493905,1.6431124876455445,-3.5818963468801726,4.254229668031995,-0.2862249752910998,2.1271575375129146
-1.7462691787435454,1.6436183538979572,-3.581836997051086,4.254315075025829,-0.28723670779592503,2.128401245982898
-1.7493798814277768,1.644190736265418,-3.581684570079635,4.256802491965796,-0.2883814725308468,2.128738645635132
-1.7481965208066264,1.643957300676779,-3.5827810056466296,4.257477291270264,-0.2879146013535686,2.1288798622287612
-1.7458344590710118,1.643551166803154,-3.5841015489824093,4.2577597244575225,-0.2871023336063188,2.1323961222118295
-1.743513853358332,1.6441566496952602,-3.583900093178807,4.264792244423659,-0.28831329939053146,2.132982119235077
-1.7409808556635855,1.6429180813186715,-3.5865272869499596,4.265964238470154,-0.285836162637354,2.133401250670746
-1.7328022024734244,1.643507889676311,-3.5863875949452986,4.266802501341492,-0.28701577935263306,2.1340271411742706
-1.733176396149723,1.6433215871581441,-3.5873611892297332,4.268054282348541,-0.2866431743162995,2.134851286598883
-1.7280863092866552,1.6434781484863645,-3.5878299539998055,4.269702573197766,-0.2869562969727403,2.1349776098356106
-1.7205440843208928,1.643577894859956,-3.588434905861895,4.269955219671221,-0.2871557897199231,2.1369357775214572
-1.714671213067399,1.6440228329297624,-3.5884414599658525,4.2738715550429145,-0.2880456658595358,2.1372609025626375
-1.7100564743539513,1.644598962375459,-3.5882790101911577,4.274521805125275,-0.28919792475092904,2.1375021304961783
-1.697550196227577,1.6443712348025807,-3.589323016949302,4.275004260992357,-0.2887424696051722,2.1375022732382645
-1.6804930843618038,1.6445874849680577,-3.5897254762632813,4.275004546476529,-0.28917496993612635,2.1375271350900387
-1.6657761925759091,1.6441627103568603,-3.591149493334204,4.275054270180077,-0.28832542071373174,2.136682034788795
-1.6517093840024148,1.6432292378889344,-3.5933541427492375,4.27336406957759,-0.2864584757778796,2.13497895268243
-1.6390626307967489,1.6432770715143326,-3.5940195747657073,4.26995790536486,-0.286554143028676,2.1355125836754394
-1.6334606361256756,1.6422360666550833,-3.59633105564357,4.271025167350879,-0.28447213331017757,2.135714369788123
-1.6265418569657681,1.6426480428507872,-3.5964336828916856,4.271428739576246,-0.2852960857015857,2.136641065066838
-1.6308047538714439,1.6430631397167481,-3.5965164303371773,4.273282130133676,-0.2861262794335074,2.136657605412008
-1.630722312628469,1.6419213294023118,-3.598977776358192,4.273315210824016,-0.2838426588046348,2.1363168886136377
-1.622374114894957,1.6422009770158252,-3.5993035519219725,4.272633777227275,-0.2844019540316617,2.136643221215214
-1.6257119896653294,1.641918914635049,-3.6004919575434795,4.273286442430428,-0.28383782927010914,2.1363602031322597
-1.6296821966922561,1.6421713858815952,-3.6008410562178854,4.272720406264519,-0.28434277176320133,2.1372807901256015
-1.6355933123948792,1.6422828370583746,-3.601425804452188,4.274561580251203,-0.2845656741167603,2.136945660246196
-1.6381780645761579,1.642498990048545,-3.6018355818191927,4.273891320492392,-0.284997980097101,2.1370056686895516
-1.6441488937549822,1.642957927543343,-3.601874537212686,4.274011337379103,-0.2859158550866971,2.136619451719051
-1.6444308203648008,1.642861558013723,-3.6027247005741465,4.273238903438102,-0.28572311602745676,2.13851099549221
-1.6443732904599264,1.6432851375321993,-3.60277429901747,4.27702199098442,-0.2865702750644097,2.138700664699961
-1.6454256763517605,1.6427731791525553,-3.604306419119304,4.277401329399922,-0.2855463583051218,2.1382923521906325
-1.642805677099792,1.6427247568681413,-3.60512018863734,4.276584704381265,-0.2854495137362938,2.137801159791294
-1.6445013820205756,1.6422512284354955,-3.6065940845104008,4.275602319582588,-0.28450245687100223,2.1379887722501514
-1.6479618577452742,1.6419518490796643,-3.6077803467995704,4.275977544500303,-0.28390369815933963,2.139129995264333
-1.6575323277151106,1.6423532471894795,-3.6079159845551616,4.278259990528666,-0.28470649437896983,2.138982664118574
-1.669354074387368,1.6421460359710893,-3.6090047077790826,4.277965328237148,-0.2842920719421897,2.1383732077237565
-1.6786909766441445,1.6422295461323972,-3.6095999924065842,4.276746415447513,-0.2844590922648056,2.140038527482542
-1.6878176995798733,1.641384262530725,-3.611660826031701,4.280077054965084,-0.2827685250614607,2.139071051705911
-1.6898232918354317,1.6410025931722538,-3.6129943678140153,4.278142103411822,-0.2820051863445186,2.1383222351812976
-1.6970597457762056,1.6418391274171633,-3.6124465789631017,4.276644470362595,-0.28367825483433745,2.1380216168438126
-1.7044304204141605,1.641331668139286,-3.6139667143541585,4.276043233687625,-0.2826633362785827,2.137655005930672
-1.7055644571939783,1.6409334637598254,-3.6152845593341554,4.275310011861344,-0.28186692751966164,2.138597847812352
-1.7115304903172104,1.6402959208355377,-3.6170090835345863,4.277195695624704,-0.28059184167108603,2.1383544570479422
-1.713494578295597,1.641158396807674,-3.616410652700385,4.2767089140958845,-0.28231679361535844,2.138505465359858
-1.7235782028884168,1.6413059406251964,-3.6169081848897866,4.277010930719716,-0.2826118812504034,2.138980850249709
-1.7251672631396349,1.6410058149430924,-3.618093498415182,4.277961700499418,-0.28201162988619544,2.1392967743324873
-1.725975147427767,1.6401708134228392,-3.620136870625708,4.278593548664975,-0.280341626845689,2.138188206203147
-1.7272368622274081,1.6392413334047244,-3.6222884002557554,4.276376412406294,-0.2784826668094596,2.1397610345131155
-1.7331077813833557,1.6383649460931593,-3.6244275729658573,4.279522069026231,-0.27672989218632926,2.1390055151839023
-1.7456743748602042,1.6377611102290581,-3.6260585211044782,4.2780110303678045,-0.27552222045812674,2.140464822944702
-1.7624407240288837,1.6374981951547642,-3.6272308795685104,4.280929645889404,-0.2749963903095391,2.139812336643254
-1.7850680591163441,1.6373355804565946,-3.6282511491321845,4.279624673286508,-0.2746711609131997,2.139420735190624
-1.8066137734941536,1.6373018227133969,-3.629032277767518,4.278841470381248,-0.27460364542680443,2.1402830816718015
-1.8288714140165143,1.6373193553003293,-3.629784526652476,4.280566163343603,-0.2746387106006693,2.14023293838171
-1.8487833523397104,1.6375427030463228,-3.6301670686089778,4.28046587676342,-0.27508540609265625,2.1407378355790176
-1.8673367478253673,1.6372733723822348,-3.631343572553785,4.281475671158035,-0.27454674476448016,2.140555072828193
-1.8852572725876158,1.6370886015216295,-3.632370852308604,4.281110145656386,-0.27417720304326954,2.140603300948616
-1.9033178655168344,1.6367215693405455,-3.6336961031120896,4.281206601897232,-0.27344313868110154,2.1430954869541736
-1.9218729795074,1.6369662619521415,-3.6340939157223593,4.286190973908347,-0.27393252390429357,2.1433228780488074
-1.9393406389131145,1.6361182426403227,-3.6361354386582283,4.286645756097615,-0.2722364852806559,2.144368881565134
-1.9503434518065048,1.6359568124195163,-3.6371440709576297,4.288737763130268,-0.27191362483904324,2.14412708494468
-1.9716757722447031,1.6363181337145978,-3.637317970304137,4.28825416988936,-0.27263626742920616,2.146557453344437
-1.9921939921011775,1.6365176886113189,-3.6377766583652376,4.293114906688874,-0.2730353772226485,2.1477770658193145
-2.007701495412923,1.6363635769932605,-3.6387741765312938,4.295554131638629,-0.27272715398653186,2.1482884441604204
-2.0174915316002173,1.6361917900029002,-3.6397730593045656,4.296576888320841,-0.2723835800058112,2.14864901334632
-2.032730566921035,1.6362029421149906,-3.6405325441635075,4.29729802669264,-0.2724058842299921,2.1485878626970143
-2.0494567572868583,1.6358789823454472,-3.6417281420777154,4.297175725394029,-0.27175796469090513,2.1513348199330737
-2.0631506333686445,1.6358221089971534,-3.6425888777535453,4.3026696398661475,-0.27164421799431765,2.151288611784588
-2.074336743427903,1.6347012737682949,-3.6451172810187646,4.302577223569176,-0.26940254753660065,2.1494731230530824
-2.0778746866832547,1.6345760751495226,-3.6460787755601856,4.298946246106165,-0.269152150299056,2.149331516178785
-2.084210464329523,1.634937424681228,-3.6462791291242826,4.29866303235757,-0.26987484936246686,2.1494672058871624
-2.0886832183590176,1.6344693098497234,-3.6477617512964486,4.298934411774325,-0.26893861969945737,2.1492823919467474
-2.086910126920227,1.6344830792260003,-3.6485009363185648,4.298564783893495,-0.2689661584520112,2.149377948762429
-2.087150666211237,1.632977085317981,-3.6515679872299316,4.298755897524858,-0.26595417063597243,2.1493100798622478
-2.0826453180924784,1.6325516448876503,-3.652973691023848,4.2986201597244955,-0.2651032897753107,2.149436314093069
-2.087205238349487,1.6330111040492692,-3.6530278228871604,4.298872628186138,-0.26602220809854865,2.149701012906332
-2.0968726085709344,1.6330529108750582,-3.6536999613535985,4.299402025812664,-0.26610582175012654,2.1505840995120886
-2.1010312899812447,1.6330011340520545,-3.654574741340733,4.301168199024177,-0.2660022681041189,2.1499565133115506
-2.103248859492368,1.6330135574035805,-3.655324838176079,4.299913026623101,-0.2660271148071706,2.150714251539281
-2.1036305103362887,1.6333241047235496,-3.655622911789179,4.301428503078562,-0.26664820944710915,2.1511491674802374
-2.1056617891418883,1.632998272658497,-3.656853146288551,4.302298334960475,-0.2659965453170042,2.1515729110464403
-2.099942117160623,1.6331098710011065,-3.6574425020778483,4.303145822092881,-0.26621974200222315,2.1511595842911633
-2.0957837079471413,1.6320879112923696,-3.6597839725375776,4.3023191685823265,-0.26417582258474936,2.1505892746499873
-2.0899100477341683,1.6322492109424174,-3.660295404401636,4.301178549299975,-0.26449842188484485,2.150888530651487
-2.092775172103255,1.6329087663117632,-3.6600417686032314,4.301777061302974,-0.26581753262353647,2.1509468322833207
-2.095076299368217,1.6327715169105492,-3.6610265545004648,4.3018936645666415,-0.26554303382110866,2.151833652165384
-2.090429398645007,1.6314283813920643,-3.663868051831896,4.303667304330768,-0.2628567627841386,2.152118248508692
-2.0833869481005802,1.6322926324494416,-3.6633140478698527,4.304236497017384,-0.2645852648988934,2.1523276070040405
-2.086400802867052,1.6315454548277235,-3.665265972083132,4.304655214008081,-0.2630909096554574,2.1505820517584793
-2.0797117950561144,1.6306304139883374,-3.667500077961542,4.3011641035169585,-0.2612608279766851,2.14936199489449
-2.0709505289402257,1.6307352756281797,-3.6681199510232805,4.29872398978898,-0.26147055125636953,2.149243971660041
-2.0685684428151188,1.6301360637266007,-3.669860851323679,4.298487943320082,-0.2602721274532114,2.148555878454966
-2.0659042177114757,1.6304065497346463,-3.6702134804000712,4.297111756909932,-0.2608130994693025,2.1491820321549207
-2.0661954068018975,1.6307120339039978,-3.670518229685798,4.298364064309841,-0.26142406780800553,2.150533438648286
-2.0652573043370914,1.6300993890704754,-3.6722599392669215,4.301066877296572,-0.2601987781409608,2.1496714711638254
-2.053559560635549,1.6305809354088467,-3.672327667436889,4.299342942327651,-0.2611618708177035,2.1499362792479833
-2.045579220781705,1.6313262002566815,-3.6719481318437013,4.2998725584959665,-0.2626524005133732,2.1502241682362153
-2.038309027168741,1.6312452683685632,-3.6728302589992134,4.300448336472431,-0.2624905367371365,2.151044158353843
-2.0249192633504163,1.631158280922402,-3.673755725195577,4.302088316707686,-0.26231656184481383,2.151294409605656
-2.0118226121418776,1.6317069345590722,-3.6736823796009697,4.302588819211312,-0.26341386911815434,2.152418349921769
-2.001110567524976,1.6308170052558062,-3.675841591947138,4.304836699843538,-0.26163401051162205,2.151292222601462
-1.9855754005213146,1.6302979650866352,-3.6774328257826787,4.302584445202924,-0.2605959301732799,2.1513690055447077
-1.9738387107801958,1.6308277297448257,-3.677374237272336,4.302738011089415,-0.26165545948966085,2.1518270125917334
-1.968256392615575,1.6309523411543625,-3.6779577883170282,4.303654025183467,-0.26190468230873465,2.151353983610141
-1.9542006503487874,1.6316375567738286,-3.6776846827478518,4.302707967220282,-0.26327511354766703,2.151217224170406
-1.942101651696468,1.631496850604831,-3.6786645930281914,4.302434448340812,-0.2629937012096719,2.1513248995576255
-1.9281469101664221,1.6311334337582453,-3.6799600018321597,4.302649799115251,-0.26226686751650014,2.153540993335358
-1.9140782329824595,1.6307438759752482,-3.6813581556548467,4.307081986670716,-0.261487751950506,2.1534325399967735
-1.8960710477905591,1.6312668607096352,-3.681353575594369,4.306865079993547,-0.26253372141928,2.1533255230321577
-1.8879209966423751,1.6318580805560996,-3.681205562056828,4.3066510460643155,-0.26371616111220886,2.1534828640705137
-1.8740099863304067,1.6323768528533145,-3.6811896763117757,4.306965728141027,-0.26475370570663853,2.1535556886371903
-1.852809903970209,1.6325095345097524,-3.681738830546682,4.3071113772743805,-0.26501906901951444,2.1552143761729403
-1.8288596888873476,1.6322526769513797,-3.682904315573011,4.310428752345881,-0.2645053539027689,2.1559615004913577
-1.800940407404187,1.6322428989386397,-3.6836942379054736,4.311923000982715,-0.26448579787728893,2.1563973466611337
-1.7770000125673868,1.632730815398938,-3.6837398852917382,4.312794693322267,-0.26546163079788554,2.156278441700719
-1.7566810024448043,1.6323798285067717,-3.6850435856015897,4.312556883401438,-0.2647596570135531,2.1567431009164517
-1.7294615618178715,1.6331340693569982,-3.6846538467155545,4.313486201832903,-0.26626813871400606,2.158345708925671
-1.7101423283558477,1.6334137020784039,-3.6849646025305334,4.316691417851342,-0.2668274041568171,2.158463203739988
-1.6904042490452502,1.6333943325710027,-3.685780033264132,4.316926407479976,-0.2667886651420147,2.1580409518211745
-1.6688341565528395,1.6338339571319564,-3.6858905812879392,4.316081903642349,-0.2676679142639219,2.1577002397434377
-1.6489472900749167,1.6343909456564396,-3.685782726417745,4.315400479486875,-0.2687818913128883,2.1592328036056276
-1.6309023470894903,1.6345113250117123,-3.6863638622058525,4.318465607211255,-0.2690226500234334,2.159437551676656
-1.6055741677915893,1.634171647100377,-3.687680352212933,4.318875103353312,-0.26834329420076325,2.158198769641715
-1.5769333322326329,1.6336327951525318,-3.689251176802897,4.31639753928343,-0.2672655903050725,2.157955254442242
-1.5532462597561638,1.63407321309668,-3.68935013476665,4.315910508884484,-0.26814642619336865,2.157946267385494
-1.5361105191840463,1.6340028096027968,-3.690251545966238,4.315892534770988,-0.2680056192056024,2.1581218434995155
-1.5200924593569725,1.6347119954433278,-3.6899322219061914,4.316243686999031,-0.26942399088666436,2.1580003683855518
-1.506728987094323,1.6349856138084755,-3.690273991027767,4.3160007367711035,-0.2699712276169598,2.1588076759184562
-1.4876579894380217,1.635812470297999,-3.689756305512069,4.3176153518369125,-0.27162494059600695,2.1596635661611847
-1.467785573699083,1.63562003190564,-3.690831678071215,4.319327132322369,-0.271240063811289,2.159639532834155
-1.4444386652617172,1.6357278268111357,-3.6913921702193764,4.31927906566831,-0.27145565362228047,2.1599460915490933
-1.4270061788075576,1.6352944581025692,-3.692846677492658,4.319892183098187,-0.27058891620514747,2.1597315601590528
-1.411369640940379,1.6356489509580776,-3.6930913204544407,4.3194631203181055,-0.2712979019161644,2.158871159053369
-1.401403205645638,1.6351355401559702,-3.6946765268657766,4.317742318106738,-0.27027108031194946,2.157140661364268
-1.3872084383255587,1.6361176656906462,-3.693927643419,4.314281322728536,-0.2722353313813017,2.158116798214713
-1.380078387576261,1.6360879522395477,-3.694727691690695,4.316233596429426,-0.2721759044791049,2.1584969956043403
-1.3682135030469795,1.6362279254246166,-3.695301808215412,4.3169939912086805,-0.27245585084924273,2.15809968890054
-1.3561568978746306,1.6345764570350745,-3.6986530209358137,4.31619937780108,-0.26915291407015834,2.155432951651084
-1.3437905850592204,1.6344245948976621,-3.6996487167121526,4.310865903302168,-0.2688491897953338,2.1560411957204484
-1.3442135560026984,1.6344506383279782,-3.700351849619025,4.312082391440897,-0.26890127665596586,2.157886180483009
-1.3465470956890453,1.6341622351009832,-3.701558063586254,4.315772360966018,-0.26832447020197614,2.1575117019128864
-1.3509678403077023,1.6343579019461603,-3.702017920906494,4.315023403825773,-0.2687158038923302,2.1584995440622596
-1.3616191417366932,1.6344066107081,-3.7027027894849898,4.316999088124519,-0.26881322141620956,2.1582759104691767
-1.3722125791586697,1.6344935674747783,-3.7033343136020322,4.316551820938353,-0.26898713494956633,2.158240857155029
-1.381691677781975,1.6348914977696107,-3.7035035823645917,4.316481714310058,-0.2697829955392312,2.158440706269367
-1.3895777899273671,1.6355096558349285,-3.7033465823624865,4.316881412538734,-0.2710193116698666,2.15818654209164
-1.3986656237906039,1.6357440151279905,-3.703717629692262,4.31637308418328,-0.27148803025599044,2.1597746171289733
-1.4035603217573902,1.635487870647845,-3.7048929353667157,4.319549234257947,-0.27097574129569946,2.160947861382257
-1.4101286245775229,1.6346180870739964,-3.7070174147362986,4.321895722764514,-0.269236174148002,2.15937078535832
-1.4179840875108707,1.6350550280213063,-3.7071086016802988,4.31874157071664,-0.27011005604262206,2.160942028165157
-1.4378559985183808,1.6342999578928619,-3.7090299553565003,4.321884056330314,-0.2685999157857331,2.1610939819099158
-1.4516934838471873,1.6350430081586933,-3.7086390108559746,4.3221879638198315,-0.2700860163173961,2.161322829940756
-1.4733322468106178,1.635829489920207,-3.7082150802235905,4.322645659881512,-0.2716589798404234,2.1611404850650713
-1.488928026737025,1.6359438013325485,-3.7088330139364762,4.322280970130143,-0.2718876026651063,2.160685233483526
-1.5001377183892317,1.6359913113933675,-3.709539024270008,4.321370466967052,-0.2719826227867445,2.1614759845390528
-1.5080405998637931,1.6358223631979192,-3.710574844353338,4.3229519690781055,-0.2716447263958477,2.161376510380033
-1.5206464499722623,1.6359515517682528,-3.7111259563719243,4.322753020760066,-0.2719031035365151,2.1619881535868437
-1.5344216747250123,1.6355430193087506,-3.712545294002341,4.323976307173687,-0.2710860386175105,2.1624111763132414
-1.54650397013376,1.6354973942513036,-3.713390920564611,4.324822352626483,-0.2709947885026166,2.163022454751617
-1.554112136716621,1.6356507582354585,-3.713886293165021,4.326044909503234,-0.2713015164709262,2.1638434360246843
-1.5612614706745296,1.6358847657261493,-3.7143124533362624,4.327686872049369,-0.27176953145230787,2.1634077047909437
-1.5673991214382323,1.6346398685587245,-3.7170236443853195,4.326815409581887,-0.26927973711745845,2.162022615685592
-1.566654511988053,1.6350772572720385,-3.7171241444017866,4.324045231371184,-0.27015451454408634,2.161784307059939
-1.5760699297462235,1.635814854872021,-3.716754645637501,4.323568614119878,-0.27162970974405154,2.162041119600747
-1.5836820536643068,1.6359189045699976,-3.7173817718854925,4.324082239201494,-0.27183780914000444,2.1616934040900007
-1.5854714924694386,1.636431948416539,-3.71732900521972,4.323386808180001,-0.2728638968330873,2.162440109699616
-1.5894199174903005,1.6360063890799479,-3.7188026434243726,4.324880219399232,-0.27201277815990493,2.1613490815240053
-1.5910472872370005,1.6365899047855204,-3.7187035084873283,4.322698163048011,-0.2731798095710498,2.16110021592151
-1.598008555069745,1.6373086216931187,-3.718360343228694,4.32220043184302,-0.27461724338624655,2.1607441719705247
-1.6004626434338967,1.6370274393190862,-3.7195606636761034,4.321488343941049,-0.2740548786381813,2.1611608910776314
-1.59194223028251,1.637317712609085,-3.719854705479075,4.322321782155263,-0.2746354252181787,2.1615886562570483
-1.5881057643072625,1.636625976745193,-3.721742240325537,4.323177312514097,-0.2732519534903946,2.161010977708157
-1.5763401487377822,1.637410201072696,-3.7212870330928762,4.322021955416314,-0.27482040214540077,2.161432381307451
-1.5753711672528157,1.6373503743278535,-3.722151715558746,4.322864762614902,-0.2747007486557153,2.1617564760427763
-1.5719870232591098,1.636752168427301,-3.7238822727474807,4.323512952085553,-0.27350433685461045,2.1613005870316853
-1.5678439614379838,1.6369106977318262,-3.724419121306987,4.3226011740633705,-0.273821395463661,2.160664891706719
-1.5684710399504103,1.6363907801319741,-3.7259625546297546,4.321329783413438,-0.2727815602639568,2.159764609302667
-1.5656283194454006,1.636810879417865,-3.726063849618607,4.319529218605334,-0.27362175883573847,2.1613790228468734
-1.5681200213640256,1.6370660148204983,-3.726423823646338,4.322758045693747,-0.27413202964100486,2.1626827088452076
-1.5659476157072612,1.6362633826612512,-3.7284785000620784,4.325365417690415,-0.2725267653225104,2.1613727215333247
-1.559415686289125,1.6358612675359607,-3.7298755815334435,4.322745443066649,-0.2717225350719296,2.161482375633253
-1.55831065247778,1.6357412633828379,-3.7308258355127184,4.322964751266506,-0.27148252676568374,2.161899894013784
-1.5610310388302575,1.6363080687142388,-3.730737772125639,4.323799788027568,-0.27261613742848567,2.1621287330041286
-1.560672199251664,1.6368834712337585,-3.730627459137325,4.324257466008257,-0.2737669424675251,2.162067223558596
-1.5595999079989955,1.636312347608208,-3.7322802418605883,4.324134447117192,-0.2726246952164238,2.161795707652476
-1.5566480939006015,1.636730940322835,-3.732396541018808,4.323591415304952,-0.2734618806456777,2.1617352852032754
-1.5594451041618473,1.6364269763387673,-3.7336484861495296,4.323470570406551,-0.27285395267754226,2.161948362356786
-1.560998233639618,1.6365507289028245,-3.7342168209110533,4.323896724713572,-0.27310145780565653,2.161862367358414
-1.5631770253609774,1.6362971024299882,-3.7353730524023545,4.323724734716828,-0.27259420485998365,2.1619414546087694
-1.5670119053597378,1.6363552002634187,-3.7360531405179898,4.323882909217539,-0.2727104005268448,2.16231813368061
-1.5769639958971173,1.6371953578604526,-3.7355357016638475,4.32463626736122,-0.2743907157209122,2.1633658219889154
-1.5873578750339576,1.6374333431763812,-3.735915899755248,4.326731643977831,-0.2748666863527695,2.1639265238735503
-1.5930189974722198,1.6374646574679694,-3.736645921868883,4.327853047747101,-0.2749293149359459,2.1648535793846544
-1.5937172158088297,1.637124371570379,-3.7379823814437603,4.329707158769309,-0.27424874314076486,2.1633714577114445
-1.5976867146914557,1.6382496337317811,-3.737004719011528,4.326742915422889,-0.2764992674635693,2.1636084827412705
-1.60673491725167,1.6377356925743938,-3.73860917878269,4.327216965482541,-0.27547138514879455,2.1625424526826507
-1.6018424334655519,1.6380115328758693,-3.73895932506703,4.325084905365301,-0.27602306575174573,2.1635901384662213
-1.6021142617893243,1.637543892012422,-3.74049043369889,4.327180276932443,-0.2750877840248509,2.1623098690219056
-1.5964997966686036,1.6379557138108007,-3.7406316270880278,4.324619738043811,-0.2759114276216085,2.1634212863974307
-1.5974979322967404,1.6378618270183043,-3.741538284068014,4.326842572794861,-0.2757236540366155,2.163764245624673
-1.5962895492800366,1.637516609839363,-3.7428544439098728,4.327528491249346,-0.2750332196787327,2.163111974898436
-1.5911409281456939,1.636774709315883,-3.7447856091577187,4.326223949796872,-0.27354941863177284,2.1620297794140715
-1.5846197746641266,1.636549136655835,-3.745912873884742,4.324059558828143,-0.27309827331167663,2.1622478240111525
-1.5821301620257158,1.6365907700849627,-3.746643381595,4.324495648022305,-0.27318154016993224,2.162061349519725
-1.5844089594970079,1.636156064254849,-3.748069351432322,4.32412269903945,-0.27231212850970465,2.1620240843812155
-1.5883888318423498,1.6365463166202352,-3.748236402122101,4.324048168762431,-0.27309263324047706,2.1619909536608444
-1.5937882040027174,1.6372751489470851,-3.747869599383708,4.323981907321689,-0.2745502978941771,2.1634029270434527
-1.6001526529651833,1.6376811672900171,-3.7480060681300293,4.326805854086905,-0.27536233458004084,2.1637167099159393
-1.600067869164982,1.6380197916698964,-3.748273252958938,4.327433419831879,-0.2760395833397995,2.1634006422466654
-1.5981630782897835,1.6378228587711041,-3.7493492899880545,4.326801284493331,-0.27564571754221495,2.1630616969320724
-1.5918152690835052,1.6377347014044672,-3.750271927476406,4.326123393864145,-0.27546940280894094,2.162679683573631
-1.5868929249064854,1.638092824134056,-3.7504799413970917,4.325359367147262,-0.27618564826811837,2.1630224598715104
-1.5883252466999211,1.6378389827176367,-3.7516336567746587,4.326044919743021,-0.2756779654352796,2.163178935666056
-1.5875435120536139,1.6379956312263053,-3.752163522473798,4.326357871332112,-0.2759912624526168,2.163006944390831
-1.5891832701157287,1.6362776852850534,-3.7556108001288813,4.326013888781662,-0.27255537057011286,2.161781689292469
-1.5836111090305032,1.6349416047401257,-3.7584869671477965,4.323563378584938,-0.2698832094802575,2.1598762936916946
-1.593087918590844,1.6353658556298616,-3.7585612845128993,4.319752587383389,-0.27073171125972934,2.164011987597582
-1.6105978351793993,1.6339911497341137,-3.761474487621437,4.328023975195164,-0.26798229946823354,2.1632321735439497
-1.6227368761199759,1.6336926382410066,-3.762697103474061,4.326464347087899,-0.2673852764820195,2.164576130292386
-1.6414258942409279,1.6343809363633885,-3.762403434472057,4.329152260584772,-0.26876187272678315,2.164537801730424
-1.6663019084410533,1.6345078086744937,-3.762975662274009,4.329075603460848,-0.26901561734899343,2.1655124979868408
-1.685436213460044,1.6332177785775952,-3.765809477126167,4.3310249959736815,-0.2664355571551965,2.164095749823327
-1.698472914190214,1.6337515648786185,-3.7657616251506134,4.328191499646654,-0.2675031297572432,2.1649239742042226
-1.7182854725614312,1.6327581616690694,-3.768105790720237,4.329847948408445,-0.2655163233381451,2.1646397653586433
-1.7299383590541009,1.633435530663686,-3.7678393633820626,4.329279530717287,-0.2668710613273784,2.164939755247077
-1.750333433486564,1.6326403263271059,-3.7698360476476687,4.329879510494154,-0.2652806526542178,2.1648624710903053
-1.7607904618450232,1.6332818451122213,-3.769644351049651,4.3297249421806105,-0.26656369022444887,2.1651806999697647
-1.7803455118403355,1.6339199040857904,-3.7694712565738917,4.330361399939529,-0.2678398081715869,2.164668626944563
-1.8001419372197875,1.634502023682938,-3.769366632983034,4.329337253889126,-0.26900404736588235,2.1643717654189953
-1.8180745031633698,1.6351917061119066,-3.769079383924981,4.328743530837991,-0.27038341222381945,2.164367106083466
-1.8344508075091817,1.635237419809706,-3.769818823310529,4.328734212166932,-0.27047483961941815,2.164045956476281
-1.8437363292953872,1.6350384312200201,-3.7709241265283886,4.328091912952562,-0.27007686244004636,2.163814152658271
-1.851158238546498,1.6352192389062281,-3.7714346567722203,4.327628305316542,-0.2704384778124624,2.1648250219804774
-1.8619043121008536,1.6357624033126075,-3.771401038830308,4.329650043960955,-0.27152480662522105,2.1671449691727243
-1.8707135093802267,1.6356564304298036,-3.7723166362236427,4.3342899383454485,-0.2713128608596134,2.1679173505727616
-1.8750664619371262,1.6357938521722037,-3.772922070190678,4.335834701145523,-0.2715877043444137,2.167617578073655
-1.872350286160903,1.6358515371778504,-3.7736320696432277,4.33523515614731,-0.27170307435570684,2.1673438574117774
-1.8620153904886112,1.6361778024016573,-3.7738792911513914,4.334687714823555,-0.2723556048033206,2.1680652469230046
-1.853765360981416,1.6371731442204762,-3.7731636211139086,4.336130493846009,-0.27434628844095854,2.1675665343496378
-1.838643733849516,1.6369576998730664,-3.774285464689988,4.3351330686992755,-0.27391539974613865,2.1675876000854757
-1.8124148313917168,1.6366968250408076,-3.7754737523435122,4.335175200170951,-0.2733936500816212,2.167295411697083
-1.7906200751218928,1.6365829973826842,-3.7764108774557426,4.334590823394166,-0.27316599476537423,2.1682041181044984
-1.770843590341586,1.6370335660733848,-3.776484351948667,4.336408236208997,-0.2740671321467754,2.168816891885907
-1.7471092023000758,1.6374362055737421,-3.776620624255413,4.337633783771814,-0.2748724111474903,2.168466089505538
-1.7236253592049455,1.6373629371865384,-3.7775106382782506,4.336932179011076,-0.27472587437308277,2.1693579168536066
-1.6922401306718835,1.638182745273698,-3.7770557102426965,4.338715833707213,-0.276365490547402,2.1691305086337875
-1.6673303608920245,1.638797857869784,-3.77688030619575,4.338261017267575,-0.2775957157395741,2.168970249427342
-1.6338168833931648,1.638354076797468,-3.7783707389900583,4.337940498854684,-0.27670815359494244,2.1690141081599013
-1.598065487546664,1.637891360017713,-3.7799011695113567,4.3380282163198025,-0.2757827200354324,2.1679056360615743
-1.5682927261845374,1.6383218574322471,-3.7800072784053196,4.3358112721231485,-0.2766437148645006,2.16864539977917
-1.5467054056586225,1.6385037196391983,-3.7805402967393227,4.33729079955834,-0.27700743927840277,2.1689049931403748
-1.5266050717162507,1.638745014228193,-3.7809477462946703,4.3378099862807495,-0.2774900284563921,2.1687571974448066
-1.5067200852201807,1.6387958246613163,-3.7816458022273802,4.337514394889613,-0.277591649322639,2.169176652647641
-1.4849654495803217,1.639522818578003,-3.78131069542269,4.338353305295282,-0.2790456371560123,2.1688458536590853
-1.4664369160403639,1.639753980308198,-3.7817316969927677,4.337691707318171,-0.27950796061640193,2.1697358806228326
-1.4464778523684148,1.6402143079443332,-3.781801820246605,4.339471761245665,-0.28042861588867224,2.1697814798563844
-1.426409468128318,1.6402670087810869,-3.782504517873538,4.339562959712769,-0.2805340175621795,2.1698669083307562
-1.4046276341152093,1.638980829740866,-3.785323318556961,4.3397338166615125,-0.2779616594817373,2.169071755874484
-1.3804984863929697,1.6387923615605844,-3.786397561263636,4.338143511748968,-0.2775847231211742,2.1688029497537666
-1.3673975611076146,1.6398610936199294,-3.785518336954847,4.337605899507533,-0.27972218723986414,2.168709479600437
-1.365199037395616,1.640037685874421,-3.786039530059788,4.337418959200874,-0.28007537174884745,2.1682942341780707
-1.3545964934366537,1.640598040257325,-3.785950227649434,4.336588468356141,-0.28119608051465556,2.1685133597648103
-1.3439521203701292,1.6408492486958517,-3.78629615762648,4.337026719529621,-0.2816984973917087,2.1686819232372314
-1.3301158442989083,1.6413001066391628,-3.7863895885199312,4.337363846474463,-0.2826002132783311,2.168784615525522
-1.3187942961768218,1.6413132047373995,-3.787166507874463,4.337569231051044,-0.28262640947480433,2.1688686291710964
-1.307060717848167,1.6414657676189826,-3.7876977673296066,4.337737258342193,-0.28293153523797043,2.169489327338862
-1.2962489593847848,1.6420060980657643,-3.787657480772187,4.338978654677724,-0.2840121961315339,2.16971360501429
-1.2910141107114796,1.642589797765893,-3.7875287465250302,4.33942721002858,-0.28517959553179145,2.1695973413323886
-1.2871977838800919,1.6430558732216247,-3.7875704957700793,4.339194682664777,-0.28611174644325504,2.170305044831494
-1.278828717042487,1.6433375005405524,-3.7879379958422974,4.340610089662988,-0.2866750010811104,2.1698229415470904
-1.266195726640699,1.6439053547256897,-3.7878294381681044,4.339645883094181,-0.2878107094513847,2.170492076570693
-1.2557813940921694,1.644507638460529,-3.7876561046980357,4.340984153141386,-0.28901527692106355,2.170584577168672
-1.2440536304116994,1.6446257923514607,-3.788222489285121,4.341169154337344,-0.2892515847029269,2.1703576197227465
-1.229773597144952,1.6453493900674205,-3.787856935774523,4.340715239445493,-0.2906987801348464,2.1702536016650185
-1.2173125466598798,1.6446491398019751,-3.7897058098852034,4.340507203330037,-0.28929827960395554,2.1694269086402898
-1.2018062949864432,1.6453247308097618,-3.7894568758933613,4.3388538172805795,-0.29064946161952887,2.168943127110366
-1.1945289630977545,1.645854212450587,-3.7894012365728433,4.337886254220732,-0.2917084249011793,2.16905873764394
-1.1862409640942677,1.6461599381239211,-3.7896987414499814,4.33811747528788,-0.29231987624784733,2.1693433320330766
-1.175441544801624,1.6461949838172314,-3.7904343501267412,4.338686664066153,-0.29238996763446784,2.168434367789861
-1.1576503831994898,1.6467660443665386,-3.7903369938456803,4.336868735579722,-0.29353208873308245,2.1686050864031303
-1.1406738436459745,1.6474581854697368,-3.790039313389518,4.337210172806261,-0.29491637093947864,2.1686459636128825
-1.1275818076121142,1.6476032490062962,-3.7905909537679294,4.337291927225765,-0.29520649801259763,2.1682298984359614
-1.1108346730404333,1.6468973192556842,-3.792495965822793,4.336459796871923,-0.29379463851137366,2.1666238341811446
-1.0945439369648224,1.6477365566961315,-3.7919418536430483,4.333247668362289,-0.29547311339226856,2.1675814569219725
-1.0870235578047027,1.6483408220800917,-3.7917748875881077,4.335162913843945,-0.29668164416018916,2.167291919146187
-1.0771543684753948,1.6489136110535685,-3.7916532837997647,4.334583838292374,-0.29782722210714296,2.1671487614285163
-1.0647019509896931,1.6486088041065174,-3.792927684457774,4.334297522857033,-0.29721760821304094,2.165549223290992
-1.0483088031224335,1.6487514389527804,-3.7934473933102586,4.331098446581984,-0.2975028779055669,2.1658157183511686
-1.0376958748331688,1.6493131112469415,-3.793359534179007,4.331631436702337,-0.2986262224938889,2.1651021412531626
-1.0309040296025014,1.6494142695591658,-3.7939319899801864,4.330204282506325,-0.2988285391183374,2.1654622721344254
-1.0230069572139007,1.6495907687303348,-3.794402956813793,4.330924544268851,-0.29918153746067555,2.165478212468934
-1.0166986994043357,1.6496262622011917,-3.795135200159915,4.330956424937868,-0.2992525244023893,2.1646652662808497
-1.0125241222967385,1.6500999273670929,-3.7951562328761814,4.329330532561699,-0.30019985473419153,2.164450048627723
-1.0128861139026717,1.650535827446657,-3.795231332810571,4.328900097255446,-0.3010716548933199,2.1641320132231567
-1.0118623803388798,1.6495971230868263,-3.7974702495652517,4.3282640264463135,-0.29919424617365853,2.162973188181894
-1.00934573881832,1.6495840192578275,-3.7981966788927104,4.325946376363788,-0.29916803851566104,2.164803827717482
-1.0106339888454965,1.649749582132712,-3.7987024899120856,4.329607655434964,-0.2994991642654297,2.1661964263931344
-1.0162461492788704,1.6501665886427566,-3.798817481119105,4.332392852786269,-0.3003331772855187,2.1659149234860124
-1.0247662373778086,1.6506395984034894,-3.7988442948446446,4.331829846972025,-0.30127919680698445,2.165631602580007
-1.03323562240395,1.6507981442263187,-3.7993716678468497,4.331263205160014,-0.30159628845264297,2.1654067954497562
-1.0390317605767518,1.6508468661880629,-3.800087967774409,4.3308135908995125,-0.3016937323761316,2.1650925306837165
-1.046923991798772,1.6515142285373938,-3.799828568201415,4.330185061367433,-0.3030284570747936,2.165065567989582
-1.0599799665684633,1.6527049565973044,-3.798751853844707,4.330131135979164,-0.30540991319461486,2.1653134055409047
-1.0717937322884117,1.651504153112397,-3.801399790167798,4.330626811081809,-0.30300830622480035,2.163688713528644
-1.0676286473725551,1.6526173943457403,-3.8004335886307152,4.327377427057288,-0.30523478869148696,2.164310772080168
-1.0787928482555214,1.653505552281102,-3.799840889545063,4.328621544160336,-0.30701110456221026,2.164033113423424
-1.0861114952426387,1.6537002546519814,-3.80030270083128,4.328066226846848,-0.3074005093039693,2.1642838622431144
-1.0897346596060338,1.6545774647162061,-3.7997221737044544,4.328567724486229,-0.3091549294324188,2.1648131339828196
-1.0926718176987258,1.654765598722552,-3.800177143570386,4.329626267965639,-0.3095311974451105,2.164621108003786
-1.0896563440491112,1.654638849889064,-3.8011254597540605,4.329242216007572,-0.3092776997781348,2.1641608468283753
-1.0875927927534175,1.655516644537578,-3.8005175504489492,4.328321693656751,-0.3110332890751626,2.16431929446271
-1.0889566721829946,1.6559800385146581,-3.800538276432442,4.32863858892542,-0.31196007702932294,2.1645801880276196
-1.085152370610075,1.65639137854706,-3.8006482436089404,4.329160376055239,-0.31278275709412684,2.1650718505633546
-1.0788150292187777,1.657105689955693,-3.8002929500316105,4.330143701126709,-0.3142113799113929,2.1646553948863105
-1.0733386806990906,1.657597889902729,-3.8002829266632765,4.329310789772621,-0.3151957798054647,2.164864361034928
-1.0655067959707627,1.6584556783494804,-3.799694593855008,4.329728722069856,-0.3169113566989675,2.164880860275506
-1.0520189066414707,1.6586825872679556,-3.80011769913387,4.329761720551012,-0.317365174535918,2.165406461430184
-1.0320519992786439,1.65866459552767,-3.8008932536456337,4.330812922860368,-0.3173291910553466,2.1654227612091375
-1.0110613535395818,1.6583722390988018,-3.8020966309395434,4.330845522418275,-0.31674447819761015,2.164820706588941
-0.991433168604853,1.6590216517855314,-3.8018651206094995,4.329641413177882,-0.3180433035710692,2.1649741018207247
-0.9778181263412016,1.6591082588940993,-3.8025163125911363,4.329948203641449,-0.31821651778820487,2.165013698711432
-0.9602543241917227,1.6591730015898716,-3.80320329892403,4.330027397422864,-0.31834600317974937,2.164341184598548
-0.9425748562866549,1.659822079431122,-3.802960039493452,4.328682369197096,-0.3196441588622505,2.1641281759893793
-0.929667110046692,1.6600662321003152,-3.8033549881150504,4.328256351978759,-0.32013246420063707,2.1638223363673004
-0.9194278870306913,1.6608937897519453,-3.802834701365061,4.327644672734601,-0.32178757950389736,2.1632663609469427
-0.9050389771995206,1.6615139736963156,-3.8025886507325772,4.326532721893885,-0.3230279473926377,2.163273824557772
-0.8923248932332917,1.6614484176519637,-3.803429886950734,4.326547649115544,-0.32289683530393387,2.163759143133165
-0.8797610165377256,1.661410185135739,-3.8042217670801204,4.32751828626633,-0.3228203702714843,2.163349769509855
-0.8688907274487887,1.6616185408734887,-3.8046276883994548,4.32669953901971,-0.32323708174698385,2.1633734912877545
-0.8638601331550508,1.662256036678035,-3.8043852136500496,4.326746982575509,-0.3245120733560763,2.1632672129017556
-0.8602855609989404,1.6624500956454749,-3.8048304586829773,4.326534425803511,-0.32490019129095604,2.1636845787638386
-0.852307951853315,1.6634666764717214,-3.8040221652126487,4.327369157527677,-0.3269333529434494,2.1631407983438957
-0.8505679328615172,1.664146220313909,-3.803703651981325,4.326281596687791,-0.32829244062782453,2.162946061568196
-0.8452400780923122,1.6642484159961126,-3.8042930460016082,4.325892123136392,-0.3284968319922317,2.163163407695183
-0.8374699769682987,1.6650059745425694,-3.803824084554313,4.326326815390366,-0.3300119490851454,2.163794729104835
-0.8350422988928967,1.6650889031416625,-3.8044288735703424,4.32758945820967,-0.33017780628333165,2.1636971662150115
-0.8298794158669298,1.6645828658310755,-3.805970320747886,4.327394332430023,-0.32916573166215785,2.1623042419151677
-0.827752608836323,1.664520812535307,-3.8068025629599607,4.324608483830335,-0.329041625070621,2.162089455619885
-0.8304612756118468,1.6646298060743878,-3.807391254785896,4.32417891123977,-0.32925961214878235,2.16198065569818
-0.8342202870966227,1.6656485384117323,-3.806566188901793,4.32396131139636,-0.3312970768234713,2.1613298202785916
-0.8389125213170514,1.665958666631353,-3.806811310086605,4.322659640557183,-0.3319173332627127,2.1615208656710894
-0.8398616058949071,1.6657256981564519,-3.8079105681820535,4.323041731342179,-0.3314513963129104,2.160587849813733
-0.8386094666410719,1.6661209240529355,-3.808063242319403,4.321175699627466,-0.3322418481058778,2.1601872589802578
-0.8404772377102461,1.6663651124741305,-3.8084458610262852,4.3203745179605155,-0.3327302249482677,2.159299965206736
-0.8434959587418844,1.6666529021076284,-3.8087636619958487,4.318599930413472,-0.33330580421526323,2.158672568172157
-0.8467728473952731,1.6662737601739803,-3.8100862525854287,4.317345136344314,-0.332547520347967,2.1572285779697817
-0.8514305030598384,1.6656418483092825,-3.8117572280329752,4.3144571559395635,-0.3312836966185716,2.1569875309580033
-0.8603211030140776,1.6655083015972125,-3.8127372088686227,4.313975061916007,-0.33101660319443155,2.156329864959886
-0.8728429060415381,1.6659218803153655,-3.812848229048079,4.312659729919772,-0.3318437606307373,2.1555711914100675
-0.8872330994956363,1.6662404640388206,-3.8131357816007427,4.311142382820135,-0.3324809280776478,2.155195804441643
-0.9002872601774068,1.6657401066474196,-3.8146163154433608,4.310391608883286,-0.3314802132948456,2.1551767948341434
-0.9129377348939847,1.6663245548869583,-3.8143967298185353,4.310353589668287,-0.33264910977392326,2.1561071170859933
-0.9313385182693019,1.6660067164414947,-3.8155984607737943,4.312214234171987,-0.332013432882996,2.1552827631727025
-0.9499189824249115,1.6666384317391314,-3.815374053963032,4.310565526345405,-0.3332768634782693,2.155195067892717
-0.9756203288259417,1.6668426984051552,-3.8158186601588384,4.310390135785434,-0.33368539681031706,2.1547876089954157
-0.9972602711799765,1.666943625122055,-3.816400719886013,4.309575217990831,-0.3338872502441168,2.1541696711982983
-1.0213686686220669,1.6676390192437995,-3.816054376004751,4.3083393423965965,-0.3352780384876059,2.1547293019455185
-1.0465623012292729,1.668134051871641,-3.8160402421035835,4.309458603891037,-0.3362681037432887,2.1553786972618023
-1.064893412853995,1.6687362257974891,-3.8158280411781647,4.310757394523605,-0.337472451594985,2.155045700385243
-1.0801717687244836,1.6684644776161008,-3.816981584831645,4.310091400770486,-0.33692895523220834,2.1538800446876123
-1.0899957224672918,1.6689100343427286,-3.8170104139574543,4.307760089375225,-0.33782006868546366,2.1538117483715262
-1.1080261176569657,1.6697908284644982,-3.8163924175676898,4.3076234967430524,-0.33958165692900316,2.153588519847533
-1.125783987822679,1.670451572075564,-3.8161216951565606,4.307177039695066,-0.34090314415113454,2.15372078144057
-1.1363401160113429,1.670119737824783,-3.8173792248372083,4.30744156288114,-0.3402394756495726,2.1526223735502668
-1.1421025997993302,1.670097139871264,-3.818155904944724,4.3052447471005335,-0.34019427974253497,2.1524731532054306
-1.1505864368553853,1.669715160463772,-3.8194901279129176,4.304946306410861,-0.339430320927551,2.1516458377951224
-1.1589018536084987,1.670258834585189,-3.8193747548283286,4.303291675590245,-0.34051766917038473,2.151317313989811
-1.168805961338657,1.6702776433585003,-3.8200512902763344,4.302634627979622,-0.3405552867170072,2.1510737004452007
-1.170943929965207,1.6705373931505143,-3.820354801712566,4.3021474008904015,-0.3410747863010351,2.1514267740152815
-1.1721431487272196,1.6712856329426784,-3.819933520975929,4.302853548030563,-0.3425712658853632,2.1512407967250953
-1.1745585337205835,1.6714006940457018,-3.820462980857304,4.3024815934501905,-0.3428013880914098,2.1520739298213196
-1.1721613636808486,1.6724798668141487,-3.819538530306102,4.304147859642639,-0.34495973362830373,2.1515603545597606
-1.1686259529972256,1.6729095487553822,-3.8195876980356984,4.303120709119521,-0.3458190975107708,2.151628776737743
-1.1595224999644578,1.672749645487346,-3.8205931075567756,4.303257553475486,-0.3454992909746984,2.1513482399978567
-1.1445788465817097,1.6726661842085575,-3.8214503063788414,4.3026964799957135,-0.34533236841712117,2.1509845111879295
-1.1333574741983998,1.6725982841976943,-3.82227228827682,4.301969022375859,-0.34519656839539475,2.151329447749836
-1.1231090302124933,1.6724268957819175,-3.8232501280785014,4.302658895499672,-0.3448537915638411,2.1518481197343027
-1.1130195792384194,1.6716858493059974,-3.8251500902683087,4.303696239468605,-0.3433716986120011,2.1505673194950807
-1.10561996827205,1.6712237120032523,-3.8265945849529164,4.3011346389901615,-0.3424474240065107,2.1496244578803605
-1.1044966517446984,1.6710799826264697,-3.827577669676826,4.299248915760721,-0.3421599652529456,2.1493471370063997
-1.1092226598980464,1.6716336520002946,-3.8274474129473504,4.298694274012799,-0.3432673040005952,2.1492738791951798
-1.1150918082234051,1.6717674445719597,-3.827993223197582,4.2985477583903595,-0.34353488914392527,2.1485158171104923
-1.1191808035836357,1.6722552968696438,-3.827959664271227,4.297031634220985,-0.34451059373929355,2.1484012720763146
-1.1283750989658103,1.672719396325982,-3.8279885051404614,4.296802544152629,-0.3454387926519703,2.1477214263182285
-1.1384754468727363,1.6719851787444617,-3.8298743786799663,4.295442852636457,-0.3439703574889298,2.146547865650442
-1.1416220671994393,1.6717467075400303,-3.830985845273611,4.293095731300884,-0.3434934150800668,2.146078709913302
-1.1491297537437375,1.672448550229966,-3.830614154922822,4.292157419826604,-0.3448971004599381,2.145909910346445
-1.1584274833392194,1.6726058947526556,-3.831126378627444,4.29181982069289,-0.34521178950531733,2.145774587806038
-1.1653634123764491,1.6724282826497217,-3.832089706523301,4.291549175612076,-0.3448565652994496,2.145703885162217
-1.1708311065100836,1.6729871743940683,-3.8319567506297796,4.291407770324434,-0.3459743487881431,2.1452840097434844
-1.1802481387631873,1.6740272973593866,-3.831081177002422,4.290568019486969,-0.34805459471877986,2.1450024257337126
-1.19200793945306,1.674113454482954,-3.83165000414132,4.290004851467425,-0.3482269089659144,2.1449712229233744
-1.1958510049000144,1.6743934024818217,-3.8319486429283316,4.289942445846749,-0.3487868049636499,2.1446487052051766
-1.2059935346335138,1.673995896945556,-3.8332640183713482,4.289297410410353,-0.3479917938911185,2.144941073209426
-1.2151661354017862,1.6743570687839153,-3.833409732097032,4.289882146418852,-0.34871413756783715,2.1467093000532973
-1.2272130363877198,1.6745698742904107,-3.8338159045378957,4.293418600106595,-0.34913974858082814,2.146182826229336
-1.236419050367736,1.6754393533183571,-3.8331921430812166,4.292365652458672,-0.3508787066367208,2.1456048397919107
-1.2456715419895188,1.6751884999149957,-3.834276007467491,4.2912096795838215,-0.35037699982999787,2.1451880646427623
-1.246073217318925,1.674805954743853,-3.8355653206112406,4.290376129285525,-0.34961190948771237,2.145126865384393
-1.2436495908102927,1.6753026055021418,-3.8355218609299193,4.290253730768786,-0.35060521100428993,2.1450353185093003
-1.242696528609836,1.6757653423097312,-3.835563281726081,4.290070637018601,-0.3515306846194688,2.144381268875322
-1.237947139488695,1.6765660175788244,-3.8350690585186897,4.288762537750644,-0.35313203515765523,2.1442187314950742
-1.234206094706845,1.6765064334035247,-3.835914827548288,4.2884374629901485,-0.353012866807056,2.1430626834464857
-1.2241332054709795,1.6767122285848812,-3.8363216002096268,4.286125366892971,-0.35342445716976906,2.1423690344021473
-1.2172637607090957,1.6769357300751502,-3.8366959108801644,4.284738068804295,-0.35387146015030707,2.1427517778811658
-1.211541095682958,1.676876365850282,-3.837523625421304,4.2855035557623316,-0.3537527317005707,2.14165945346628
-1.200476491675611,1.677312975169731,-3.8375338498477864,4.28331890693256,-0.35462595033946853,2.14207055772549
-1.1896830980394113,1.6774020488753079,-3.8381042003158243,4.28414111545098,-0.35480409775062194,2.1418157305340144
-1.1793451424801562,1.6779743177606932,-3.837938313979597,4.283631461068029,-0.3559486355213927,2.1416711511340654
-1.1704475874047158,1.6777705164956316,-3.8389712030956793,4.283342302268131,-0.3555410329912694,2.140903199118216
-1.1556576144288475,1.678287424164195,-3.838875371147767,4.281806398236432,-0.35657484832839625,2.140764459109917
-1.1465530100211945,1.6795483833609093,-3.837643897862198,4.281528918219834,-0.3590967667218249,2.1413432342952596
-1.1426629183363874,1.680033789768096,-3.83759193616805,4.282686468590519,-0.3600675795361981,2.141130707277003
-1.129529271296207,1.679734151002069,-3.8387396365099966,4.282261414554006,-0.35946830200414426,2.1407621905169067
-1.1133974207999935,1.67956511336366,-3.8397389615337105,4.2815243810338135,-0.35913022672732625,2.1391993666768694
-1.0972803888942688,1.6794830816161714,-3.840571649735086,4.278398733353739,-0.3589661632323491,2.1383767152770785
-1.0842301145478181,1.6796846216811039,-3.8409477362124598,4.276753430554157,-0.359369243362214,2.138342719333811
-1.073617723638307,1.6803287391549087,-3.8406493068451066,4.276685438667622,-0.36065747830982364,2.1399879778017734
-1.0682310449759043,1.6793789122728446,-3.842834609732003,4.279975955603547,-0.35875782454569566,2.1392213192403204
-1.054595342982172,1.6792523928200462,-3.8437885256529696,4.278442638480641,-0.3585047856400989,2.1381597336977993
-1.0457111630549312,1.679604445242725,-3.843970126163547,4.276319467395599,-0.35920889048545634,2.138352342724512
-1.0416047563235251,1.6805366109947255,-3.843228983934038,4.276704685449024,-0.3610732219894572,2.138404760489207
-1.040015512486126,1.6816926918369108,-3.8421185805109395,4.276809520978414,-0.36338538367382767,2.139036487983496
-1.0385724717242608,1.6824154605495623,-3.841714802042765,4.278072975966992,-0.3648309210991304,2.1386221152193907
-1.029315226889679,1.6829218203576675,-3.8416516474251616,4.277244230438781,-0.3658436407153406,2.138800955198855
-1.0170631436400823,1.6835955547905754,-3.8413200299608596,4.27760191039771,-0.36719110958115647,2.1388489011788065
-1.0041671894657522,1.6828909781270422,-3.8430896469377456,4.277697802357613,-0.3657819562540903,2.138259759610958
-0.9844166491397317,1.6832137939380858,-3.8432857871466695,4.276519519221916,-0.36642758787617724,2.1392281633908192
-0.9729311262308538,1.6829139997763838,-3.8444462759862703,4.2784563267816385,-0.36582799955277323,2.1383922922217753
-0.9591501501724169,1.6828542836601121,-3.845200141310986,4.276784584443551,-0.36570856732022977,2.1381685255766505
-0.9507408697828139,1.6826879221060607,-3.846177203343602,4.276337051153301,-0.3653758442121267,2.1373960409910495
-0.9418213057495501,1.682892349083817,-3.846563209837528,4.274792081982099,-0.3657846981676396,2.1376954337405722
-0.9376771140981246,1.683612353893999,-3.846148026642984,4.2753908674811445,-0.36722470778800365,2.1378951186495105
-0.9418621638345908,1.6835804949787918,-3.846898444020792,4.275790237299021,-0.3671609899575892,2.137061508767996
-0.9432402156949142,1.684260174730876,-3.8465479331128853,4.274123017535992,-0.3685203494617577,2.1377281922711413
-0.9456502267954301,1.684391746023225,-3.8470454678988575,4.275456384542283,-0.36878349204645566,2.137331530017396
-0.9427147593127412,1.6839077517861574,-3.8484919183677566,4.274663060034792,-0.36781550357232073,2.135771024914144
-0.9375330781369691,1.684217990950922,-3.8487398766047365,4.271542049828288,-0.36843598190185006,2.135289667928856
-0.9377341429664248,1.684673781181111,-3.848777444521338,4.270579335857712,-0.36934756236222804,2.135276674782915
-0.9403881410388535,1.684789710655749,-3.849326717589827,4.27055334956583,-0.369579421311504,2.13447872235387
-0.9362158210014351,1.6849102640365556,-3.8498422690337395,4.26895744470774,-0.3698205280731171,2.134458724728696
-0.9311758769876626,1.6843645257384023,-3.851381587027581,4.268917449457392,-0.3687290514768106,2.133903163004694
-0.9258088471680415,1.6846964221988205,-3.85157662852871,4.267806326009388,-0.3693928443976471,2.1342842396011092
-0.9303599800292077,1.6844509121554787,-3.852662885487959,4.2685684792022185,-0.3689018243109636,2.1333040547607363
-0.9387733440739994,1.6846030788192967,-3.8530997617000455,4.2666081095214725,-0.3692061576385995,2.13325540153492
-0.9533960182185539,1.6848911110932085,-3.853346486664408,4.26651080306984,-0.369782222186423,2.1329218345096503
-0.9704118929600809,1.6850056602048453,-3.8538769788300358,4.265843669019301,-0.37001132040969636,2.132175647985889
-0.9892694185458368,1.6854920401273663,-3.853814631756343,4.264351295971778,-0.37098408025473845,2.131882824713722
-1.0056011919034349,1.6860541421654114,-3.853668025449014,4.263765649427444,-0.37210828433082876,2.131502256961789
-1.0212054186609856,1.6856190976242083,-3.855057005724745,4.263004513923578,-0.37123819524842244,2.1306676051635955
-1.0299089917628939,1.6859878493784468,-3.855138782743316,4.261335210327191,-0.37197569875689934,2.1316858489740045
-1.0422177428348807,1.6849957721591975,-3.857351377408993,4.263371697948009,-0.3699915443184009,2.1314437534195654
-1.0481874751707463,1.6852251695358764,-3.8576952612798587,4.262887506839131,-0.3704503390717586,2.1310694803977834
-1.062185487636739,1.6852217764265052,-3.858395737777072,4.262138960795567,-0.37044355285301617,2.1312917445793738
-1.078053926500134,1.6852918809004356,-3.858988467305526,4.2625834891587475,-0.3705837618008771,2.13134665538391
-1.09367838780563,1.6852491178369133,-3.859771231126234,4.26269331076782,-0.3704982356738325,2.1312209559048325
-1.1119816987955495,1.6857038489853005,-3.8598001988565684,4.262441911809665,-0.37140769797060663,2.13035136982384
-1.132047558291052,1.6849549162080952,-3.861667735131927,4.26070273964768,-0.3699098324161961,2.1282077077604318
-1.1441256835103517,1.6848685693732406,-3.862502718505503,4.2564154155208636,-0.3697371387464869,2.1273974396165314
-1.1623000973684818,1.6855484277374204,-3.8621527414725274,4.254794879233063,-0.3710968554748464,2.127126090931534
-1.1847280504013336,1.6862205684057616,-3.861829718259968,4.254252181863068,-0.3724411368115286,2.1269708592173435
-1.2034858486775937,1.68656794722967,-3.8619525034869033,4.253941718434687,-0.37313589445934514,2.1287190036632
-1.2178066618853127,1.6858201689698167,-3.8638145303076765,4.2574380073264,-0.37164033793963847,2.12741268583045
-1.224319666023022,1.6857941239591625,-3.8645237806793045,4.2548253716609,-0.37158824791833034,2.1271353169871703
-1.2370044438617929,1.6861833499745642,-3.8646259188029473,4.254270633974341,-0.37236669994913374,2.1272638132328088
-1.2489284467252366,1.6869121798013431,-3.8641751328260545,4.2545276264656176,-0.37382435960269134,2.1281216860313803
-1.2597208660332204,1.6866486617555552,-3.8652874347663895,4.256243372062761,-0.37329732351111533,2.1276331999844387
-1.2646311470828597,1.6864377223116365,-3.866322254745063,4.255266399968877,-0.3728754446232779,2.1269925775407743
-1.270744402559465,1.6868715793813485,-3.8663503662109995,4.253985155081549,-0.3737431587627017,2.1274557636212896
-1.2813949364311656,1.6866702830199878,-3.867335175588176,4.254911527242579,-0.37334056603998017,2.1271981853809856
-1.290528568151477,1.6872003983097297,-3.867231764459227,4.254396370761971,-0.3744007966194638,2.1268743916932826
-1.2997560606377787,1.6870481350835607,-3.868178497118525,4.253748783386565,-0.37409627016712554,2.126472522253802
-1.3056689708037017,1.6865878061720596,-3.869596824949644,4.252945044507604,-0.3731756123441232,2.1248477552299274
-1.3064958873259211,1.6866592087709271,-3.870174293262077,4.249695510459855,-0.3733184175418582,2.124572351514395
-1.311344826788147,1.6861930832884044,-3.8715900568832784,4.24914470302879,-0.3723861665768128,2.1246699087780945
-1.3138072431482146,1.6865395344738763,-3.8717493313001405,4.249339817556189,-0.37307906894775644,2.124313495467944
-1.3202581816850198,1.687397810278731,-3.8711259251714205,4.248626990935888,-0.37479562055746596,2.1239280197641452
-1.325412895286747,1.6865327505993126,-3.873143086465833,4.2478560395282905,-0.37306550119862925,2.1223493438590793
-1.323140338371695,1.6865049196800617,-3.8738881924911515,4.2446986877181585,-0.3730098393601274,2.1219232815614615
-1.3229426588989983,1.687027541525101,-3.87375401979148,4.243846563122923,-0.3740550830502059,2.1220664223520926
-1.323413818844538,1.6875494677916172,-3.873656421586507,4.244132844704185,-0.3750989355832382,2.122004840107476
-1.3243754342121603,1.688542264144481,-3.8728060301103695,4.244009680214952,-0.37708452828896555,2.122655276130923
-1.3271030368893113,1.688516065246848,-3.873533510033101,4.245310552261846,-0.37703213049369977,2.122788822801001
-1.3228301024248776,1.6885830518523661,-3.874132913353996,4.245577645602002,-0.37716610370473586,2.122306557894129
-1.315215742308907,1.68863676244289,-3.874769799081057,4.244613115788258,-0.3772735248857835,2.1209897033672047
-1.306813784255239,1.6883755401443934,-3.875868325706662,4.241979406734409,-0.3767510802887904,2.120549787386725
-1.299186651020158,1.6878582876826238,-3.877392103457083,4.24109957477345,-0.3757165753652514,2.119015986000092
-1.296018926456679,1.6877767917574689,-3.878226625586931,4.238031972000184,-0.3755535835149415,2.1179019220266437
-1.2949876326975667,1.687435185285783,-3.8794437814665974,4.2358038440532875,-0.37487037057156986,2.117371120425554
-1.2925891714375175,1.6875126541178804,-3.8800415655931033,4.234742240851108,-0.3750253082357647,2.1162907888194415
-1.2950469158717572,1.688248176021739,-3.8795803071360093,4.232581577638883,-0.3764963520434818,2.1159834816122647
-1.29780963017644,1.6879402400856045,-3.880770210071144,4.231966963224529,-0.37588048017121295,2.1150842162920407
-1.2965724899292455,1.688447307395748,-3.880659343050408,4.230168432584081,-0.3768946147914999,2.1160047706506933
-1.2981482584405692,1.6883171902290355,-3.8815559783408906,4.2320095413013865,-0.3766343804580748,2.1154209875301317
-1.2932017225681123,1.6878968747693648,-3.8829085552747515,4.2308419750602635,-0.37579374953873323,2.1145162105477397
-1.2884833128332227,1.6874482354959917,-3.8843150757978395,4.2290324210954795,-0.3748964709919869,2.1133487115335767
-1.2834902195832858,1.6866933059046008,-3.8861170325197674,4.2266974230671535,-0.37338661180920496,2.1127227284308265
-1.2817167180790578,1.6861819219624365,-3.8876293635356642,4.225445456861653,-0.37236384392487637,2.111884636962671
-1.288862823649879,1.6855918601987478,-3.889228925856809,4.223769273925342,-0.37118372039749903,2.11023565380144
-1.2944490256435226,1.6860731953005068,-3.8891796523423334,4.22047130760288,-0.3721463906010169,2.110361180320242
-1.3054099994079453,1.6861181547998065,-3.8898066869584977,4.220722360640484,-0.3722363095996165,2.109656899897285
-1.315572715869866,1.6861989803357103,-3.8903649021073625,4.21931379979457,-0.37239796067142406,2.1100432858490166
-1.328478603808248,1.6866741177263866,-3.8902970460770656,4.220086571698033,-0.37334823545277696,2.1106044853047123
-1.3479615145678339,1.6874804015075038,-3.8897416926560435,4.221208970609425,-0.37496080301501133,2.110405803680583
-1.3656209970773592,1.6877763762208606,-3.8899880842393655,4.220811607361166,-0.3755527524417249,2.1104509125759057
-1.3776485658093804,1.6878121647399855,-3.890655068494243,4.220901825151811,-0.37562432947997454,2.1098627977330544
-1.387596487063302,1.6881031346831328,-3.890876135157275,4.219725595466109,-0.37620626936626916,2.109720673171788
-1.3966201138392105,1.688132187896936,-3.8915107520222696,4.219441346343576,-0.3762643757938755,2.1095366300571574
-1.4007743841239022,1.6880731944474505,-3.892294438150839,4.219073260114315,-0.3761463888949045,2.109512350863608
-1.4038699106338122,1.6876811174009414,-3.893565672320512,4.219024701727216,-0.37536223480188613,2.108871049983769
-1.4045110675851413,1.6878167786652098,-3.8940146807325418,4.217742099967538,-0.3756335573304231,2.1087714820022336
-1.4084748013544375,1.6875528084128635,-3.8951227410440104,4.217542964004467,-0.37510561682573024,2.1078399790933187
-1.4145857195390859,1.6880254957225034,-3.8950704154390667,4.215679958186637,-0.3760509914450099,2.107422427218984
-1.4221068470868028,1.6880290398024815,-3.895763460131442,4.214844854437968,-0.3760580796049662,2.107412531149728
-1.4283239464912887,1.688738153125737,-3.8953417677289988,4.214825062299456,-0.3774763062514774,2.1079780998103503
-1.4353806097210047,1.6885009437405096,-3.8963701852066728,4.215956199620701,-0.37700188748102237,2.1078551291890646
-1.4336542352021002,1.687723699316527,-3.898276809083448,4.215710258378129,-0.37544739863305715,2.1059930835219527
-1.4291409191862132,1.6875279592354786,-3.899291449325284,4.211986167043905,-0.37505591847096026,2.105422936425281
-1.425798710010182,1.687228954522166,-3.900406227305288,4.210845872850562,-0.374457909044335,2.1061696227535895
-1.420404109328913,1.6871791478706608,-3.901136303095751,4.212339245507179,-0.3743582957413246,2.107046186948266
-1.413962711514217,1.6868822163997057,-3.9023077687943113,4.214092373896532,-0.37376443279941446,2.106182985136149
-1.4093585639237043,1.6866431055893252,-3.9033365344218316,4.212365970272298,-0.3732862111786535,2.106070435476109
-1.406334818445278,1.6856867472539625,-3.9054692412008802,4.212140870952218,-0.371373494507928,2.1058954819672793
-1.4028204766088184,1.6858336821180246,-3.905943726782684,4.2117909639345585,-0.3716673642360521,2.1053697257673685
-1.4087418780879997,1.685985406071199,-3.9063915814745447,4.210739451534737,-0.3719708121424009,2.1050268394799665
-1.4184706505184388,1.6850298761656364,-3.9085772322177714,4.210053678959933,-0.3700597523312759,2.1027872368603333
-1.4260494234032501,1.6846183408011988,-3.9098459978354927,4.205574473720667,-0.3692366816024007,2.1039639364820255
-1.4395138894710464,1.68446270835892,-3.9107810577641278,4.207927872964051,-0.3689254167178432,2.103040183744432
-1.4570376282776119,1.6840065562230035,-3.9121864871668874,4.206080367488864,-0.36801311244601,2.1023788217335757
-1.4746768407324375,1.6844822309566505,-3.9121139378655503,4.204757643467151,-0.3689644619133039,2.1048800708578974
-1.496553719605171,1.684645895716712,-3.912544643725958,4.209760141715795,-0.369291791433427,2.104444984937884
-1.5130104147112768,1.6841508452971343,-3.9139647068543844,4.208889969875768,-0.36830169059427165,2.1069231912206745
-1.5275067793492698,1.6846745586322849,-3.9138595101996714,4.213846382441349,-0.36934911726457276,2.1071040220577686
-1.5454185134987721,1.684794293891348,-3.9143610611218618,4.214208044115537,-0.3695885877826992,2.106868356066499
-1.5618213199357296,1.68540649822473,-3.9141209305917104,4.213736712132998,-0.3708129964494633,2.1070870959836645
-1.5786163105018605,1.6857840393188641,-3.9142128826099474,4.214174191967329,-0.37156807863773156,2.1078003688376685
-1.5952298126289484,1.6854484014841422,-3.9154621320607808,4.215600737675337,-0.3708968029682876,2.1061091478328082
-1.6064311477681925,1.6860039709136474,-3.915310820879519,4.2122182956656165,-0.37200794182729796,2.105626243888417
-1.6175569056101584,1.6857104995930803,-3.9164792868066938,4.211252487776834,-0.3714209991861636,2.1051203369782088
-1.6219882724988293,1.685902754333489,-3.9168973619463183,4.2102406739564175,-0.37180550866698103,2.1046373542178975
-1.6271681972448486,1.6854989006700787,-3.918205361089812,4.209274708435795,-0.3709978013401603,2.1034362082208933
-1.629097869715043,1.6850557209936274,-3.9195789743705762,4.2068724164417866,-0.37011144198725776,2.102959363177799
-1.6309045305410694,1.685345344652982,-3.9198312710020495,4.205918726355598,-0.3706906893059668,2.1030194607796364
-1.6349953152618504,1.6853992360566958,-3.92047366182663,4.206038921559273,-0.37079847211339434,2.102749234475819
-1.6319000772978436,1.685031068670419,-3.9217354845374524,4.205498468951638,-0.3700621373408408,2.1041573970689624
-1.6276809263584027,1.6845374249771916,-3.923201857836394,4.208314794137925,-0.3690748499543859,2.103842067229071
-1.6251987471540428,1.6849218465314093,-3.9232960363821583,4.207684134458142,-0.36984369306282133,2.10509257794604
-1.622418940705748,1.6849875019065588,-3.923901425950895,4.21018515589208,-0.36997500381312015,2.104719588140899
-1.6141985980791822,1.6838431133065823,-3.9263700178195586,4.209439176281798,-0.36768622661316724,2.104439294775475
-1.6013295055871635,1.6845857781838156,-3.9258926281848496,4.20887858955095,-0.3691715563676338,2.1057119414470225
-1.5958765138937188,1.6847327435756656,-3.926343140617578,4.211423882894045,-0.3694654871513338,2.105757026620686
-1.5869269317464654,1.6853798493831194,-3.926028647820468,4.211514053241372,-0.3707596987662414,2.1060323482168255
-1.579100802576848,1.684436661147939,-3.928185287542591,4.212064696433651,-0.3688733222958808,2.1044199711913314
-1.560972804468912,1.6836203877479654,-3.9301045338639122,4.208839942382663,-0.36724077549593354,2.105682597886975
-1.5503421681338505,1.6826585851674634,-3.932254788728857,4.21136519577395,-0.3653171703349294,2.1040066594146363
-1.5437222414066651,1.6830204640298916,-3.932384789263583,4.2080133188292725,-0.36604092805978605,2.103722810849909
-1.548350109306027,1.6827483990640644,-3.9334938725339037,4.207445621699818,-0.36549679812813146,2.1030740885433135
-1.5515748718825515,1.6825647694124974,-3.934465370513824,4.206148177086627,-0.3651295388249975,2.102823607325479
-1.5548570847565433,1.6820531394989677,-3.935917358952534,4.205647214650958,-0.3641062789979379,2.103375271421104
-1.5615246704535863,1.6827940175044491,-3.935460368653974,4.206750542842208,-0.3655880350089008,2.103197482158604
-1.5725569491360871,1.6826363122655457,-3.9363854191797425,4.206394964317208,-0.3652726245310938,2.1032972639278333
-1.578237399811338,1.6824762728674545,-3.93733867795173,4.206594527855667,-0.3649525457349113,2.102709840714498
-1.5828712112662324,1.6816594254499075,-3.9393063714301957,4.205419681428996,-0.36331885089981725,2.100602495155395
-1.5846353387143606,1.6818108087135974,-3.9397895259804954,4.20120499031079,-0.3636216174271969,2.0999805844477923
-1.5943801662050885,1.6813190808497158,-3.941231702959347,4.199961168895585,-0.36263816169943347,2.100271377246318
-1.6021793872447714,1.6817936669143767,-3.941172467679424,4.200542754492636,-0.36358733382875524,2.1013467605434446
-1.6131503406013117,1.6819298127475828,-3.9416569641053054,4.202693521086889,-0.3638596254951673,2.1014422242656496
-1.6183116271912565,1.6810103565018373,-3.943732544485093,4.202884448531299,-0.36202071300367616,2.1006716835558557
-1.622277974424907,1.6797076463272207,-3.946486353221248,4.201343367111711,-0.3594152926544431,2.0977503287996146
-1.6298441037598446,1.6779717317512381,-3.949851152249271,4.195500657599229,-0.35594346350247813,2.0953764788404654
-1.6370136443688956,1.6781609230706216,-3.95026972098408,4.190752957680931,-0.35632184614124485,2.09497195718625
-1.6609238127535146,1.6786290255203613,-3.9502328983990345,4.1899439143725,-0.35725805104072433,2.095810416275358
-1.6853647159877485,1.678080912756421,-3.9517552697845497,4.191620832550716,-0.3561618255128437,2.0964135722494364
-1.7083124324139027,1.677758289270906,-3.9529611340685524,4.192827144498873,-0.3555165785418137,2.0965451630100618
-1.7298951534537679,1.6767967431372413,-3.955128687450076,4.1930903260201235,-0.35359348627448434,2.0954819919744057
-1.747339329279682,1.6779207306537134,-3.9540993296122613,4.190963983948811,-0.35584146130742844,2.0953101210392004
-1.7696888824314692,1.678129706107417,-3.9544528656511275,4.190620242078401,-0.3562594122148357,2.0957691492275337
-1.7841063884888655,1.6770617271291401,-3.956784316910283,4.191538298455067,-0.35412345425828196,2.094381767448529
-1.7922546403906199,1.6768324415186393,-3.9577998637477547,4.188763534897058,-0.35366488303728044,2.095462445834869
-1.8060743604502285,1.6766792355257074,-3.9587483610893,4.190924891669738,-0.3533584710514165,2.0954813649907043
-1.8181361935735967,1.6770699569737464,-3.958862043912642,4.1909627299814085,-0.35413991394749433,2.095587227725674
-1.8362622987095714,1.677306087068721,-3.959156174693017,4.191174455451348,-0.35461217413744384,2.098415455667731
-1.8505134332280484,1.6769398423430766,-3.960409825704861,4.196830911335462,-0.3538796846861549,2.098749673041537
-1.860494620033442,1.6765756048891485,-3.9616496336203415,4.197499346083074,-0.3531512097782988,2.1002606964611266
-1.867776652454662,1.6766293499612135,-3.9622754755925453,4.200521392922253,-0.3532586999224287,2.1010492754910692
-1.8781342897732243,1.6768203990137174,-3.9627179402632295,4.2020985509821385,-0.3536407980274365,2.100930040610922
-1.8854368284981273,1.676475538707725,-3.963914555782838,4.201860081221844,-0.3529510774154519,2.102259492294951
-1.8925061217741064,1.6755925029367786,-3.965992783516671,4.204518984589902,-0.35118500587355916,2.101321924942507
-1.900041741715187,1.6750875168415449,-3.9674621970175417,4.202643849885014,-0.35017503368309183,2.1013377500541504
-1.907768212668473,1.6760237162471665,-3.9667284437006822,4.202675500108301,-0.3520474324943352,2.1012315089858813
-1.91497987750477,1.6752259649546453,-3.96870780168733,4.202463017971763,-0.3504519299092928,2.099611936214832
-1.9034955196178434,1.6748628933030791,-3.969972110846569,4.199223872429664,-0.34972578660616055,2.098921361994057
-1.8974222635292746,1.6749361437573995,-3.970606227568515,4.197842723988114,-0.34987228751480137,2.0989584458938886
-1.896387221804185,1.674935764467885,-3.9713251750601484,4.197916891787777,-0.34987152893577245,2.098708121468509
-1.8915821849475418,1.6751847927274406,-3.9716466186430104,4.197416242937018,-0.35036958545488356,2.0989092140995855
-1.885350443668802,1.674863381867714,-3.972896435011294,4.197818428199171,-0.34972676373543043,2.098478226757861
-1.8713009170057897,1.6745284920542824,-3.9741221215172495,4.196956453515722,-0.34905698410856695,2.09837905864456
-1.8659290854491566,1.674278614576932,-3.9752401956827588,4.19675811728912,-0.3485572291538661,2.0970174255199003
-1.8633905435526072,1.6739063326811021,-3.9765138130194244,4.194034851039801,-0.3478126653622067,2.096705407600939
-1.856657821011515,1.6746384409537827,-3.9760696775732205,4.193410815201878,-0.34927688190756784,2.0980316667323358
-1.8533110960295538,1.6739176979055423,-3.9778929822524205,4.1960633334646715,-0.3478353958110874,2.097170208178217
-1.8410244980979789,1.6737818275650114,-3.9788216673842545,4.194340416356434,-0.3475636551300257,2.0969592104443815
-1.835861352766491,1.673873877253269,-3.9793970902793516,4.193918420888763,-0.34774775450654094,2.0970339257726027
-1.8333080498398435,1.6738560820415662,-3.9801208776808727,4.1940678515452054,-0.34771216408313527,2.0975675744984006
-1.8282259049695697,1.6737987754677335,-3.980919904065579,4.195135148996801,-0.3475975509354699,2.0974855603717657
-1.8213819406684273,1.6734471187953122,-3.982193894891177,4.194971120743531,-0.34689423759062715,2.097016717782697
-1.8144812314903658,1.673185729088301,-3.9833115619470805,4.194033435565394,-0.34637145817660475,2.0973204678936135
-1.8108014080055321,1.6729532086847154,-3.9843745188519404,4.194640935787227,-0.34590641736943356,2.098425599380939
-1.8069954145171008,1.6733637076958052,-3.9844485205784204,4.196851198761878,-0.34672741539161295,2.0997160856011803
-1.8020244186036973,1.672143330833587,-3.9870470039613726,4.199432171202361,-0.34428666166717636,2.0980455656888717
-1.7883677266261486,1.6717583128013327,-3.9883580350015952,4.196091131377743,-0.3435166256026677,2.0973477353543464
-1.7884866890336237,1.6714097535456618,-3.989637065025373,4.194695470708693,-0.3428195070913257,2.096627094541843
-1.787115058760584,1.6702235483934307,-3.9921984898362797,4.193254189083686,-0.34044709678686325,2.0948828887055306
-1.7838618333361893,1.669610527395559,-3.993880655474213,4.189765777411061,-0.33922105479111986,2.0947140098053305
-1.7882209194406995,1.669475074889019,-3.9947537801854645,4.189428019610661,-0.33895014977803983,2.09661539345819
-1.7971796419116446,1.6699707365688767,-3.9946963816827576,4.19323078691638,-0.339941473137755,2.0967318375019803
-1.8100760481185367,1.6702918738259027,-3.994907766634703,4.193463675003961,-0.34058374765180693,2.0973170432141153
-1.818392255409493,1.669896304762856,-3.9962574883467377,4.1946340864282305,-0.33979260952571355,2.096657998578176
-1.821599204821779,1.6689761437690531,-3.9983587129896074,4.193315997156352,-0.3379522875381074,2.095793974798339
-1.8243982593778876,1.6686458689902248,-3.9995999934656217,4.191587949596678,-0.3372917379804508,2.0955281137988493
-1.8312895786780312,1.6680114087759403,-4.001296354127062,4.191056227597699,-0.3360228175518817,2.095291871836194
-1.8435855522986104,1.6684985952514195,-4.00124980158167,4.190583743672388,-0.33699719050284027,2.095509407147609
-1.858477000841793,1.6684840098582459,-4.00197698473676,4.191018814295218,-0.33696801971649276,2.0968004720584275
-1.8687036591908637,1.6689574968310465,-4.001934967942028,4.193600944116855,-0.33791499366209415,2.0977782639882196
-1.8807762228292608,1.668187013105243,-4.003875082186586,4.195556527976439,-0.3363740262104871,2.0967895114650386
-1.886834233801232,1.6682963661565866,-4.004414879738508,4.193579022930077,-0.33659273231317444,2.0979540778312504
-1.8985441659650748,1.6677174426555232,-4.006054713034098,4.195908155662501,-0.3354348853110478,2.0959305254804685
-1.9059977291348336,1.668070274141138,-4.006243596910397,4.191861050960937,-0.3361405482822774,2.096338810399299
-1.917217739760757,1.668156771164518,-4.0068432561908365,4.192677620798598,-0.33631354232903754,2.096068387391329
-1.924421747401034,1.6672566524419166,-4.008904517594234,4.192136774782658,-0.3345133048838347,2.0952662698128495
-1.930828080281585,1.6671195875428628,-4.009824615947735,4.190532539625699,-0.33423917508572737,2.0966914328191177
-1.937500221108034,1.6670843993841995,-4.010602207121851,4.1933828656382355,-0.33416879876840094,2.09706168521321
-1.9428704088438575,1.6663789238426894,-4.012414458053786,4.19412337042642,-0.33275784768538086,2.096166466316236
-1.9446205085239905,1.6672929259688174,-4.011748337396644,4.192332932632472,-0.33458585193763696,2.0963717747904993
-1.9480113828979815,1.6673446693289142,-4.012374878702831,4.192743549580999,-0.3346893386578304,2.0965663835357145
-1.940210323202681,1.6679940579744015,-4.012067209427489,4.193132767071429,-0.33598811594880496,2.097418702867372
-1.9325961255358601,1.6685944740070902,-4.011860816168768,4.194837405734744,-0.33718894801418214,2.0982757137740555
-1.9235520337728298,1.6686521623799238,-4.012514176777447,4.196551427548111,-0.3373043247598495,2.0983121869137435
-1.911147749282816,1.6678374437830454,-4.014525975144033,4.196624373827487,-0.33567488756609304,2.096275871806562
-1.8939816302877421,1.6668115102610361,-4.016815280726683,4.192551743613124,-0.3336230205220743,2.0955472963476156
-1.8756757899573877,1.6667294134143757,-4.017685617218368,4.191094592695231,-0.3334588268287538,2.095894435548786
-1.8627617875640121,1.66628191059499,-4.019087893937245,4.191788871097572,-0.33256382118998207,2.0973073804887505
-1.8461969851703737,1.6656227377019919,-4.020849689038198,4.194614760977501,-0.33124547540398563,2.096849230537758
-1.8340407740177787,1.6657835533694028,-4.021316933733446,4.193698461075516,-0.3315671067388073,2.0975593256689598
-1.8271991375965193,1.6653325758097228,-4.022773386784656,4.1951186513379195,-0.33066515161944743,2.0966647564438716
-1.820687461962211,1.6646612709957544,-4.024517473990383,4.193329512887743,-0.32932254199151056,2.097789852390757
-1.8123640512432777,1.6653114905240085,-4.024222902361448,4.195579704781514,-0.33062298104801874,2.0979986887684023
-1.8114348018971245,1.664715217856764,-4.025843792415689,4.195997377536805,-0.32943043571352965,2.09720859923847
-1.8010097042990845,1.6648492976520017,-4.026385187913816,4.19441719847694,-0.3296985953040054,2.096912032140079
-1.797516794999531,1.6648352700624658,-4.027133175256769,4.193824064280158,-0.3296705401249335,2.097775987714847
-1.7937404324071151,1.6645465099616719,-4.028306196487183,4.195551975429694,-0.32909301992334544,2.0971002972281028
-1.7854210640643684,1.6650244721951235,-4.028288245886312,4.1942005944562055,-0.33004894439024857,2.0974467652974007
-1.7801805324490312,1.6644996274777637,-4.029815511685939,4.194893530594801,-0.32899925495552895,2.0981463222880734
-1.769948696748449,1.66322190531257,-4.032477801774514,4.196292644576147,-0.32644381062514183,2.0982979760426317
-1.7574287885372888,1.6632030495164964,-4.033229828042916,4.196595952085263,-0.3264060990329945,2.0988785202105107
-1.759869409729021,1.6627882478873635,-4.034614420503063,4.197757040421021,-0.32557649577472836,2.0986258091458887
-1.7621663328090196,1.6620159499022507,-4.036552772616504,4.197251618291777,-0.3240318998045026,2.0982749443301265
-1.7698421267651359,1.6615914380817935,-4.037933995386068,4.196549888660253,-0.3231828761635883,2.0983469213116845
-1.7860423234175755,1.6615431176034232,-4.038773007959787,4.196693842623369,-0.3230862352068478,2.098877943301005
-1.8060624763628912,1.6615796863060928,-4.039468348803178,4.19775588660201,-0.323159372612187,2.0993508244713412
-1.8230841988239188,1.6606464429483072,-4.041655613893567,4.1987016489426825,-0.321292885896616,2.099274197242711
-1.8329435393421987,1.660507571089082,-4.042604616319518,4.198548394485422,-0.32101514217816546,2.0992770793754283
-1.8490426902720953,1.6610219601655751,-4.042545218561904,4.198554158750857,-0.3220439203311517,2.100228229883775
-1.8654605842487397,1.6607219100479729,-4.043716704311903,4.20045645976755,-0.32144382009594724,2.100926240570069
-1.8737796144802203,1.6613102978741066,-4.04353265620335,4.201852481140138,-0.3226205957482147,2.1017074044191024
-1.886730292383827,1.6615484094600008,-4.043915090212328,4.203414808838205,-0.32309681892000347,2.101929250565828
-1.893088549080944,1.660688236600603,-4.045999986336451,4.203858501131656,-0.3213764732012078,2.101905445264298
-1.8919544626862472,1.6614687712280498,-4.045536931012017,4.203810890528596,-0.3229375424561015,2.102483607184568
-1.902777964760742,1.6612217172045034,-4.04663718621131,4.204967214369136,-0.3224434344090087,2.1027506618966485
-1.9032927093303664,1.6605479900425137,-4.04845009244539,4.205501323793297,-0.32109598008502926,2.1024664067543677
-1.904455830717267,1.6597905119894503,-4.050336543802225,4.204932813508735,-0.3195810239789024,2.1038385552801526
-1.908476803999668,1.660007665752167,-4.050746268637939,4.207677110560305,-0.32001533150433564,2.103751238493511
-1.9169333732384861,1.6594770696808188,-4.05227190004627,4.207502476987022,-0.31895413936163924,2.105588454573862
-1.9248406932444344,1.6597233876571138,-4.052635280734292,4.211176909147724,-0.3194467753142295,2.1063192594113747
-1.9344413030699839,1.6591062719105458,-4.05435532563435,4.212638518822749,-0.3182125438210935,2.1047764501853896
-1.9342244110594775,1.659338915674122,-4.054711239949097,4.209552900370779,-0.31867783134824584,2.1059656779236025
-1.938782898778415,1.658800244852292,-4.056303460870583,4.211931355847205,-0.31760048970458593,2.105706805524782
-1.9375928679372767,1.658582679865453,-4.05739038686192,4.211413611049564,-0.31716535973090776,2.1057406681325093
-1.9357580930898823,1.6584191983583843,-4.058388797901203,4.2114813362650185,-0.31683839671677005,2.105763265076258
-1.9326785431479188,1.6587662449956628,-4.058594414653976,4.211526530152516,-0.31753248999132705,2.1072230346776095
-1.931174973912115,1.658105551889082,-4.060342684651997,4.214446069355219,-0.3162111037781654,2.106414625224317
-1.9251346695707108,1.6581286338059464,-4.061050416799724,4.212829250448634,-0.3162572676118946,2.1058119782365687
-1.919370667776533,1.658245229756736,-4.061607579896207,4.2116239564731375,-0.3164904595134738,2.105898640298744
-1.912827734322339,1.657651583734972,-4.063266144882351,4.211797280597488,-0.31530316746994574,2.105809500988226
-1.906652310588271,1.655644741763116,-4.067072776801199,4.211619001976452,-0.31128948352623376,2.105446528839187
-1.8982357845834525,1.655388568023529,-4.0681582117368,4.210893057678374,-0.31077713604705975,2.1078832004052237
-1.906381182969966,1.6557260178521398,-4.068394260323309,4.215766400810447,-0.3114520357042814,2.1081134545397306
-1.9186357526552298,1.6562838315705801,-4.068255703088324,4.216226909079461,-0.3125676631411623,2.1089084082550915
-1.9255401545411233,1.656059908487498,-4.06932492822995,4.217816816510183,-0.3121198169749982,2.108745963728569
-1.931947493977702,1.6562018164114418,-4.069824782657329,4.217491927457138,-0.3124036328228855,2.111116372102989
-1.9391908826439614,1.6559912245372443,-4.0709039966180605,4.222232744205978,-0.3119824490744908,2.110998914088617
-1.941430052826271,1.6558499287664976,-4.071903098332012,4.221997828177234,-0.3116998575329975,2.111862562752909
-1.9411909498617277,1.656065431811875,-4.072381882579561,4.223725125505818,-0.31213086362375225,2.1109634327628957
-1.9437277515338902,1.6555053393405423,-4.073989385397676,4.221926865525791,-0.31101067868108667,2.1110924555827246
-1.940548283836823,1.6560068448124796,-4.073972808399479,4.222184911165449,-0.3120136896249614,2.1108945339833713
-1.9441839295458778,1.6549954538055307,-4.0762763556874155,4.221789067966743,-0.3099909076110634,2.111808121313129
-1.9381420625357206,1.6552694676717854,-4.076566781440562,4.223616242626258,-0.310538935343573,2.1143036331310636
-1.9414884017354517,1.6526509047975395,-4.081353329668386,4.228607266262127,-0.3053018095950812,2.1128876604125373
-1.9333280001922857,1.6532240930623463,-4.081220337354721,4.225775320825075,-0.30644818612469477,2.1127916412598893
-1.9431646631517756,1.6538732276448134,-4.08096835107488,4.2255832825197785,-0.30774645528962885,2.113058677708772
-1.949169293139728,1.6536365009203575,-4.082076364243247,4.226117355417544,-0.30727300184071715,2.1132858958758396
-1.9511544852308278,1.6543327732181894,-4.081760029532907,4.226571791751679,-0.30866554643638083,2.113467969437123
-1.9534810679521195,1.655110881309539,-4.081310610792015,4.226935938874246,-0.31022176261907997,2.1135030011008284
-1.952085084505267,1.6548770913364292,-4.0824259064326585,4.227006002201657,-0.30975418267286037,2.113657385864022
-1.9441126561736706,1.6544927785788812,-4.083795981419549,4.227314771728044,-0.30898555715776443,2.1133433648130455
-1.9339563627229883,1.654604548735907,-4.0843461627800135,4.226686729626091,-0.30920909747181585,2.115040355098794
-1.918243491069688,1.6539961753503472,-4.086006650621419,4.230080710197588,-0.30799235070069636,2.114692976729478
-1.8987688366637583,1.6537940553914212,-4.087069376760196,4.229385953458956,-0.30758811078284426,2.1149482685868817
-1.8851601763305417,1.65496129214747,-4.086031926212843,4.229896537173763,-0.3099225842949418,2.1149309771368956
-1.8793237546949557,1.655008106097845,-4.086681534505862,4.229861954273791,-0.31001621219569203,2.1168826861629837
-1.8622801267271472,1.654790677870599,-4.087765706069821,4.233765372325967,-0.3095813557411999,2.116710494303981
-1.8452360290620504,1.655519778565097,-4.087427270943973,4.233420988607962,-0.3110395571301959,2.1160734716286904
-1.8308358376255267,1.6547472316962821,-4.089402908149126,4.232146943257381,-0.3094944633925659,2.114621526672772
-1.8079744587575197,1.6543599654980319,-4.090760463984336,4.229243053345544,-0.3087199309960656,2.114356704516874
-1.791276417933907,1.6541574459830246,-4.09185985599636,4.228713409033748,-0.3083148919660511,2.113923710338102
-1.774590467881274,1.6539877300667738,-4.092880277347022,4.227847420676204,-0.3079754601335495,2.114522936951524
-1.7622325168661597,1.6533827122832347,-4.094574683650156,4.229045873903048,-0.3067654245664716,2.1142739388648
-1.7453816795437067,1.653255476666343,-4.09549961999794,4.2285478777296,-0.3065109533326882,2.114489456823573
-1.734621671533827,1.6539634473714226,-4.095201394110197,4.228978913647146,-0.30792689474284757,2.114179568237379
-1.7163716686591615,1.6541681390643606,-4.095636879339803,4.228359136474758,-0.3083362781287232,2.1143088541096575
-1.696576403514226,1.6538797366053004,-4.096822188561286,4.228617708219315,-0.30775947321060315,2.115167849053246
-1.6786992247460297,1.6539909090004348,-4.097394086216279,4.230335698106492,-0.3079818180008717,2.1159991616010765
-1.6627245991718609,1.6540350007857438,-4.098062973293847,4.231998323202153,-0.3080700015714898,2.1164614268848836
-1.6506285512284662,1.654056699502681,-4.09880002286859,4.232922853769767,-0.3081133990053642,2.116360766619052
-1.6433953792710687,1.6532881603809972,-4.1007557248773825,4.232721533238104,-0.30657632076199665,2.1156248166652154
-1.6336353075499872,1.652828812846245,-4.1022182968600776,4.231249633330431,-0.3056576256924919,2.1151400989381597
-1.6271423860309424,1.652541714113155,-4.103415233760475,4.230280197876319,-0.3050834282263124,2.1151729641601342
-1.6246219750179773,1.6530895834952077,-4.103355303250816,4.2303459283202685,-0.30617916699041753,2.115888125224751
-1.623434772658816,1.6526927363264443,-4.104691318753323,4.231776250449502,-0.3053854726528909,2.11575703240619
-1.61658696382968,1.651825050434223,-4.106779131969757,4.23151406481238,-0.303650100868448,2.1151408755007264
-1.6182898327531579,1.6524540196734006,-4.106551725625519,4.230281751001453,-0.30490803934680344,2.117476921602084
-1.628721177791716,1.6531693248534223,-4.106216202939975,4.234953843204168,-0.30633864970684704,2.1183317014392564
-1.6354098961321455,1.6534975731787382,-4.106450913831517,4.236663402878513,-0.3069951463574789,2.1188554368510784
-1.641804001891245,1.6530352385947327,-4.107909623691317,4.237710873702157,-0.3060704771894679,2.1196899674677265
-1.6413288521166596,1.6527553311028051,-4.1090863758509215,4.239379934935453,-0.30551066220561274,2.119349811161778
-1.642088421065195,1.6522254991748666,-4.110667160577873,4.238699622323556,-0.30445099834973566,2.1196952684529236
-1.6429558364234893,1.65302735081157,-4.110243300494992,4.239390536905847,-0.3060547016231424,2.1191357727219504
-1.649201391615109,1.653403215113243,-4.110434050705038,4.238271545443901,-0.30680643022648824,2.1186769696999126
-1.647256735249969,1.6534345813038587,-4.11118901940746,4.237353939399825,-0.3068691626077196,2.118293813345998
-1.6420066464229106,1.6537913684117034,-4.111443435721686,4.236587626691996,-0.3075827368234092,2.119159088407776
-1.6416435123926347,1.6537050192050462,-4.112338422618324,4.238318176815552,-0.3074100384100948,2.1197955537929376
-1.6395636810093288,1.6538764202516458,-4.112842460686715,4.239591107585875,-0.3077528405032938,2.1207133231730966
-1.6372968859945902,1.6544949471233756,-4.112643016490689,4.241426646346193,-0.3089898942467532,2.1214969752050523
-1.6359742942635656,1.6551239160635274,-4.1124383230867165,4.242993950410105,-0.31024783212705664,2.121651314621283
-1.6315411019919766,1.6551326584636203,-4.113195350595317,4.243302629242566,-0.3102653169272427,2.1219325030662466
-1.6221942074494953,1.655540515208981,-4.113353301612392,4.243865006132493,-0.3110810304179641,2.122961030013115
-1.6102548260312068,1.6554887742757436,-4.114199359363999,4.24592206002623,-0.3109775485514894,2.1226366588218237
-1.5928240417906623,1.6559217433714277,-4.114313513795964,4.2452733176436475,-0.31184348674285756,2.122499760709796
-1.5755333216964402,1.655942302705077,-4.115074654701817,4.244999521419592,-0.31188460541015606,2.1218858362155544
-1.5579523990999422,1.6556857566466625,-4.1162339124660825,4.243771672431109,-0.3113715132933271,2.122833467825092
-1.5378260144782576,1.6555477238903586,-4.117259606117749,4.245666935650184,-0.3110954477807195,2.1221413519285894
-1.5154068053997212,1.656593248623419,-4.116402655545253,4.244282703857179,-0.3131864972468402,2.122164977165889
-1.500397881197622,1.6559174797424907,-4.118197822802254,4.244329954331778,-0.31183495948498396,2.1220960999704763
-1.4791036301876996,1.6546037635261133,-4.120985743447781,4.244192199940953,-0.3092075270522291,2.121634769806409
-1.4613547093694184,1.654636943498288,-4.12172513722901,4.243269539612818,-0.3092738869965786,2.121561752724234
-1.4509390541399227,1.654868916147936,-4.122148673173281,4.243123505448468,-0.3097378322958744,2.1217426139421054
-1.4399659118044816,1.6551443229750362,-4.122479644967555,4.243485227884211,-0.3102886459500749,2.1221046661588843
-1.425936918552872,1.6535922352024,-4.125605508657102,4.2442093323177685,-0.3071844704048022,2.1203556076312124
-1.4108304574402433,1.653632205114998,-4.12629866512316,4.240711215262425,-0.3072644102299984,2.1208356561397097
-1.4088269998422662,1.653684528448075,-4.1269903779217865,4.241671312279419,-0.307369056896152,2.1206048523992136
-1.4073696945536636,1.654110564870784,-4.127117956863629,4.241209704798427,-0.30822112974156995,2.121462928559033
-1.4090099273538228,1.6543794231443605,-4.127528234915634,4.242925857118066,-0.30875884628872324,2.1206139788493754
-1.4081311473469138,1.6536655804173643,-4.129423564188688,4.241227957698751,-0.3073311608347308,2.1195922559580875
-1.4048344494465428,1.6542924932489258,-4.1292331419973936,4.239184511916175,-0.30858498649785365,2.119679671995082
-1.4121166873809656,1.6539090132023635,-4.130621728538977,4.239359343990164,-0.30781802640472916,2.1185602020011025
-1.4174008181369153,1.6531802751711957,-4.132476758674855,4.237120404002205,-0.3063605503423934,2.1173353411961506
-1.424278045653295,1.6529201204522785,-4.133662844960033,4.234670682392301,-0.30584024090455886,2.1166198239938185
-1.4382881099359976,1.6534643540149097,-4.133609259172858,4.233239647987637,-0.3069287080298211,2.117191265060705
-1.455836282945059,1.654024107625349,-4.1334952910931735,4.23438253012141,-0.3080482152507,2.1169526338451843
-1.4732599453590138,1.6546597357720843,-4.133288579499356,4.233905267690369,-0.3093194715441705,2.118491813284741
-1.4882789396674228,1.655511292678209,-4.132736739347272,4.236983626569482,-0.31102258535641997,2.11967963971244
-1.4993774646568339,1.6559193541014963,-4.132851758530732,4.23935927942488,-0.31183870820299436,2.119684057336336
-1.5039807799759535,1.6566454986883234,-4.132492886416286,4.239368114672672,-0.31329099737664884,2.1203651155504883
-1.5134484388680454,1.6571660994852482,-4.132486373549519,4.240730231100977,-0.31433219897049824,2.120465651533313
-1.5151658816874942,1.6567632785730566,-4.13387956593781,4.240931303066626,-0.31352655714611527,2.1209468159624616
-1.5058940166584045,1.6574326491830986,-4.133622571673186,4.241893631924923,-0.31486529836619936,2.121420846878378
-1.5012826003191249,1.6578771629296767,-4.1337251462691444,4.242841693756756,-0.31575432585935553,2.1212609547203947
-1.4934458038143719,1.6583221285178888,-4.13377643456492,4.242521909440789,-0.31664425703577975,2.1213538622647645
-1.4845596527972544,1.6580250338257447,-4.135005410549641,4.242707724529529,-0.3160500676514915,2.1224600914327048
-1.4645686622152176,1.6583696051351218,-4.135260574311691,4.2449201828654095,-0.31673921027024554,2.1222819058598548
-1.4476372301266154,1.6578847840144955,-4.136785012205273,4.2445638117197095,-0.31576956802899286,2.1217938914084318
-1.4269382662663959,1.6572695378837081,-4.138503770773017,4.2435877828168636,-0.3145390757674181,2.1212548111208323
-1.4103205987118548,1.657694561782233,-4.138658366414439,4.2425096222416645,-0.3153891235644677,2.1203543861235685
-1.4004680432259935,1.658067788570915,-4.138834252024054,4.240708772247137,-0.31613557714183194,2.120884760352874
-1.3850463578945038,1.659185602097045,-4.137878258203598,4.241769520705748,-0.3183712041940922,2.1219098520933994
-1.3729421320604605,1.6587110172510662,-4.1393768816331455,4.243819704186799,-0.3174220345021345,2.1215040085765895
-1.3484591543710143,1.6598265565271204,-4.138396348583201,4.243008017153179,-0.31965311305424315,2.1219451646591665
-1.327087998239917,1.6597359761926254,-4.13927199025557,4.243890329318333,-0.3194719523852533,2.1213549474087814
-1.295109328937008,1.6589569770994876,-4.141218423542647,4.242709894817563,-0.3179139541989777,2.121137296411943
-1.2649916446976799,1.6599061026939952,-4.140510528780147,4.242274592823886,-0.3198122053879928,2.121273350500415
-1.2460863172042065,1.6592246152294012,-4.142355028241313,4.24254670100083,-0.31844923045880497,2.120072274003272
-1.221559734048737,1.6602076909009298,-4.14161516655461,4.240144548006544,-0.3204153818018619,2.1197660547242014
-1.2095900162798232,1.6616412841774792,-4.140149857240601,4.239532109448403,-0.323282568354961,2.120159170210947
-1.1960073382128318,1.6625780578442138,-4.139432412435002,4.240318340421894,-0.32515611568843,2.1201635632240623
-1.1767783132162708,1.6634396994516971,-4.138842199816869,4.240327126448125,-0.32687939890339673,2.121178982087024
-1.1555995676549236,1.6634583850924973,-4.139546645073536,4.242357964174048,-0.3269167701849973,2.120698872515955
-1.1265807629557352,1.6640730228132086,-4.139351810660577,4.24139774503191,-0.3281460456264198,2.121100028085019
-1.1033458269484742,1.6646153798751746,-4.139239382412816,4.242200056170038,-0.329230759750352,2.1218924413217035
-1.079917564654124,1.6640156236458814,-4.140909477414266,4.243784882643407,-0.3280312472917656,2.121049512705923
-1.0539730753484742,1.6631972631280791,-4.142928380687268,4.242099025411846,-0.32639452625616083,2.1190536829527375
-1.0297413934149913,1.6637144919874958,-4.14289156164161,4.238107365905475,-0.32742898397499415,2.1200023389291376
-1.015099718408528,1.6640314054954748,-4.143181693324554,4.240004677858275,-0.32806281099095214,2.12016014317334
-0.9961464123915085,1.6645970612622298,-4.14305223283193,4.24032028634668,-0.32919412252446234,2.1215579111164193
-0.9746054281920347,1.6649265995735802,-4.14330639452016,4.243115822232839,-0.329853199147163,2.121224362711497
-0.9526660450466182,1.6646422865154569,-4.144509512168972,4.242448725422994,-0.3292845730309163,2.12099416957343
-0.9303976507325951,1.6649689956769227,-4.14475742769358,4.24198833914686,-0.32993799135384777,2.1207362052269
-0.9181978832486757,1.6657757933248127,-4.144269301738454,4.2414724104538,-0.33155158664962764,2.1207547691584607
-0.904574554646568,1.66674477981701,-4.143511102569228,4.2415095383169215,-0.3334895596340224,2.1210360363268386
-0.894328948498996,1.6670236791037427,-4.143846369015885,4.242072072653677,-0.33404735820748754,2.1210884506491636
-0.8776387288791421,1.6665626596006327,-4.1452430960564595,4.242176901298327,-0.3331253192012675,2.121674771378618
-0.8554574341517527,1.6667969320272775,-4.145637595748318,4.243349542757236,-0.3335938640545574,2.121436974002972
-0.8429208710407754,1.6672863477704325,-4.145609561836419,4.242873948005944,-0.33457269554086716,2.122161010839533
-0.8279577583970261,1.666628249392604,-4.147380651632815,4.244322021679066,-0.3332564987852098,2.121103306862868
-0.8137447135855922,1.6672220571901997,-4.147186836318233,4.242206613725736,-0.33444411438040145,2.1218625116595793
-0.8149303737517899,1.667160623473915,-4.148037776325822,4.243725023319159,-0.3343212469478321,2.1213070643912095
-0.8172736548656179,1.6676754493640669,-4.148010232851625,4.242614128782419,-0.33535089872813595,2.1212314621344213
-0.8266768743792401,1.6670750092497084,-4.149683436467134,4.2424629242688425,-0.33415001849941894,2.1200767199709856
-0.8315986036230099,1.6672125317834856,-4.150215318979152,4.240153439941971,-0.33442506356697344,2.1205330130646654
-0.8447583617255487,1.66731188975523,-4.150815289325531,4.241066026129331,-0.33462377951046196,2.120368245520121
-0.8605181364021361,1.6676932855864783,-4.150971129150672,4.240736491040242,-0.3353865711729588,2.1215768737200733
-0.8745312815548587,1.667525250503774,-4.151955145978261,4.243153747440147,-0.3350505010075504,2.121783943623566
-0.8823102494113471,1.6672109515173799,-4.153183920203625,4.243567887247132,-0.33442190303476194,2.1209170809983804
-0.8933889633499059,1.6670389633887128,-4.1541540004819115,4.241834161996761,-0.3340779267774279,2.120987170748241
-0.9081270628114289,1.6680389116562777,-4.153359841440399,4.241974341496482,-0.33607782331255787,2.122788625833623
-0.9296991795407488,1.668266685912888,-4.15373960904928,4.245577251667246,-0.3365333718257784,2.122765764769933
-0.9456545427242857,1.6695418582936825,-4.152548716965001,4.245531529539866,-0.33908371658736713,2.122258879671118
-0.9619096896820354,1.6693829091535677,-4.15352170632233,4.244517759342236,-0.33876581830713753,2.1231950981455614
-0.968652654645195,1.6698302341269475,-4.153591653364006,4.246390196291123,-0.33966046825389734,2.122978890691718
-0.9817713177692173,1.6704133703395325,-4.153417023185944,4.245957781383436,-0.3408267406790674,2.1239221075853383
-0.9981761307521309,1.6711393084208317,-4.153067034212731,4.247844215170677,-0.34227861684166583,2.123832262767511
-1.013065614561158,1.6706806300966337,-4.154535559522522,4.247664525535022,-0.34136126019326973,2.1229628928712607
-1.0187640937369635,1.6702339851163117,-4.155976585542086,4.245925785742521,-0.34046797023262554,2.1211358395940683
-1.0272809618415581,1.67114964352441,-4.155312535521367,4.2422716791881365,-0.3422992870488219,2.122166280841702
-1.0433015993076373,1.6713644623731763,-4.155737066211606,4.244332561683404,-0.34272892474635464,2.122327472054756
-1.0491144539355162,1.6710188034426234,-4.157037486725167,4.244654944109512,-0.342037606885249,2.1215318592208456
-1.054897656788206,1.6705937559925363,-4.158417474202357,4.243063718441691,-0.3411875119850748,2.1214570339928613
-1.0611933047412405,1.671059960092661,-4.158426551586242,4.242914067985723,-0.3421199201853241,2.1216307206962304
-1.0736899655153391,1.6711478164549347,-4.1590561428702175,4.243261441392461,-0.34229563290987164,2.122148381582212
-1.0795417132268712,1.6717626296507373,-4.158845059312342,4.244296763164424,-0.3435252593014769,2.1220845478632664
-1.0863681397032399,1.670116007636773,-4.162163511888259,4.244169095726533,-0.34023201527354835,2.119205310880721
-1.0840586915817698,1.6706898812824487,-4.161989768089338,4.238410621761442,-0.3413797625648997,2.121600157438311
-1.0954747125506366,1.671577553683755,-4.161401814261635,4.243200314876622,-0.3431551073675122,2.1212314819214195
-1.103314051759578,1.6713971026702157,-4.162432400910219,4.242462963842839,-0.3427942053404335,2.120520471389751
-1.1015889419545166,1.6714017699828265,-4.16315797866138,4.241040942779502,-0.34280353996565527,2.120893296028075
-1.0998282971222553,1.6718757173770815,-4.163184137144359,4.24178659205615,-0.34375143475416514,2.1217583708873673
-1.104290152492856,1.6716339776998899,-4.16432615091143,4.243516741774735,-0.34326795539978183,2.120934433694767
-1.1051610325204213,1.6713891729578765,-4.165463426494857,4.241868867389534,-0.342778345915755,2.1203795705207997
-1.1143593046174232,1.670573156644768,-4.167479787931444,4.2407591410415995,-0.341146313289538,2.1201482345382896
-1.1221345598938415,1.6704994826386044,-4.1683566923458875,4.240296469076579,-0.3409989652772109,2.1204212127704163
-1.1372970032644591,1.6704427625448552,-4.169195474014201,4.240842425540833,-0.3408855250897128,2.120213629549801
-1.1555952592894165,1.6705634393693962,-4.1697735503895155,4.240427259099602,-0.3411268787387947,2.1193631618802273
-1.1782098633882545,1.6710954839225667,-4.169692148550695,4.238726323760455,-0.3421909678451357,2.1205980340861714
-1.1989002750382758,1.6714507700965096,-4.169896582604946,4.241196068172343,-0.34290154019302155,2.1201510022603034
-1.2139254002496926,1.6707154304751286,-4.1717521199868015,4.240302004520607,-0.3414308609502597,2.1216712988704347
-1.2291318241549662,1.6707120794927848,-4.172522486623196,4.243342597740869,-0.3414241589855722,2.121072000395144
-1.2501551258608523,1.6708530527260024,-4.173033468861238,4.242144000790288,-0.34170610545200725,2.1207957688342693
-1.269585727054214,1.6712136488027762,-4.173228239519922,4.241591537668539,-0.3424272976055551,2.1208075386877967
-1.2864219319864838,1.6708776307144708,-4.174481850840929,4.241615077375593,-0.34175526142894413,2.119272653902103
-1.3016008901794027,1.6711365300241134,-4.174829976057971,4.238545307804206,-0.3422730600482295,2.119042512947291
-1.3198102311253481,1.6714705471459577,-4.175083689291437,4.238085025894582,-0.342941094291918,2.1189660111905635
-1.3396720251368959,1.6715534101580074,-4.1756853162920535,4.237932022381127,-0.3431068203160176,2.1190388614627107
-1.3497187626512188,1.6717103486712328,-4.176185030709418,4.238077722925421,-0.34342069734246816,2.1190160544040273
-1.361973603961519,1.671163250460825,-4.177823796740718,4.238032108808055,-0.3423265009216522,2.117249261645552
-1.3760166225311563,1.671060223839821,-4.178727331249842,4.234498523291104,-0.3421204476796443,2.116808060115969
-1.3922941636504196,1.6721597032414668,-4.1777735459259375,4.233616120231938,-0.3443194064829362,2.1172736728373347
-1.411504535600225,1.6728546408103058,-4.177443840330897,4.234547345674669,-0.3457092816206141,2.1170140081363695
-1.4249446342940768,1.672744623435941,-4.1783680036046125,4.234028016272739,-0.34548924687188454,2.1172483565209386
-1.4305356490043968,1.67313280969457,-4.17851749938158,4.234496713041877,-0.3462656193891423,2.116785448937607
-1.4359312633042127,1.6731962233123792,-4.179167160872631,4.233570897875214,-0.3463924466247609,2.1168475402958293
-1.4339009552110693,1.6734444112500717,-4.17952335606196,4.233695080591659,-0.34688882250014574,2.1166081964669994
-1.4308434818798683,1.6730245466648557,-4.180904232840087,4.233216392933999,-0.34604909332971384,2.116912036459765
-1.423752506494127,1.6730941447170324,-4.181527946358293,4.23382407291953,-0.34618828943406726,2.117097165558629
-1.4197968130680625,1.6736950739385257,-4.181322611660976,4.234194331117258,-0.3473901478770537,2.11687532556042
-1.41907262810888,1.6727792822725225,-4.183495997259796,4.23375065112084,-0.3455585645450473,2.115482534824296
-1.41246813804828,1.6736140444633205,-4.1829459241627776,4.230965069648592,-0.3472280889266434,2.1164091771807967
-1.4105565802534619,1.6744008410770561,-4.182457805832094,4.232818354361593,-0.3488016821541148,2.1165040570138847
-1.4033092108156882,1.6748652535703235,-4.182465568274051,4.233008114027769,-0.34973050714064946,2.116690022186034
-1.3911247691175253,1.6745985824623226,-4.1836133211152395,4.233380044372068,-0.34919716492464786,2.1156216647826707
-1.3761325464450604,1.6745801518782104,-4.18440360766223,4.231243329565341,-0.3491603037564232,2.1154978825045108
-1.3611473766913518,1.675035739193645,-4.184398824135529,4.2309957650090215,-0.35007147838729247,2.1161411580683525
-1.3486459587526314,1.6750870886848794,-4.185045066614559,4.232282316136705,-0.3501741773697613,2.1164738174147457
-1.3342939133625826,1.6749055766952112,-4.186050446503394,4.232947634829491,-0.349811153390425,2.116455224385133
-1.3194690491660808,1.6755348722682226,-4.1858349191720885,4.232910448770266,-0.35106974453644774,2.116767293910193
-1.3083618716834815,1.6760308652302083,-4.185805064943139,4.233534587820386,-0.35206173046041894,2.117359688679267
-1.2911051766823372,1.6761903751823866,-4.1863029745239855,4.234719377358534,-0.35238075036477556,2.1172432273170467
-1.270039789903215,1.6762315732416744,-4.187029835508387,4.2344864546340935,-0.3524631464833514,2.1162298949490097
-1.254511967615875,1.6758882919628182,-4.188294045044337,4.232459789898019,-0.35177658392563915,2.116419889321702
-1.241946944776608,1.6759955756307092,-4.188862988852246,4.232839778643404,-0.3519911512614211,2.117014921718069
-1.2320034275902145,1.6752730698441318,-4.190695019476765,4.234029843436138,-0.35054613968826626,2.1160960358020273
-1.221866636199294,1.674477530058741,-4.192659415033088,4.232192071604055,-0.34895506011748434,2.115386368283536
-1.2155615694962876,1.675317552810938,-4.192128638663717,4.230772736567072,-0.35063510562187866,2.1153901355471936
-1.218683801098344,1.6752692384936108,-4.192913585802882,4.230780271094387,-0.3505384769872242,2.115602962854123
-1.2135157647192956,1.6755630166277735,-4.193204769904081,4.231205925708246,-0.35112603325554986,2.1163799995585415
-1.2102330458195252,1.67578584677655,-4.193594244210539,4.232759999117083,-0.351571693553103,2.1159943835275508
-1.2089556995094841,1.6755768612695554,-4.194622868736373,4.2319887670551015,-0.35115372253911364,2.116511072528618
-1.2019398699637405,1.6759495122609043,-4.194786138525855,4.233022145057236,-0.3518990245218114,2.116901896150151
-1.2024330525427636,1.6745158643386067,-4.197746984513481,4.233803792300302,-0.3490317286772162,2.1150191271668426
-1.2012069089524218,1.6739404999940424,-4.199458540757489,4.230038254333685,-0.34788099998808775,2.112763025047226
-1.2110241916702877,1.6736951429310334,-4.200566896589453,4.225526050094452,-0.3473902858620696,2.1123687897739383
-1.22362475953853,1.6740850967785275,-4.200692747192077,4.2247375795478765,-0.34817019355705764,2.112510738939772
-1.2393470299347338,1.6742563602403697,-4.201194981173623,4.225021477879544,-0.348512720480742,2.111645130401618
-1.2552114743686151,1.6743883536290132,-4.201737265862693,4.223290260803236,-0.34877670725802906,2.1115139267493483
-1.2706954052627597,1.6742630006753043,-4.202663397007595,4.223027853498697,-0.3485260013506111,2.1110522248892933
-1.284227862287846,1.6742251692122703,-4.203431808897903,4.222104449778587,-0.3484503384245431,2.111244992045609
-1.3021567290023666,1.6746923294398737,-4.2034552210073235,4.222489984091218,-0.34938465887974995,2.111481017665045
-1.3242595783313549,1.674998155385918,-4.203755753060423,4.22296203533009,-0.34999631077183835,2.1109185298292092
-1.3443026291643778,1.6757765309930523,-4.203279376508312,4.2218370596584185,-0.3515530619861074,2.1109058201003656
-1.3641384731650663,1.676781960426737,-4.202486515384221,4.221811640200731,-0.353563920853477,2.1104398515414164
-1.3783441174081759,1.677110807324237,-4.202705099335752,4.220879703082833,-0.3542216146484766,2.1109091046033575
-1.3852309651394314,1.676999577761739,-4.203645460515197,4.221818209206715,-0.35399915552348094,2.1105725201116967
-1.3855305587422144,1.6765684417715192,-4.205070341787174,4.221145040223393,-0.3531368835430413,2.1091241430006122
-1.3815000189373592,1.676944445518157,-4.2052560432082,4.2182482860012245,-0.353888891036317,2.109256299576471
-1.385859376857164,1.6758742872355892,-4.207648800745323,4.218512599152942,-0.3517485744711813,2.106930899873707
-1.3839229150066905,1.6759777327777365,-4.208280146845756,4.213861799747414,-0.35195546555547624,2.1062168296202968
-1.3907605421889495,1.676851540656719,-4.207687595429968,4.2124336592405935,-0.3537030813134414,2.1061864172266085
-1.3997664285892348,1.6766603818738333,-4.208710394147744,4.212372834453217,-0.35332076374766974,2.1061638050762794
-1.3996125610003474,1.6757324057394025,-4.210887670684453,4.212327610152559,-0.35146481147880815,2.1086888380609725
-1.3999338793026501,1.6763696188720423,-4.2106561872292,4.217377676121945,-0.3527392377440876,2.1101581603566277
-1.4016980440564244,1.676625578549628,-4.211007278857829,4.2203163207132555,-0.35325115709925897,2.109813851354472
-1.3957975763411326,1.6763396674556068,-4.212203119967107,4.219627702708944,-0.3526793349112167,2.1089730795712662
-1.3855018129716314,1.675597080973628,-4.214081022814866,4.2179461591425325,-0.35119416194725933,2.1085130155390734
-1.377040757397027,1.6756223785709574,-4.214787443482749,4.217026031078147,-0.35124475714191816,2.108289932773008
-1.374411509205034,1.676349945563755,-4.214381389462472,4.216579865546016,-0.3526998911275134,2.1089972775096837
-1.3738180734745358,1.675624616490882,-4.216238250153518,4.217994555019367,-0.35124923298176736,2.108434207619129
-1.3645927853391546,1.675784915352417,-4.216747435295581,4.216868415238258,-0.35156983070483727,2.108694183806416
-1.3605018922541516,1.6753507543899784,-4.218182408702211,4.217388367612832,-0.3507015087799603,2.1070388960001147
-1.3563820102177,1.6756973580755046,-4.21841807993225,4.2140777920002295,-0.35139471615101275,2.1063458883304804
-1.3577724114502172,1.6759236391416659,-4.218814375893027,4.212691776660961,-0.35184727828333534,2.105856434714888
-1.3613838882196458,1.6766354471409082,-4.218424602269028,4.211712869429776,-0.3532708942818198,2.1063959396441154
-1.370992276390925,1.677151607212207,-4.218355037045533,4.212791879288231,-0.35430321442441753,2.106472607795054
-1.3779164667014623,1.677717759264633,-4.2182004736631615,4.212945215590108,-0.35543551852926974,2.1075574443437493
-1.381697092281239,1.6778537142381553,-4.2187476310958925,4.2151148886874985,-0.35570742847631415,2.1069049352320763
-1.3792489070765588,1.6780412090892083,-4.219173423912852,4.213809870464153,-0.35608241817842007,2.106689451994336
-1.3782434420181113,1.6784151963369127,-4.219353531221898,4.213378903988672,-0.356830392673829,2.105992203764995
-1.3719447820248925,1.6785956499234913,-4.2197986919287755,4.21198440752999,-0.35719129984698605,2.1057479986113035
-1.3637483990243355,1.6775809152227563,-4.222089288665165,4.211495997222607,-0.35516183044551597,2.1050823362130187
-1.3565892671218536,1.6773147479070936,-4.223229057335643,4.210164672426037,-0.35462949581419057,2.104495060409563
-1.3550061327758995,1.677414337235109,-4.223802709227247,4.208990120819126,-0.3548286744702213,2.104712648072841
-1.3515509151688692,1.6781434253861647,-4.223431424806694,4.209425296145682,-0.3562868507723328,2.1048956189910233
-1.3527248593884846,1.678410745047145,-4.223772937030894,4.209791237982047,-0.35682149009429365,2.10494545174267
-1.3501095345444631,1.6784101356655823,-4.224510161066789,4.20989090348534,-0.35682027133116817,2.105520097293389
-1.3441618163868627,1.6790865028117805,-4.224188272545405,4.211040194586778,-0.3581730056235648,2.1057885985908067
-1.3366183956869975,1.6802357813431608,-4.223144708015261,4.211577197181613,-0.36047156268632513,2.106195935699984
-1.326754252422269,1.6803666688005552,-4.223691134466136,4.212391871399968,-0.3607333376011139,2.106293125326955
-1.3114683221782455,1.6812013128302796,-4.223136193898551,4.21258625065391,-0.36240262566056264,2.1060568800939223
-1.2941265216538125,1.6820388163433764,-4.222575830313131,4.212113760187845,-0.36407763268675597,2.1067152997405367
-1.2730559534315358,1.681788234162149,-4.223684220942682,4.2134305994810735,-0.3635764683243013,2.1057502129486356
-1.2427039179065371,1.682618569092927,-4.223137028966607,4.211500425897271,-0.3652371381858572,2.1057093320970237
-1.2182958913985642,1.6824702115417347,-4.224036659101956,4.211418664194047,-0.36494042308347274,2.106285089485564
-1.1883086769417304,1.682200552888761,-4.22519206724384,4.212570178971128,-0.36440110577752505,2.105676713159763
-1.1628689348245085,1.6824907013743204,-4.225473198692634,4.211353426319526,-0.3649814027486441,2.105132647214871
-1.1432708318609484,1.682707870276337,-4.2258555828950835,4.210265294429742,-0.36541574055267695,2.1057053450654704
-1.1255165894927366,1.6831221222141857,-4.225948833624706,4.211410690130941,-0.36624424442837455,2.1051680657998353
-1.1084006793012326,1.6832668742919323,-4.226446550075925,4.210336131599671,-0.3665337485838679,2.1043315702639127
-1.0900243738006417,1.6831852683264625,-4.227260569770857,4.208663140527825,-0.3663705366529282,2.1063199448022547
-1.0729217522956418,1.6830882244613314,-4.228121649957123,4.212639889604509,-0.366176448922666,2.106278936022863
-1.0576908251024193,1.6837081760794497,-4.2279092171598105,4.212557872045726,-0.3674163521589026,2.1060024077616615
-1.0410434181437718,1.683897550618666,-4.228326259445687,4.212004815523323,-0.36779510123733516,2.1064050242715995
-1.0195847934994395,1.6852648695017056,-4.226936641261479,4.212810048543199,-0.3705297390034143,2.106316651935179
-1.00142128487501,1.6857770603577857,-4.226863478403182,4.212633303870358,-0.3715541207155744,2.107335631388553
-0.9773934904100776,1.6851686746125007,-4.228516473898022,4.214671262777106,-0.37033734922500433,2.1072798234246584
-0.9500774911689116,1.6850926694187067,-4.2293579004846675,4.214559646849317,-0.3701853388374164,2.1066632615076504
-0.927691847810157,1.6854770703425996,-4.229485970986233,4.213326523015301,-0.3709541406852023,2.1067705965818746
-0.9112684154974096,1.6853750012877704,-4.230357854397045,4.213541193163749,-0.370750002575544,2.1062470282251473
-0.8991751324142152,1.685170297579774,-4.231382285587217,4.212494056450295,-0.37034059515955137,2.10530922753576
-0.8888804476034573,1.685099756191978,-4.2322039921554735,4.21061845507152,-0.3701995123839596,2.1050646662153056
-0.8852285419957355,1.685219759729869,-4.232733707911769,4.210129332430611,-0.37043951945974146,2.104757888787828
-0.8877632513429381,1.6853866680134537,-4.233186671760644,4.209515777575656,-0.37077333602691076,2.105221106511924
-0.8896085244174703,1.6855153734436434,-4.233716528355665,4.210442213023848,-0.37103074688729004,2.1044197765297548
-0.8957668126160985,1.6862928031898978,-4.233218919057768,4.2088395530595095,-0.3725856063797988,2.1055714820617473
-0.90307221994314,1.6864463796887714,-4.233703292373506,4.2111429641234945,-0.37289275937754596,2.1057599874815067
-0.9041161415002517,1.6866407042430995,-4.2341119420254545,4.2115199749630134,-0.3732814084862021,2.105318551671708
-0.906543669103006,1.687394582223506,-4.233637513898766,4.210637103343416,-0.37478916444701493,2.1071857522935846
-0.9110685334395545,1.6885165585367954,-4.2326166383853465,4.214371504587169,-0.3770331170735937,2.107424087227499
-0.9150896360458152,1.6879026687806793,-4.2343096416940105,4.214848174454998,-0.37580533756136153,2.106881500909478
-0.9094254645912043,1.688540907774367,-4.23405623464821,4.213763001818956,-0.37708181554873704,2.106472597717947
-0.9096598066679054,1.688445434874837,-4.234929033439588,4.212945195435894,-0.376890869749677,2.1059151859318734
-0.9046422909409286,1.6882574591219865,-4.235948629434758,4.211830371863747,-0.3765149182439759,2.1049712362964668
-0.9033206504733808,1.6887451367037287,-4.235897575755397,4.2099424725929335,-0.37749027340746044,2.1046731186557457
-0.9058091978384817,1.6886745696241792,-4.236723048080672,4.209346237311491,-0.3773491392483612,2.1046483721446094
-0.9128899947465481,1.688720261712739,-4.237362169019491,4.209296744289219,-0.37744052342548084,2.104861901863302
-0.9234050798072575,1.6882750368630852,-4.238765298609837,4.209723803726604,-0.3765500737261734,2.1040782998677785
-0.9299083094734826,1.6884892532143394,-4.23918281847848,4.208156599735557,-0.37697850642868186,2.1039335326181834
-0.9397378899223399,1.688882231193863,-4.239295206717986,4.207867065236367,-0.37776446238772904,2.104976043371651
-0.9508975334087033,1.689809967364782,-4.238569532664643,4.209952086743302,-0.3796199347295671,2.105486804124057
-0.9608951120483677,1.6890680913226541,-4.240408235225558,4.210973608248114,-0.3781361826453116,2.105393855363587
-0.9604600252271709,1.689071337820687,-4.2410861583562705,4.210787710727174,-0.3781426756413773,2.1050719815568595
-0.9646236394180892,1.689106193050752,-4.241759900647189,4.210143963113719,-0.37821238610150737,2.103957794703187
-0.9691659652310176,1.6900379205629086,-4.241046473674158,4.207915589406374,-0.3800758411258204,2.1040513939427923
-0.97641345283574,1.6908363045302524,-4.240534468886881,4.208102787885585,-0.38167260906050793,2.1037716192616447
-0.9785837425422201,1.6917579345804128,-4.239821087331744,4.207543238523289,-0.3835158691608289,2.103438766292554
-0.9806972828617067,1.6917129394015828,-4.2406100577523835,4.206877532585108,-0.38342587880316925,2.103740053296164
-0.9757792300315162,1.6913802142638856,-4.241859517430882,4.207480106592328,-0.38276042852777464,2.1017798981104696
-0.9710308802330263,1.6917988710357508,-4.241962360702899,4.203559796220939,-0.38359774207150477,2.101099967958596
-0.9734896236504218,1.691307407049326,-4.24346118460559,4.202199935917192,-0.38261481409865494,2.0993050375079925
-0.9777662234015168,1.6915096179615436,-4.243874738442805,4.198610075015985,-0.3830192359230904,2.09878550103187
-0.9831246341756321,1.6914489873809933,-4.244655695673585,4.19757100206374,-0.3828979747619898,2.098885308235186
-0.9899852314728985,1.6917251593608729,-4.244940080999928,4.197770616470372,-0.3834503187217489,2.0987605817352706
-0.9972975864228548,1.6923569259586577,-4.244688797476672,4.197521163470541,-0.38471385191731877,2.0989224621806373
-1.0030039665238242,1.6935131611551941,-4.243643781822731,4.1978449243612745,-0.38702632231039147,2.098518034881443
-1.0089327542704454,1.6923482423019156,-4.24613565313487,4.197036069762886,-0.38469648460383454,2.096900157227967
-1.0016438268755805,1.6933484522923763,-4.245289557912484,4.193800314455934,-0.386696904584756,2.0970918772531464
-1.0047172265158721,1.6935946439184801,-4.245602967309156,4.194183754506293,-0.3871892878369638,2.096780779728018
-0.9979884532328609,1.6937684566423705,-4.246000498889513,4.193561559456036,-0.38753691328474454,2.097076726194397
-0.9906958971212969,1.6925325634429726,-4.248621748107286,4.194153452388794,-0.38506512688594874,2.0951098713912124
-0.9806955351929143,1.6920854804537373,-4.250029528093843,4.190219742782425,-0.38417096090747815,2.094413620645025
-0.9828426180224774,1.6916270681138244,-4.251436951136188,4.18882724129005,-0.38325413622765214,2.0930434677563667
-0.983652339683684,1.6921398800355638,-4.251348071950153,4.1860869355127335,-0.38427976007113124,2.0929757996977463
-0.9889151378028527,1.6928349200122175,-4.2509737049412095,4.1859515993954926,-0.38566984002443877,2.0935956531607824
-0.99208308653006,1.6922688578301812,-4.252562271345689,4.187191306321565,-0.3845377156603665,2.0916411536248116
-0.993392215797428,1.6918494542158338,-4.253926330931676,4.183282307249623,-0.38369890843167137,2.0908672281215335
-1.0018363397026513,1.6920935510751725,-4.25426439296214,4.181734456243067,-0.3841871021503486,2.0909157050583618
-1.0189341461566506,1.6923384096038354,-4.254588241943127,4.1818314101167235,-0.3846768192076747,2.0903589348848133
-1.034578723304596,1.691586389779765,-4.256455871490285,4.180717869769627,-0.3831727795595338,2.08853241987856
-1.0448167095561347,1.6922222676688203,-4.256148258081711,4.17706483975712,-0.38444453533764467,2.0890496466777964
-1.0639322566091938,1.6923079197971362,-4.256732483981944,4.178099293355593,-0.38461583959427637,2.088421125863565
-1.0758242110203313,1.6931027438608799,-4.256214952049113,4.17684225172713,-0.3862054877217635,2.0884427180346603
-1.0898900944026981,1.693926555179615,-4.255680488522294,4.176885436069321,-0.38785311035923364,2.088704836247683
-1.099117941884403,1.6942504009626242,-4.255869247809856,4.177409672495366,-0.38850080192525205,2.0899614378986286
-1.1036947559756092,1.6936156057111158,-4.2575380576712085,4.179922875797257,-0.38723121142223493,2.088721963508642
-1.1072602320603897,1.6938925811385146,-4.25778736797774,4.177443927017284,-0.3877851622770324,2.089034078498976
-1.122606193733632,1.6931945445529346,-4.2595706009317285,4.178068156997952,-0.38638908910587266,2.088857674638942
-1.1287711968133078,1.6934159512561808,-4.2599366280238975,4.177715349277884,-0.38683190251236493,2.0883960273247255
-1.145849507574785,1.6940113834768487,-4.259707447649217,4.176792054649451,-0.3880227669537005,2.08931926476359
-1.1637423132196214,1.6932927640558504,-4.261494346955219,4.17863852952718,-0.3865855281117039,2.0896928045079717
-1.1756474771631815,1.693585920478811,-4.261746702340111,4.179385609015943,-0.38717184095762536,2.090197757404483
-1.1875870073388723,1.693743078349338,-4.262229446916216,4.180395514808966,-0.387486156698679,2.090425702726601
-1.1950817830780087,1.6941472292998612,-4.262321740509972,4.180851405453202,-0.3882944585997255,2.0902890373345446
-1.1997560722657612,1.694811581774037,-4.261979322938363,4.180578074669089,-0.38962316354807713,2.0905885151930934
-1.205185085938612,1.6951874637827842,-4.262106151805665,4.181177030386187,-0.3903749275655714,2.089892998443839
-1.2094954199512138,1.694552578102941,-4.263760600333766,4.179785996887678,-0.3891051562058848,2.0900689497956795
-1.206142475762923,1.6955374884828394,-4.262968277574548,4.180137899591359,-0.39107497696568183,2.089537556451347
-1.2072297835188612,1.6952676634713675,-4.26405648606451,4.179075112902694,-0.39053532694273785,2.089794120214007
-1.2002047798511666,1.6950916734572032,-4.265036343605727,4.179588240428014,-0.39018334691440953,2.0899598778012667
-1.1954131878129393,1.694366193789495,-4.266850370165223,4.179919755602533,-0.38873238757899276,2.089715010017471
-1.186244113131584,1.6931949805672153,-4.269379194567377,4.179430020034942,-0.38638996113443347,2.087179514093428
-1.1822317295828704,1.6940450292892641,-4.268807140972635,4.174359028186856,-0.38809005857853124,2.0865618797120984
-1.1885371459112788,1.6939640667753881,-4.269612001522115,4.173123759424197,-0.3879281335507794,2.0866337383891955
-1.1919138175861232,1.6940438456226845,-4.270178980376749,4.173267476778391,-0.38808769124537223,2.087333187477928
-1.2004362828759816,1.6943749954074958,-4.270365469496874,4.174666374955856,-0.38874999081499473,2.0877932665740704
-1.2106406393900118,1.694351754624262,-4.27109175034995,4.175586533148141,-0.38870350924852703,2.0884164042148763
-1.2150890680663502,1.6943732552997033,-4.2717610878396375,4.176832808429753,-0.38874651059940996,2.0891867865748974
-1.2209132808722138,1.695549999487616,-4.270664991832837,4.178373573149795,-0.3910999989752353,2.0898565166658107
-1.226127651740359,1.696075254481673,-4.270565088025094,4.1797130333316215,-0.3921505089633495,2.0895781846322894
-1.2234794833510105,1.6950350159621421,-4.2728773221717935,4.179156369264579,-0.39007003192428763,2.0882126354526207
-1.2170500726220057,1.6950452524736364,-4.273538417633352,4.176425270905241,-0.39009050494727604,2.0880897780598002
-1.2144780306577823,1.6958684441705243,-4.272969591039347,4.1761795561196005,-0.39173688834105186,2.088818042454763
-1.2152820914664653,1.6959530954364486,-4.273533910534653,4.177636084909526,-0.39190619087290024,2.0891892696559062
-1.2103154410421522,1.6958659171961699,-4.274368805216005,4.1783785393118125,-0.3917318343923427,2.088480294202816
-1.2065205834698323,1.6959678451748685,-4.274924544964419,4.176960588405632,-0.39193569034974024,2.0881903154573425
-1.207187686561492,1.6964559291594195,-4.274918001915571,4.176380630914685,-0.3929118583188419,2.0878079055034493
-1.2102299460974182,1.6963285892625737,-4.2757987094935475,4.175615811006899,-0.39265717852515053,2.086703198997052
-1.2062662987046218,1.6954651072849973,-4.277818849804643,4.173406397994104,-0.39093021456999794,2.0857130862857143
-1.206706342490408,1.6953549227383262,-4.278717634789813,4.171426172571429,-0.3907098454766559,2.084809625165183
-1.2115999592081979,1.6955607077247785,-4.279096407243968,4.169619250330366,-0.3911214154495604,2.0852325727011616
-1.216992277846189,1.696512961677362,-4.278337306681902,4.170465145402323,-0.3930259233547275,2.0848913586664723
-1.2198641638730003,1.6964314211814748,-4.279154797097,4.169782717332945,-0.3928628423629531,2.084497505116136
-1.2094422675170433,1.6964390326475192,-4.279845635566329,4.168995010232272,-0.3928780652950419,2.08407703594501
-1.2042909935649102,1.6964743658679462,-4.2804787705184975,4.16815407189002,-0.3929487317358958,2.0841274235739204
-1.1987156394848824,1.6969064829987621,-4.280517551667751,4.168254847147841,-0.39381296599752763,2.083837965472841
-1.1942966439656484,1.6975350117433856,-4.280245184243748,4.167675930945682,-0.39507002348677467,2.083694908037626
-1.1898068855978434,1.6973202117606414,-4.281253986321593,4.167389816075252,-0.39464042352128603,2.0834016862216136
-1.1796994986972913,1.6967389560766963,-4.2828578863462345,4.166803372443227,-0.39347791215339606,2.081930483045628
-1.1697966767448742,1.6959840738352638,-4.28471876262993,4.163860966091256,-0.39196814767053123,2.080717686129619
-1.1692637495530143,1.6966668565492793,-4.284383807867938,4.161435372259238,-0.39333371309856224,2.0802319945546013
-1.1786724213529327,1.696210693560879,-4.285796842381515,4.160463989109203,-0.3924213871217616,2.0790122600756837
-1.1770178149339916,1.695988234852652,-4.286802032589372,4.1580245201513675,-0.39197646970530764,2.0786345551533714
-1.1782454386552375,1.6963244326792042,-4.286980821997486,4.157269110306743,-0.39264886535841204,2.078620378484337
-1.1865830202333836,1.69685299861713,-4.286846879815534,4.157240756968674,-0.39370599723426364,2.0787130025545673
-1.1941896146127902,1.69661910784939,-4.287882076848549,4.1574260051091345,-0.3932382156987836,2.078876315154558
-1.1966660029400256,1.6963233980590315,-4.28904261032137,4.157752630309116,-0.3926467961180666,2.077621856433341
-1.2005896593194936,1.6969649331361136,-4.288751937643235,4.155243712866682,-0.39392986627223053,2.0777736832540974
-1.210899806271089,1.6977980616019952,-4.288160473319504,4.155547366508195,-0.39559612320399384,2.0785624608397617
-1.2176120024430235,1.6977646146911074,-4.288945927036188,4.157124921679523,-0.3955292293822183,2.07793518005665
-1.2134751003788402,1.6982027628353806,-4.288967889806373,4.1558703601133,-0.39640552567076487,2.07767138957367
-1.2101372414725278,1.6980156559479185,-4.289940507052406,4.15534277914734,-0.3960313118958407,2.0775194158662256
-1.203924966437122,1.6982207188957053,-4.290318068680678,4.155038831732451,-0.39644143779141433,2.0773062679071788
-1.205048395448694,1.6984636935791244,-4.290605798254468,4.1546125358143575,-0.3969273871582525,2.0772560558868345
-1.2048675938271445,1.6990085880208126,-4.290472328827874,4.154512111773669,-0.3980171760416287,2.077849532173005
-1.204184615445154,1.6990857488009323,-4.2910659004222484,4.15569906434601,-0.3981714976018681,2.0772898435286127
-1.1995362190468555,1.6997872573310937,-4.290683054933815,4.154579687057225,-0.39957451466219074,2.0775595993606792
-1.1983185068138131,1.7005964525677213,-4.290168057467548,4.1551191987213585,-0.4011929051354459,2.0772043790519685
-1.1968472712702742,1.7004411828288222,-4.291102311268243,4.154408758103937,-0.40088236565764757,2.0766103327357976
-1.1873527353359137,1.7009111318872365,-4.291063446198053,4.153220665471595,-0.4018222637744765,2.0772571770584
-1.1774510600060841,1.7010075903109036,-4.291606978112979,4.1545143541168,-0.40201518062181085,2.0769271346726463
-1.1606352034958314,1.7013736223537277,-4.29172090066512,4.153854269345293,-0.40274724470745893,2.0769987667412013
-1.1476975176138042,1.701177335860613,-4.292706936188367,4.153997533482403,-0.4023546717212296,2.076578191516901
-1.129339108118406,1.700518027498837,-4.294409188051077,4.153156383033802,-0.4010360549976775,2.0758134775808457
-1.1097389673594935,1.7011905035943586,-4.294056935354983,4.151626955161691,-0.402381007188721,2.075986326161718
-1.0983292244161698,1.7013755897841922,-4.294471507170898,4.151972652323436,-0.4027511795683881,2.0767319874714607
-1.0849778637114356,1.7015641450862102,-4.294906066554087,4.153463974942921,-0.40312829017242413,2.0758558844350667
-1.0697918308880343,1.7016997722786664,-4.295376792635671,4.1517117688701335,-0.4033995445573364,2.076197807758254
-1.0524470611738566,1.7018298617190584,-4.295890049945063,4.152395615516508,-0.4036597234381201,2.075752528918154
-1.038088772102466,1.7019818799024484,-4.2963464014426584,4.151505057836308,-0.4039637598049002,2.0754492551384023
-1.0280969905048125,1.7020417841921083,-4.296945786541152,4.150898510276805,-0.4040835683842199,2.0751323014579532
-1.0173621801332242,1.7015051759888402,-4.298495613175462,4.1502646029159065,-0.40301035197768387,2.072850503134803
-1.0074478432984328,1.701395608315247,-4.299317096217882,4.145701006269606,-0.40279121663049755,2.0724852011657653
-1.0006732858411,1.7019404636237176,-4.2991661160989585,4.144970402331531,-0.40388092724743885,2.0721121554469177
-0.9974964084445266,1.7019801240159185,-4.299786840229997,4.1442243108938355,-0.4039602480318404,2.0712610339729856
-0.9918677747869973,1.7022671825505005,-4.300039497718234,4.142522067945971,-0.40453436510100443,2.070752759679227
-0.9899530184534404,1.7026134471877716,-4.300228447220759,4.141505519358454,-0.405226894375547,2.0705260222033717
-0.9875702107565245,1.7020520217718051,-4.301773635103349,4.141052044406743,-0.40410404354361423,2.069940652956731
-0.9853791270914667,1.7022751065650503,-4.302077155193427,4.139881305913462,-0.40455021313010464,2.0704432424577957
-0.9926239457514194,1.7023788229046783,-4.302601647736768,4.140886484915591,-0.4047576458093609,2.0700987013523044
-0.9981759728746038,1.7025252895171696,-4.303042021768817,4.140197402704609,-0.4050505790343435,2.0700206380995994
-1.0062159438945524,1.7024822614119817,-4.303774559810927,4.140041276199199,-0.4049645228239675,2.0703922441861926
-1.0139402634851393,1.7018927859936184,-4.305388438098733,4.140784488372385,-0.40378557198724074,2.0699252555228043
-1.0226632645562108,1.702414339897129,-4.305271865018681,4.1398505110456085,-0.40482867979426207,2.070258497916712
-1.0362883751422625,1.7019522490173893,-4.306650456554068,4.140516995833424,-0.4039044980347828,2.069933041581636
-1.0419997139020678,1.701462862871202,-4.308047893549201,4.139866083163272,-0.40292572574240815,2.069545637862472
-1.0535581524358841,1.7019920835664522,-4.307920318987901,4.139091275724944,-0.4039841671329082,2.070325839906633
-1.070978763552009,1.7024702830819711,-4.307867592964228,4.140651679813266,-0.4049405661639463,2.071057962785297
-1.0865322233955856,1.7022381379282803,-4.308909076655541,4.142115925570594,-0.40447627585656437,2.070993795711057
-1.0984670484528656,1.7024283644845326,-4.30934677407604,4.141987591422114,-0.4048567289690692,2.069871018456767
-1.1131032447478493,1.7024896769213322,-4.309950139962633,4.139742036913534,-0.4049793538426685,2.0694872041837877
-1.1271151772352668,1.7024976483969045,-4.310605823114791,4.1389744083675755,-0.40499529679381296,2.0696685216767956
-1.140815648280249,1.7024118616582857,-4.3114633663104165,4.139337043353591,-0.4048237233165755,2.069040519215403
-1.1514319457105717,1.7025361086246287,-4.311962283880309,4.138081038430806,-0.40507221724926123,2.0700409701654015
-1.1621713339788453,1.7028467765521977,-4.312159248319211,4.140081940330803,-0.4056935531043992,2.0699445850002975
-1.1753112371167829,1.7032770406450821,-4.312155692511105,4.139889170000595,-0.40655408129016796,2.0699634907541657
-1.1869671271448845,1.703423042511909,-4.312606310955771,4.1399269815083315,-0.4068460850238217,2.07040197881796
-1.1966494579073133,1.7032324727387966,-4.313600214126154,4.14080395763592,-0.40646494547759676,2.069380627270564
-1.2060271976015358,1.7032840818176191,-4.314201145047446,4.138761254541128,-0.4065681636352417,2.068824491202335
-1.2138306103687877,1.7030236933553193,-4.315302016188542,4.13764898240467,-0.40604738671064206,2.0680248408986004
-1.2211529917488768,1.7034323398207218,-4.315317482643302,4.136049681797201,-0.40686467964144685,2.0682046717950593
-1.2314538547343452,1.7033889125962696,-4.316046403522264,4.136409343590119,-0.4067778251925422,2.0671938988798777
-1.2386242409203208,1.7026385001111077,-4.317867655515281,4.134387797759755,-0.40527700022221874,2.0661579658148552
-1.2434296528001711,1.703422806842051,-4.317378663591228,4.1323159316297104,-0.4068456136841053,2.065597586917104
-1.252201481694145,1.7034194743216604,-4.318079277279104,4.131195173834208,-0.40683894864332437,2.064375111859283
-1.256834274554913,1.7033234682850484,-4.318915597102436,4.128750223718566,-0.40664693657010065,2.0652805868416895
-1.258509910291048,1.7026607232845061,-4.320586397934538,4.130561173683379,-0.4053214465690162,2.0654826033357256
-1.2563854565528572,1.7024612360679605,-4.321580931816953,4.130965206671451,-0.4049224721359252,2.0645010183220553
-1.2607899794617001,1.7033344627721603,-4.32096694927009,4.129002036644111,-0.4066689255443246,2.0639266864173504
-1.2709366860519475,1.7036174648719848,-4.321184543448689,4.127853372834701,-0.40723492974397396,2.0641983217515465
-1.2730865856153262,1.7037835116000473,-4.321613208563799,4.128396643503093,-0.4075670232000987,2.0636817661895988
-1.2739597971601455,1.7038384679248297,-4.322216881837773,4.1273635323791975,-0.40767693584966364,2.0638485666666635
-1.2735859084942156,1.7035012530652276,-4.323401791161246,4.127697133333327,-0.40700250613045946,2.063833922020007
-1.2716122465791644,1.7038177569700133,-4.323568687114343,4.127667844040014,-0.40763551394003084,2.064990528940544
-1.272153123978665,1.7044770314181479,-4.32326328381441,4.129981057881088,-0.4089540628363,2.0656095249264785
-1.2721685078080607,1.703250898895515,-4.3258470965893165,4.131219049852957,-0.40650179779103446,2.0630848355746534
-1.2651018918359873,1.7026184439052987,-4.327460908550795,4.126169671149307,-0.4052368878106019,2.0623169967688195
-1.2670239790421944,1.7031807892895556,-4.327254134481775,4.124633993537639,-0.4063615785791159,2.0632081677113585
-1.2754512224848056,1.7036027698962495,-4.327293234058807,4.126416335422717,-0.40720553979250373,2.0629114067993037
-1.2793287371973423,1.7041313417913864,-4.327176281194316,4.1258228135986075,-0.40826268358277773,2.0625710641473813
-1.28130517668489,1.7047780209103944,-4.3268501487570745,4.125142128294763,-0.4095560418207939,2.062557870122663
-1.279310063674803,1.7045470255361508,-4.327896929400407,4.125115740245326,-0.40909405107230684,2.0620447507777504
-1.2735010171765961,1.7034523073176338,-4.330200629070389,4.124089501555501,-0.40690461463527255,2.060859073846763
-1.266339931570176,1.7040687138823125,-4.329936809308385,4.121718147693526,-0.4081374277646302,2.060711559826951
-1.2647739040797852,1.7039116675990094,-4.330868813544061,4.121423119653902,-0.40782333519802383,2.062085986665003
-1.2622134484551362,1.7038193416739835,-4.33169958423646,4.124171973330006,-0.4076386833479724,2.061359032048743
-1.2605259878195891,1.7036522447862108,-4.332618745900918,4.122718064097486,-0.407304489572427,2.06059825127813
-1.2586342924972826,1.70365531511551,-4.33326286955977,4.12119650255626,-0.4073106302310253,2.062408434482852
-1.2549113765038125,1.7030539616339693,-4.334802445857554,4.124816868965704,-0.4061079232679439,2.0630484552603283
-1.2486757288547525,1.7031080515854007,-4.335377318696752,4.126096910520657,-0.4062161031708069,2.063132541991403
-1.2518620857994907,1.702617628547192,-4.3368230511695804,4.126265083982806,-0.4052352570943893,2.062739639417025
-1.2548902352893103,1.7022137549838512,-4.338152830134973,4.12547927883405,-0.4044275099677079,2.0616408577813736
-1.261347088283289,1.701918964563995,-4.3392576309555375,4.123281715562747,-0.40383792912799527,2.0611282970176497
-1.2704095391150259,1.7019246078700565,-4.339955815329381,4.122256594035299,-0.4038492157401186,2.0604875563479124
-1.2800335262433795,1.701138014697307,-4.341855035071442,4.120975112695825,-0.4022760293946193,2.0592688687348417
-1.2893251409105737,1.70107613743315,-4.34264040043957,4.118537737469683,-0.40215227486630545,2.0603013148618095
-1.307750781182523,1.7012209138859486,-4.343064491987672,4.120602629723619,-0.40244182777190257,2.0616059164597638
-1.3216247095569158,1.7009874868159092,-4.34405129026571,4.1232118329195275,-0.4019749736318234,2.0626188888498325
-1.330772805484195,1.7005087004641932,-4.345440804758012,4.125237777699665,-0.4010174009283916,2.062210825996248
-1.343395587902699,1.701594628688242,-4.344473189820437,4.124421651992496,-0.40318925737648903,2.0626759642975756
-1.364413610250228,1.7014349721874573,-4.3454041565346735,4.125351928595151,-0.40286994437491985,2.0627025722240315
-1.3785298063091025,1.7018203710526483,-4.345472938308917,4.125405144448063,-0.40364074210530165,2.063496250507263
-1.398324695280572,1.7025894557975938,-4.344982068629783,4.126992501014526,-0.4051789115951926,2.0638172263156536
-1.4156817751071333,1.7018328911152871,-4.346775832820192,4.127634452631307,-0.40366578223057925,2.063706914402993
-1.4195939069235886,1.7016631590234912,-4.347743419555733,4.127413828805986,-0.40332631804698754,2.0635518481835806
-1.4315715866231224,1.701282570866284,-4.349016255689751,4.127103696367161,-0.4025651417325729,2.0628148233700165
-1.442758970159388,1.7015982804119125,-4.3492142307441215,4.125629646740033,-0.40319656082383004,2.0625775303949134
-1.4567373313392307,1.7010162577987644,-4.350769279469182,4.125155060789827,-0.40203251559753367,2.0618638388851718
-1.465530676420971,1.700790184932621,-4.351818861748558,4.1237276777703435,-0.4015803698652468,2.061058215042388
-1.4775445224246653,1.7010304388004522,-4.35211290367184,4.122116430084776,-0.4020608776009092,2.061023051345172
-1.4885365922717133,1.7011731318026433,-4.3525541089850535,4.122046102690344,-0.40234626360529124,2.0623162461625255
-1.4977537949510262,1.700315885675329,-4.354570096513223,4.124632492325051,-0.4006317713506628,2.060780563293801
-1.5006929073565534,1.6995656216535286,-4.356454864780415,4.121561126587602,-0.3991312433070617,2.058528930329524
-1.5053140655430077,1.7001358987158715,-4.356264870079804,4.117057860659048,-0.4002717974317471,2.058057225675629
-1.514844432155734,1.6999063182442173,-4.357320474632664,4.116114451351258,-0.39981263648843907,2.057189101631295
-1.5186167625004492,1.7003870535055114,-4.357289293918688,4.11437820326259,-0.4007741070110273,2.057009764655399
-1.5210390560327296,1.700442855834704,-4.357865081115711,4.114019529310798,-0.4008857116694123,2.0580101466296536
-1.5189030406269026,1.7010134159127317,-4.357688280153925,4.116020293259307,-0.40202683182546767,2.0577753375979477
-1.5179785416635525,1.701280914896756,-4.357964649305203,4.1155506751958955,-0.40256182979351623,2.0578023996772634
-1.5114527653404837,1.7017528430620477,-4.357918724489215,4.115604799354527,-0.4035056861240995,2.057683563542448
-1.5012243200509312,1.7014505334285495,-4.3590100281053,4.115367127084896,-0.40290106685710303,2.0587852648398597
-1.4927523566170136,1.70104940683494,-4.360303979905249,4.117570529679719,-0.40209881366988426,2.0584856225223143
-1.4843287382416035,1.7010662451867937,-4.3609665477084905,4.1169712450446285,-0.40213249037359194,2.057888627577171
-1.4807239587272036,1.7014924892535546,-4.360991970142694,4.115777255154342,-0.40298497850711357,2.058270976767495
-1.4823031279619285,1.7011121629770214,-4.362221004519845,4.11654195353499,-0.4022243259540474,2.057083086283029
-1.4758179017090374,1.7007268099735031,-4.3634653050434755,4.114166172566058,-0.4014536199470109,2.0583405011980442
-1.4701655555703077,1.7002422927421073,-4.364920327910144,4.1166810023960885,-0.4004845854842193,2.057960895042978
-1.4641090583481668,1.6999859211360469,-4.3659884560808795,4.115921790085956,-0.39997184227209837,2.057271735024892
-1.4626362360913698,1.7004489695905713,-4.365974578767129,4.114543470049784,-0.4008979391811474,2.057134379788995
-1.4614293607081867,1.6996098331925205,-4.367918216799739,4.11426875957799,-0.3992196663850454,2.0564865762080453
-1.453319799477415,1.6991262139899836,-4.3693517293104,4.112973152416091,-0.39825242797997196,2.055289563756998
-1.4513024954813911,1.6989097209708177,-4.3703788794142415,4.110579127513996,-0.3978194419416403,2.0549540689665773
-1.4531357514696248,1.6993417506544282,-4.370387601272136,4.109908137933155,-0.39868350130886143,2.054856779956008
-1.4538335136776883,1.6986882441890514,-4.372083195845925,4.109713559912016,-0.3973764883781079,2.053369497356826
-1.4460002618268102,1.6985191211463622,-4.373010700519767,4.106738994713652,-0.39703824229272955,2.053277830463506
-1.445809688161245,1.6974592756125466,-4.375324748311995,4.106555660927012,-0.39491855122509856,2.0516402312716107
-1.4432193746147481,1.6976076834224332,-4.375809223916143,4.103280462543221,-0.3952153668448718,2.0518936299016075
-1.4513280218941444,1.6973319905941464,-4.376898853863047,4.103787259803215,-0.3946639811882982,2.0517099860600414
-1.4581416237779354,1.696951801096634,-4.378169768050596,4.103419972120083,-0.3939036021932735,2.051342687210781
-1.4694039877899607,1.6971782943306972,-4.378477626437253,4.102685374421562,-0.3943565886614001,2.052666342756545
-1.4857225942059267,1.6970617967154824,-4.37935031903372,4.10533268551309,-0.3941235934309704,2.0519324867020114
-1.5027035583455062,1.6961086487975365,-4.381484762535927,4.103864973404023,-0.3922172975950789,2.0517680550381456
-1.5167838316706659,1.6964258433924841,-4.38167312820232,4.103536110076291,-0.3928516867849742,2.051934316536989
-1.5365829613338766,1.6975757844174466,-4.380603966776565,4.103868633073978,-0.3951515688348993,2.0523524372351565
-1.5568556224670265,1.6982471364354494,-4.380269984636226,4.104704874470313,-0.3964942728709051,2.053004151488358
-1.5710118558189268,1.6983844382116653,-4.380747681756003,4.106008302976716,-0.3967688764233368,2.0542077255810822
-1.5779604613692753,1.6986777650831706,-4.380969623733781,4.1084154511621644,-0.3973555301663476,2.054411509925977
-1.5824707477372955,1.6982376086599937,-4.382340601245919,4.108823019851954,-0.39647521731999386,2.0533598441563066
-1.5808832916912867,1.6976235273136984,-4.383964208026144,4.106719688312613,-0.39524705462740295,2.053242709233727
-1.5794645007099977,1.6976397929400735,-4.384607802969727,4.106485418467454,-0.3952795858801532,2.053037716309746
-1.584919570646802,1.697491267027501,-4.385515806515157,4.106075432619492,-0.39498253405500855,2.05339144073976
-1.585605345470893,1.6966549904742834,-4.387488137583196,4.10678288147952,-0.3933099809485733,2.051868921284622
-1.5826039254618607,1.6966991434944325,-4.388091636732792,4.103737842569244,-0.3933982869888717,2.0523534157840566
-1.584400243196359,1.6969607517435326,-4.388370950235849,4.104706831568113,-0.39392150348707167,2.053568268193931
-1.5885927298693354,1.6973304162123872,-4.388486588710335,4.107136536387862,-0.39466083242478084,2.054725341970483
-1.5881908679158174,1.6974711334590091,-4.3889660506415105,4.109450683940966,-0.3949422669180245,2.054795662004559
-1.5839876695338884,1.6976118149731778,-4.389426722295531,4.109591324009118,-0.395223629946362,2.0558660180130786
-1.5738007673582155,1.696810841295893,-4.391371268936367,4.111732036026157,-0.39362168259179275,2.053983970090509
-1.5609041201075642,1.6964218228203,-4.392660534990357,4.107967940181018,-0.3928436456406065,2.0534528525199294
-1.5512073882438768,1.6966686025659572,-4.392960074865748,4.106905705039859,-0.3933372051319209,2.0543376147232935
-1.5429398473624403,1.6960491591069462,-4.394582498978778,4.108675229446587,-0.392098318213899,2.0554273400868914
-1.532193548013233,1.6959592090693598,-4.395401519183543,4.110854680173783,-0.39191841813872613,2.05574564868978
-1.5250430265025154,1.6961227770223537,-4.395875950076548,4.11149129737956,-0.3922455540447139,2.0554389068014505
-1.514459040214688,1.696285406203869,-4.396314961042638,4.110877813602901,-0.39257081240774455,2.055569916306257
-1.5047578356591096,1.6962202286322994,-4.397134350391672,4.111139832612514,-0.3924404572646053,2.0550122530093367
-1.5008168175235106,1.6960859070044139,-4.398023233261944,4.110024506018673,-0.3921718140088342,2.0539807457926127
-1.5010245547466097,1.695989212033918,-4.398853474447757,4.107961491585225,-0.39197842406784245,2.05470819166226
-1.502925944912937,1.6961965932173175,-4.399184773740265,4.10941638332452,-0.39239318643464144,2.055467126481305
-1.5079069492257142,1.6956493876539391,-4.400709608487855,4.11093425296261,-0.39129877530788465,2.0538945577876606
-1.5079151241971505,1.6949798751101313,-4.40243580311652,4.107789115575321,-0.38995975022026885,2.052668360568305
-1.507494185029457,1.6951316897894255,-4.402894117225151,4.10533672113661,-0.3902633795788576,2.052654413604987
-1.5126416069311306,1.6954340337847849,-4.4031602833806875,4.105308827209974,-0.39086806756957626,2.052571905601232
-1.5168049003868727,1.6957719244669427,-4.403318571551456,4.105143811202464,-0.391543848933892,2.0526098263514534
-1.5157584733944738,1.6958173769311684,-4.403925685743987,4.105219652702907,-0.3916347538623436,2.053138896665428
-1.5125607461343393,1.696446467162838,-4.403673734280066,4.106277793330856,-0.3928929343256831,2.053364526886436
-1.5121452142086804,1.6953505718963766,-4.406041697538551,4.106729053772872,-0.39070114379276005,2.0529847648229937
-1.506052223982036,1.6947094955706639,-4.407702323467641,4.1059695296459875,-0.3894189911413347,2.0518414749857072
-1.507079925809827,1.6952221101403555,-4.4076253738478375,4.1036829499714145,-0.3904442202807181,2.0520286510776367
-1.5150184652069347,1.69624133446009,-4.406763567691069,4.104057302155273,-0.3924826689201869,2.052433390203037
-1.5178271546854805,1.6958475530347272,-4.408010186287568,4.104866780406074,-0.3916951060694613,2.0538337190215366
-1.5091849928041219,1.6941083303346547,-4.411408059886317,4.107667438043073,-0.3882166606693161,2.049335861541962
-1.5003787540504794,1.6947655514243818,-4.411066071117344,4.098671723083924,-0.3895311028487703,2.051147264637867
-1.502386981258418,1.6939531995945771,-4.412970136751558,4.102294529275734,-0.38790639918916087,2.0513851576235704
-1.4966100148173442,1.6935536415833148,-4.4142976072953415,4.102770315247141,-0.387107283166636,2.049870969248885
-1.4965592725703072,1.6932268778922617,-4.4154865719616065,4.09974193849777,-0.38645375578452973,2.0495360402004956
-1.499591002680297,1.692490912109368,-4.4173114684439225,4.099072080400991,-0.38498182421874244,2.0491373239673214
-1.5028994573035854,1.6923845944729465,-4.418129621099574,4.098274647934643,-0.3847691889458994,2.049431074446229
-1.5106798162312525,1.692768357989535,-4.4182204159505725,4.098862148892458,-0.3855367159790761,2.050407945313818
-1.5197568677184279,1.6925121324396628,-4.419357579286455,4.100815890627636,-0.3850242648793316,2.0497618479576434
-1.5261894230370778,1.692825030579121,-4.419551043615341,4.099523695915287,-0.38565006115824807,2.0524876836283688
-1.5327604530497712,1.693191399263332,-4.41968423186196,4.1049753672567375,-0.38638279852667023,2.0530519960578903
-1.5345404667892852,1.692756159522329,-4.421030662134566,4.106103992115781,-0.3855123190446643,2.0530467538344923
-1.5330886126730965,1.6929229643488972,-4.421485703752328,4.106093507668985,-0.3858459286978009,2.0528738296030715
-1.5368555717459023,1.6921266969638724,-4.42339779956112,4.105747659206143,-0.38425339392775126,2.0512793630933674
-1.5391438777356852,1.6920680629036287,-4.424186026998739,4.102558726186735,-0.3841361258072636,2.051046906826402
-1.547280371879559,1.690971658653949,-4.426559915586572,4.102093813652804,-0.3819433173079041,2.049444570087368
-1.5566353121370304,1.69090326001376,-4.42734173544666,4.098889140174736,-0.381806520027526,2.0507915145564324
-1.5685669745925774,1.6906452242057082,-4.428420377406206,4.101583029112865,-0.38129044841142246,2.0509727103477027
-1.5771948539028804,1.6905389486691702,-4.429268508006541,4.101945420695405,-0.38107789733834657,2.0507045552534438
-1.5902577937807747,1.6903525946961533,-4.430232174823035,4.1014091105068875,-0.3807051893923125,2.0510261800553358
-1.6098127460608405,1.6907591704900056,-4.430293678014169,4.1020523601106715,-0.3815183409800173,2.0517314531874886
-1.6297709168220735,1.6903363156381979,-4.4316839737372575,4.103462906374977,-0.3806726312764019,2.0508129793993994
-1.637479268893725,1.6910939032016181,-4.431193977932875,4.101625958798799,-0.38218780640324224,2.051851726809508
-1.6538542460164365,1.6901310435806447,-4.433354373101849,4.103703453619016,-0.38026208716129517,2.05122141229597
-1.6572932850270412,1.6902710579958902,-4.433853643530698,4.10244282459194,-0.3805421159917863,2.050994442720136
-1.6656878665386783,1.6896277506684352,-4.4355192377794985,4.101988885440272,-0.3792555013368762,2.0500863692455193
-1.6693902502317113,1.6886449720522334,-4.437735337931164,4.100172738491039,-0.3772899441044724,2.0488805757151307
-1.671398701671582,1.689094018396168,-4.4377464773777975,4.097761151430261,-0.37818803679234175,2.0504970777298217
-1.6807526335703065,1.688899116837056,-4.438756130072689,4.100994155459643,-0.3777982336741176,2.0500417197224903
-1.6877451593588022,1.689348191253574,-4.438738798665329,4.1000834394449805,-0.3786963825071536,2.051385926162333
-1.6957477506635268,1.6882983718077111,-4.441035658284033,4.102771852324666,-0.3765967436154282,2.0508214297173173
-1.698804442781066,1.686536350314211,-4.444422957050669,4.101642859434635,-0.37307270062842807,2.0470316185944535
-1.7066564288254433,1.6859829061074976,-4.44596845367486,4.094063237188907,-0.3719658122150012,2.0463094368381767
-1.7228642057215504,1.6865945114121508,-4.4457164934075495,4.092618873676353,-0.37318902282430744,2.047613833434802
-1.74533211505817,1.6863623006734099,-4.44673985165499,4.095227666869604,-0.3727246013468258,2.0490134696383806
-1.757960864933045,1.6870582738963853,-4.446382668193989,4.098026939276761,-0.3741165477927766,2.0495395202924023
-1.7733427964170208,1.6875765620234864,-4.4462897087698225,4.0990790405848045,-0.37515312404697876,2.050937499869788
-1.7786009707053516,1.6876781088895654,-4.446857871292538,4.101874999739576,-0.3753562177791369,2.050795558123585
-1.7790015851585745,1.687896245418674,-4.44718158402675,4.10159111624717,-0.375792490837354,2.0515540643309174
-1.7774119225860616,1.6876081517267523,-4.448324638492463,4.103108128661835,-0.3752163034535106,2.050600000324614
-1.7722935090501908,1.688358903112913,-4.447854504772575,4.101200000649228,-0.376717806225832,2.0529925930400412
-1.7699017322643216,1.6881595714118276,-4.44885089677758,4.1059851860800824,-0.37631914282366125,2.0533195658042196
-1.7625977743488903,1.6878768918202172,-4.449997399657174,4.106639131608439,-0.37575378364044043,2.0541018243765556
-1.7536450258753131,1.6878839577362508,-4.450682928941686,4.108203648753111,-0.37576791547250743,2.0539876092944547
-1.751064959577464,1.6884578784998194,-4.450501423321191,4.107975218588909,-0.37691575699964464,2.054631742202878
-1.7450824113022785,1.6876498676714657,-4.452425371647351,4.109263484405756,-0.37529973534293715,2.0556161299880884
-1.7329154170288597,1.688362138650131,-4.452028526936368,4.111232259976177,-0.3767242773002678,2.0567023562561175
-1.725167209424903,1.6875303792625491,-4.454032395532305,4.113404712512235,-0.37506075852510384,2.055636011191608
-1.7045875773862402,1.687214614147553,-4.455245143245508,4.111272022383216,-0.3744292282951119,2.0558610787103944
-1.691714230284659,1.6869320515348658,-4.456435329739491,4.111722157420789,-0.37386410306973755,2.054604160868368
-1.6794741518822471,1.6875764660029435,-4.456149749352594,4.109208321736736,-0.375152932005893,2.055451562959683
-1.6735879394334852,1.6872682565559405,-4.4572888482919515,4.110903125919366,-0.374536513111887,2.0560820524808046
-1.656822763888158,1.6870081214852548,-4.458377678530886,4.112164104961609,-0.37401624297051583,2.0560779704111307
-1.6340404080337758,1.685560379554236,-4.461295529609044,4.112155940822261,-0.3711207591084783,2.0545558218052724
-1.6070353710548995,1.6852942342685253,-4.462378646404513,4.109111643610545,-0.370588468537057,2.055040181245241
-1.5932611624704593,1.6848103080365282,-4.463854778050646,4.110080362490482,-0.36962061607306296,2.054548714156785
-1.5794190096515957,1.6854160460563494,-4.463616070920103,4.10909742831357,-0.3708320921127054,2.0551056737182463
-1.5751390256441176,1.6858896522977014,-4.463619437748935,4.1102113474364925,-0.3717793045954092,2.0551859206946395
-1.5704793973562499,1.685655838427985,-4.464671428454905,4.110371841389279,-0.37131167685597616,2.0556357264975746
-1.5625322003612205,1.684752219376483,-4.466800662564509,4.111271452995149,-0.36950443875297245,2.0548625042133737
-1.5557029033216523,1.6840068554663707,-4.468615381126754,4.109725008426747,-0.3680137109327479,2.0564264833507795
-1.5526913333269459,1.68317281648949,-4.470596805569167,4.112852966701559,-0.3663456329789864,2.05562765107204
-1.5578312870623776,1.6837603157392862,-4.470421689322249,4.11125530214408,-0.36752063147857905,2.0566120943522668
-1.5700619176114183,1.6833649795851486,-4.471767710739299,4.1132241887045335,-0.366729959170304,2.0560586609046223
-1.5756763046471938,1.681884118139094,-4.4747275604498045,4.112117321809245,-0.36376823627819455,2.0546789760411217
-1.5810790240557138,1.6816299408127666,-4.4758390196969415,4.109357952082243,-0.3632598816255396,2.0549021077809
-1.5998858516531769,1.6807271682333602,-4.477963899630128,4.1098042155618,-0.361454336466727,2.0530304364809524
-1.6149690309181222,1.6802715151874272,-4.479356144526272,4.106060872961905,-0.3605430303748611,2.0539268763794367
-1.6400120009243908,1.681214250613147,-4.47863307807643,4.107853752758873,-0.36242850122630094,2.0540316855008753
-1.6672632505353242,1.681111837240953,-4.479497342168402,4.108063371001751,-0.3622236744819128,2.0544977104301845
-1.6849727345088419,1.6808265631088701,-4.480628883728275,4.108995420860369,-0.36165312621774703,2.054281563197687
-1.7014866125163302,1.6810000420069835,-4.481074649515037,4.108563126395374,-0.3620000840139736,2.055237062511921
-1.72437259106347,1.6804218569147116,-4.482634381198285,4.110474125023842,-0.3608437138294299,2.0553161257258052
-1.7429601211810946,1.6805635540583355,-4.483120735700531,4.1106322514516105,-0.36112710811667786,2.055854542544702
-1.7648051849860256,1.6802151166212822,-4.4843843669061805,4.111709085089404,-0.3604302332425713,2.05594576766297
-1.7778275558377379,1.6792573557341925,-4.486579161347536,4.11189153532594,-0.3585147114683919,2.0559185878028674
-1.7893967320470359,1.6790303167953102,-4.487640243453433,4.111837175605735,-0.35806063359062745,2.0559986566824717
-1.8045970719071294,1.6789106419465367,-4.488565347363386,4.1119973133649435,-0.3578212838930805,2.0555783006381088
-1.8242684675393033,1.6797962627346719,-4.487938086107159,4.1111566012762175,-0.35959252546935083,2.0560583342297276
-1.849351491121907,1.6794359089625708,-4.489192089843317,4.112116668459455,-0.35887181792514866,2.056305313867134
-1.8642765475499745,1.6794777247939623,-4.489833732766292,4.112610627734268,-0.3589554495879317,2.0565480439457393
-1.8770376873351315,1.6791060123351655,-4.491134433229147,4.113096087891479,-0.3582120246703383,2.05613456747718
-1.8841340450220754,1.6792935128845545,-4.4915782941421805,4.11226913495436,-0.3585870257691161,2.057376312347458
-1.8897066134742007,1.680025929496332,-4.491164463153008,4.114752624694916,-0.3600518589926713,2.058536184200781
-1.898293939396158,1.6809120887360114,-4.490519278301741,4.117072368401562,-0.3618241774720303,2.0598674970873496
-1.9002020187185655,1.6803530955784058,-4.492080906151509,4.119734994174699,-0.360706191156819,2.0602206166327237
-1.8855036443251718,1.6814531447560537,-4.491117059900159,4.120441233265447,-0.36290628951211473,2.06042574881372
-1.875713173259319,1.6817965047187529,-4.491324960834221,4.12085149762744,-0.363593009437513,2.060764864897842
-1.8520900675512784,1.682171679487297,-4.4914810276145785,4.121529729795684,-0.36434335897460135,2.0609787130125787
-1.8237936117385631,1.682874245410002,-4.491150920139182,4.1219574260251575,-0.36574849082001154,2.0619383784437817
-1.7995033466635344,1.683165212430796,-4.491393202698633,4.123876756887563,-0.36633042486159956,2.0629202327150247
-1.7693322668607134,1.6825240069230785,-4.493042266108737,4.125840465430049,-0.3650480138461643,2.0624693485710877
-1.7336165791375504,1.682850686953297,-4.4932681510604295,4.124938697142175,-0.3657013739066014,2.0630443514923953
-1.7042879779883338,1.681620562408286,-4.495897670857314,4.126088702984791,-0.36324112481657944,2.0620772281738384
-1.6664835802756963,1.6819539841173798,-4.496123647435181,4.124154456347677,-0.36390796823476707,2.063302067898776
-1.6392431375620191,1.6809493294959017,-4.498350159997579,4.126604135797552,-0.36189865899181073,2.0630403986906405
-1.605469200727729,1.6807639077755228,-4.499358139684625,4.126080797381281,-0.361527815551053,2.0627257253149125
-1.5743684863106395,1.6808407025428822,-4.499935792694553,4.125451450629825,-0.36168140508577173,2.0630534839993833
-1.544300295798636,1.6809576092787624,-4.500473113819185,4.1261069679987665,-0.36191521855753195,2.0637777835078257
-1.5139668975137162,1.6806918473186003,-4.501619568356125,4.127555567015651,-0.36138369463720765,2.0647922217763552
-1.4879158142160955,1.6809379131160362,-4.501968876889847,4.1295844435527105,-0.36187582623207953,2.064780330940929
-1.4636034968501557,1.6815753528934687,-4.501728803002885,4.129560661881858,-0.36315070578694447,2.065576165085086
-1.4401760915406152,1.681473460606721,-4.502603063010159,4.131152330170172,-0.3629469212134492,2.0660095434901704
-1.4106587842385325,1.6804803971574496,-4.504824129426899,4.132019086980341,-0.3609607943149062,2.064723316811243
-1.381518028566063,1.6803868064758636,-4.505686439556008,4.129446633622486,-0.3607736129517341,2.066011823155463
-1.3644000342597575,1.6797526127452658,-4.507412571405099,4.132023646310926,-0.35950522549053865,2.0648699077253916
-1.3526383718234012,1.6800698319541207,-4.507677094679075,4.129739815450783,-0.3601396639082488,2.0651137744333954
-1.3449203557880316,1.6804852221113236,-4.507759132696206,4.130227548866791,-0.3609704442226544,2.066351273817602
-1.3436191174565466,1.6807144406501684,-4.508129515216009,4.132702547635204,-0.361428881300344,2.066889506258685
-1.34273875709899,1.6810131623178772,-4.508418250980692,4.13377901251737,-0.3620263246357618,2.0667276893408504
-1.3440391834442798,1.6810792083346606,-4.509024127634599,4.133455378681701,-0.3621584166693285,2.0669540810577858
-1.3482905931499238,1.680199452817449,-4.511126882633903,4.1339081621155715,-0.3603989056349056,2.06490733782362
-1.35240259170628,1.6798299608003642,-4.51238929776083,4.12981467564724,-0.35965992160073584,2.06485206095107
-1.3599304160030519,1.6798014268236998,-4.513152765980371,4.12970412190214,-0.359602853647407,2.0649667162141245
-1.3727440641955595,1.6803059674079235,-4.513112110658904,4.129933432428249,-0.36061193481585435,2.065695236172523
-1.3824394717318018,1.6803593182458323,-4.513784918837431,4.131390472345046,-0.36071863649167174,2.0652678750395257
-1.3907621841697608,1.6805949729868375,-4.514158045524817,4.130535750079051,-0.36118994597368187,2.065671184959781
-1.395378399728083,1.6800709292842015,-4.515695479165818,4.131342369919562,-0.3601418585684101,2.0652894446906536
-1.3964719393090608,1.6808034521747832,-4.5153517681669175,4.130578889381307,-0.3616069043495736,2.064882362018707
-1.404029804860361,1.6808778460633045,-4.515971561692967,4.129764724037414,-0.36175569212661596,2.065065986318862
-1.4068697166592568,1.6803502176330336,-4.517534039348342,4.130131972637724,-0.3607004352660743,2.0636489350257934
-1.4067605791069986,1.6812759109009128,-4.516843916194745,4.127297870051587,-0.36255182180183265,2.0644979796928706
-1.4143450697740358,1.680990587497704,-4.518017271274099,4.128995959385741,-0.3619811749954152,2.0637435658472176
-1.4171827960609358,1.6814128861144757,-4.5181071598568705,4.127487131694435,-0.36282577222895845,2.064132868408365
-1.42276368781968,1.6811095708930432,-4.519340311338303,4.12826573681673,-0.3622191417860933,2.0651108917085077
-1.419677859573241,1.6809715226852127,-4.520285463934077,4.130221783417015,-0.36194304537043215,2.0651597546953115
-1.4179452128186654,1.680478789059771,-4.521728008413288,4.130319509390623,-0.36095757811954876,2.0652409531967932
-1.412909404052808,1.6798897906283226,-4.523370477479764,4.1304819063935865,-0.3597795812566521,2.0642546886880964
-1.4114234567400197,1.6798345286637137,-4.524213210037928,4.128509377376193,-0.3596690573274345,2.063149961362266
-1.4160963685484869,1.6805004334215803,-4.523924424280034,4.126299922724532,-0.36100086684316746,2.0638363778752056
-1.4239281012190212,1.6796316660390784,-4.525997213028608,4.127672755750411,-0.35926333207816374,2.063178915631417
-1.4255848460934084,1.6798341818802884,-4.526436442208745,4.126357831262834,-0.35966836376058386,2.0632347171686916
-1.4341007315481136,1.6799435867472348,-4.527030061970017,4.126469434337383,-0.35988717349447635,2.063608180390471
-1.4370760572566352,1.6796116404694375,-4.528272666589324,4.127216360780942,-0.3592232809388819,2.065271938120183
-1.4364067526493067,1.6795556815502404,-4.529107505204608,4.130543876240366,-0.35911136310048797,2.0654918990778217
-1.4376999132027426,1.679477553556703,-4.529915765892571,4.130983798155643,-0.3589551071134132,2.0660035362033056
-1.4418509076983366,1.679569417092698,-4.530500515024371,4.132007072406611,-0.35913883418540304,2.0662491988864837
-1.4469332827920107,1.6793676854504889,-4.531495460609663,4.1324983977729675,-0.35873537090098456,2.0671971904427053
-1.4519609039724872,1.6798497571874593,-4.531490559245208,4.134394380885411,-0.3596995143749253,2.0682615543155256
-1.4570473815394216,1.6803333570697574,-4.53149892569814,4.136523108631051,-0.36066671413952167,2.068466554287809
-1.4635114673056129,1.6801068289354257,-4.53262826917066,4.136933108575618,-0.3602136578708584,2.0669894972800247
-1.4658111589169645,1.67992821067736,-4.53361167312311,4.133978994560049,-0.359856421354727,2.0666678122518674
-1.4667672059240138,1.6796697692576346,-4.5347650271271505,4.133335624503735,-0.359339538515276,2.0663100878792218
-1.4735951488915693,1.6792291485803128,-4.5361587526610805,4.1326201757584435,-0.3584582971606324,2.0670151814612763
-1.4797658252651757,1.679349254817183,-4.536691262779289,4.1340303629225525,-0.3586985096343726,2.0665375291138566
-1.491649829231478,1.679228602436883,-4.537601560256411,4.133075058227713,-0.3584572048737727,2.066970077626998
-1.5007057652595108,1.6792559072117386,-4.538324244707806,4.133940155253996,-0.35851181442348373,2.067243302197442
-1.5098650018227109,1.6797705610016391,-4.538277500121963,4.134486604394884,-0.3595411220032847,2.0678348138326683
-1.5175837948384832,1.6804606087024996,-4.537964430990924,4.135669627665337,-0.36092121740500555,2.0684095556313924
-1.5199011288011124,1.6808012407595443,-4.538170509920148,4.136819111262785,-0.3616024815190949,2.070638860818808
-1.5169630755087677,1.680914683354528,-4.53870763586119,4.141277721637616,-0.36182936670906246,2.071820394565278
-1.5151222986835897,1.6811837521336346,-4.539004326640915,4.143640789130556,-0.3623675042672754,2.0733064523684357
-1.5088206937474462,1.6816580253046778,-4.539006885659002,4.146612904736871,-0.3633160506093617,2.0734193719437477
-1.5024518522325252,1.6821735671074776,-4.538953947368977,4.146838743887495,-0.36434713421496145,2.0745079350693887
-1.4940143010707092,1.6828450928516239,-4.538655438169254,4.149015870138777,-0.36569018570325423,2.075045337533524
-1.4814097792237426,1.6824464153241088,-4.5400172918402975,4.150090675067048,-0.364892830648224,2.0748040425528043
-1.4619469953764428,1.6825131429136677,-4.540617425800473,4.1496080851056085,-0.36502628582734203,2.0778760399869323
-1.4451660060640927,1.6828923093964885,-4.540725596379506,4.1557520799738645,-0.36578461879298335,2.078086026857377
-1.429289477783188,1.6818800081254779,-4.543025282128689,4.156172053714754,-0.36376001625096216,2.077403811393275
-1.4068659477872387,1.6813570217754374,-4.544579010387377,4.15480762278655,-0.36271404355088127,2.077621651797952
-1.3929351706234936,1.6805745117645408,-4.54652028661004,4.155243303595904,-0.36114902352908795,2.077162199242985
-1.3835603464460702,1.6801007356577902,-4.547922333329526,4.15432439848597,-0.36020147131558683,2.0778057562556724
-1.3777303759376265,1.679237509924733,-4.549992783061381,4.155611512511345,-0.35847501984947233,2.077124215414049
-1.372439000360374,1.6784198888271733,-4.5519810037296855,4.154248430828098,-0.35683977765435315,2.0783032484760073
-1.3702138735320455,1.6790400642910739,-4.551780343146816,4.156606496952015,-0.3580801285821543,2.078833304383012
-1.3735457680834071,1.6795829977669483,-4.55170616313231,4.157666608766024,-0.3591659955339033,2.0794008804634667
-1.3742216445726019,1.6799189499249874,-4.551936846557246,4.158801760926933,-0.3598378998499815,2.078901992993288
-1.3711939642045534,1.679360613447587,-4.5535443476740065,4.157803985986576,-0.35872122689518077,2.0782129318356803
-1.364613925346264,1.678464463579932,-4.555651517849894,4.156425863671361,-0.3569289271598707,2.078847489230048
-1.3629406993880515,1.6783670755193694,-4.556533649136621,4.157694978460096,-0.3567341510387455,2.079333241229183
-1.3715817156558625,1.6787703850192766,-4.556668310143186,4.158666482458366,-0.35754077003856,2.0801243123762507
-1.3841763647250231,1.678571992443852,-4.557690141283882,4.1602486247525015,-0.35714398488771093,2.0814255619769866
-1.3941510780103066,1.678929863237636,-4.5578952449950645,4.162851123953973,-0.3578597264752788,2.081252937708846
-1.4082499607381527,1.6788770283068706,-4.558708062904981,4.162505875417692,-0.3577540566137481,2.080809487520295
-1.4223421022753788,1.6792716737396083,-4.558863667005299,4.16161897504059,-0.35854334747922334,2.081608516470494
-1.4408949318820161,1.6785254841287236,-4.560775971918594,4.163217032940988,-0.35705096825745386,2.081048428421857
-1.4584470967835665,1.6791012938959073,-4.560630425501034,4.162096856843714,-0.3582025877918213,2.0809527059046116
-1.4811346282209121,1.6789408327317537,-4.561589034888414,4.161905411809223,-0.35788166546351385,2.0817394333149313
-1.499296057803618,1.678810078665529,-4.562485520796394,4.1634788666298626,-0.35762015733106445,2.0835779603747615
-1.5203794192109212,1.6781868691827007,-4.5641749941535,4.167155920749523,-0.35637373836540814,2.083681184123117
-1.536078878412178,1.6785764961759555,-4.564325147278184,4.167362368246234,-0.3571529923519178,2.084098995488695
-1.5545753729308438,1.6786085914699835,-4.5650081327710605,4.16819799097739,-0.35721718293997373,2.0845206512202052
-1.5661126613409522,1.679489512094983,-4.56442015992174,4.1690413024404105,-0.3589790241899728,2.0852401589957736
-1.576920068865666,1.679563608624644,-4.565066694844478,4.170480317991547,-0.3591272172492945,2.085011605355611
-1.5761051545020237,1.6801987635756217,-4.564860870834817,4.170023210711222,-0.3603975271512499,2.084869633509166
-1.5719723216515944,1.6795860808636602,-4.566532140349537,4.169739267018332,-0.3591721617273269,2.0849777519438653
-1.5641270120759803,1.6796297574836736,-4.56724925323074,4.1699555038877305,-0.35925951496735375,2.084545996008823
-1.5633234884897913,1.6795946639454526,-4.5680707165409125,4.169091992017646,-0.3591893278909118,2.0845965859558864
-1.5634482552634341,1.680267229999004,-4.5678137330917785,4.169193171911773,-0.36053445999801453,2.0842989276306074
-1.5623802021899054,1.6809066931861583,-4.567551233087963,4.168597855261215,-0.3618133863723229,2.084760761497257
-1.5528631923930991,1.682034470203389,-4.566576654154451,4.169521522994514,-0.3640689404067842,2.0861786128051842
-1.5400228943729761,1.6816728176736924,-4.567929871148827,4.1723572256103685,-0.3633456353473909,2.0842203632863487
-1.5183049910571365,1.6825421705770554,-4.5673339260790895,4.1684407265726975,-0.3650843411541169,2.085223049018977
-1.5001888318968586,1.6834101083357735,-4.566768531897936,4.170446098037954,-0.36682021667155335,2.085274584717831
-1.4786811543894753,1.6834336423998395,-4.567428256222908,4.170549169435662,-0.3668672847996851,2.085156426464199
-1.4496997238894953,1.6836404663213127,-4.567853924228315,4.170312852928398,-0.3672809326426315,2.085279523768849
-1.4230215171567213,1.683758623733417,-4.5684314173414995,4.170559047537698,-0.36751724746684006,2.085096175340044
-1.3915975088314179,1.6842614394376572,-4.568420354212552,4.170192350680088,-0.36852287887532037,2.085310298249366
-1.363801037842455,1.683971378133985,-4.569637451267916,4.170620596498732,-0.3679427562679757,2.08426203462001
-1.3307986028292618,1.6842094685537528,-4.570000150949133,4.16852406924002,-0.3684189371075115,2.084532899771117
-1.300335397834678,1.6841461083690659,-4.570850462508176,4.169065799542234,-0.3682922167381379,2.0835128902008426
-1.2655039283640992,1.6843755728645249,-4.5711846043948565,4.167025780401685,-0.36875114572905576,2.0846237027344867
-1.2344477487136816,1.6837073810150693,-4.572913302125242,4.169247405468973,-0.36741476203014484,2.087084629870598
-1.2008503367642867,1.684437044104757,-4.57252412690926,4.174169259741196,-0.36887408820951995,2.0879737329985906
-1.1795319164247156,1.6843551238349257,-4.573389374338991,4.175947465997181,-0.3687102476698574,2.0876872689741846
-1.1535055475305205,1.6846847042051951,-4.5736361291669505,4.175374537948369,-0.3693694084103961,2.088025266231191
-1.1332378292768182,1.684760360893297,-4.5742638287331445,4.176050532462382,-0.36952072178660017,2.087873290263417
-1.108897028886191,1.6849524245500727,-4.574697056458784,4.175746580526834,-0.36990484910015115,2.087287571120424
-1.0857617805716653,1.6837585913992723,-4.577256371763081,4.174575142240848,-0.3675171827985506,2.085710168037208
-1.0590994882854896,1.6848787466236295,-4.576300773133156,4.171420336074416,-0.36975749324726515,2.0853984841760473
-1.0480708798547318,1.6853677247198864,-4.576328690100311,4.170796968352095,-0.370735449439779,2.084993734942294
-1.0335879187533212,1.685457127534999,-4.576977474527154,4.169987469884588,-0.3709142550700041,2.084284288306327
-1.0231645736313912,1.6863159110373633,-4.576393023552976,4.168568576612654,-0.3726318220747327,2.0847683820925935
-1.013824500548853,1.6852179329515216,-4.5788601221903695,4.169536764185187,-0.37043586590304933,2.0823230610742685
-1.0006833789753924,1.6861303136486168,-4.578196519891414,4.164646122148537,-0.37226062729723963,2.082707142266562
-1.0032241389271337,1.686119718974856,-4.578950361340924,4.165414284533124,-0.37223943794971803,2.0838988063933863
-0.9996793069123191,1.686530349027263,-4.5790640817338275,4.167797612786773,-0.3730606980545318,2.083917592641748
-0.999298078242365,1.6869030123679118,-4.57921347167481,4.167835185283496,-0.37380602473582974,2.083893780409758
-0.9983298556639602,1.6868237801485135,-4.580084282777913,4.167787560819516,-0.3736475602970333,2.0837903788444256
-0.9977952071551939,1.6871042294200964,-4.580394615069692,4.167580757688851,-0.3742084588401992,2.084044528931994
-0.9980604955632724,1.6878272352512687,-4.580000404598988,4.168089057863988,-0.3756544705025438,2.084404630320852
-1.000027339091043,1.6880677583885195,-4.580373795522818,4.168809260641704,-0.37613551677704565,2.0843570305919616
-0.9973194300511516,1.6889419076265941,-4.5797864770033545,4.168714061183923,-0.3778838152531948,2.084691017475959
-0.9967558282084794,1.6894684455325923,-4.579739096854121,4.169382034951918,-0.3789368910651914,2.0836568275089156
-0.988124275992782,1.6897423626368728,-4.580059807625738,4.167313655017831,-0.37948472527375243,2.082875066657065
-0.9804654441247891,1.6898501659443852,-4.580619229064109,4.16575013331413,-0.3797003318887771,2.083291254829099
-0.971072356377916,1.690703954256758,-4.580067792545004,4.166582509658198,-0.3814079085135225,2.083079623247638
-0.9650185837236425,1.6911644164737585,-4.580094802528469,4.166159246495276,-0.3823288329475235,2.083011512656805
-0.9541039172154249,1.6917862418331477,-4.579871251338598,4.16602302531361,-0.3835724836663022,2.083732095162963
-0.9425051636231094,1.6921936386456333,-4.579984657274191,4.167464190325926,-0.3843872772912733,2.083914945321974
-0.92237010890448,1.6919732622398054,-4.58105114365057,4.167829890643948,-0.38394652447961736,2.083800820482625
-0.9051285499892816,1.6912804126109298,-4.582864238055218,4.16760164096525,-0.3825608252218663,2.083190458682164
-0.8904122249637543,1.69171264691754,-4.582943039155709,4.166380917364328,-0.38342529383508683,2.08300215053123
-0.8823005964492596,1.6916739578294504,-4.583734342654093,4.16600430106246,-0.38334791565890763,2.0829663746653386
-0.8756837495054355,1.6918789977889686,-4.58412236624072,4.165932749330677,-0.383757995577944,2.0832015320570347
-0.8655207273322758,1.692052242910267,-4.584612919149441,4.1664030641140695,-0.3841044858205407,2.0825878921971195
-0.8593701873741586,1.692353929993459,-4.584885427218921,4.165175784394239,-0.3847078599869245,2.081905926330623
-0.8529674915867647,1.6932096008722453,-4.584296588442103,4.163811852661246,-0.3864192017444971,2.082005835721602
-0.8488236992943676,1.6945163867826498,-4.583048299069282,4.164011671443204,-0.3890327735653062,2.081711051221698
-0.8433790590889432,1.6945833779799957,-4.583651190345499,4.163422102443396,-0.3891667559599978,2.0822100511717037
-0.8272001055827363,1.6940959870066818,-4.585129218157866,4.164420102343407,-0.3881919740133702,2.081795874366468
-0.8109629107496286,1.695111654359795,-4.584269371249784,4.163591748732936,-0.3902233087195965,2.0824954767743233
-0.80482708293387,1.694827583709426,-4.585439530067857,4.164990953548647,-0.3896551674188585,2.082289303690925
-0.7913960155868773,1.6957944905226314,-4.584673913181672,4.16457860738185,-0.3915889810452695,2.08290652489089
-0.7874624759412012,1.6960505092791984,-4.585029667399667,4.16581304978178,-0.39210101855840346,2.0822569605067804
-0.7795618656389753,1.697384784992167,-4.583694158866778,4.164513921013561,-0.3947695699843407,2.0824099667509577
-0.7749482739940738,1.6979217593737432,-4.583613125762751,4.164819933501915,-0.395843518747493,2.082335345726108
-0.7614827246026143,1.698166533547611,-4.583988348579127,4.164670691452216,-0.3963330670952284,2.0817097897405525
-0.7494770015092467,1.6980378912083,-4.584911570062145,4.163419579481105,-0.39607578241660646,2.08038504650542
-0.7380828534473323,1.697275113713025,-4.586871607124487,4.16077009301084,-0.39455022742605644,2.0779161368647214
-0.7291803037858142,1.6975491472144235,-4.587168807692398,4.155832273729443,-0.3950982944288534,2.078175038417316
-0.7286806312609069,1.697644096188077,-4.587773864271276,4.156350076834632,-0.3952881923761603,2.0774994219553324
-0.7257858555057006,1.6972801244086262,-4.589058347735931,4.154998843910665,-0.3945602488172589,2.077221476766963
-0.718684876240272,1.6982419913055,-4.58829169494491,4.154442953533926,-0.39648398261100637,2.0772386002810155
-0.7190333119863066,1.6986266281800668,-4.58841962111081,4.154477200562031,-0.39725325636014014,2.0770325834361505
-0.7129272961952586,1.6991878053532938,-4.5883123104423005,4.154065166872301,-0.398375610706594,2.076589717727644
-0.7066432112517669,1.6994229900798998,-4.588689614972118,4.153179435455288,-0.3988459801598062,2.07605215518555
-0.6978646633848808,1.7000091743178714,-4.588478436201992,4.1521043103711,-0.4000183486357493,2.0774815699380675
-0.6906513668148677,1.7007785782261753,-4.587955120451044,4.154963139876135,-0.4015571564523573,2.078540277499129
-0.6857542700780428,1.7012965953292383,-4.587921520931051,4.157080554998258,-0.4025931906584834,2.0779285908628666
-0.6838971903480688,1.701807859690847,-4.587840734981535,4.155857181725733,-0.40361571938170077,2.079904345824082
-0.6801439954768607,1.7024865170756027,-4.587520588854255,4.159808691648164,-0.40497303415121216,2.0798397532257233
-0.6724171375849415,1.7018494222538099,-4.589222936567586,4.159679506451447,-0.40369884450762666,2.07886707081223
-0.6635887515676786,1.7020805563594057,-4.589574629779567,4.15773414162446,-0.4041611127188183,2.079186949332611
-0.6587186220983647,1.7026994060393488,-4.589321716921604,4.158373898665222,-0.4053988120787047,2.07879280981484
-0.6590996266855176,1.7034683665707135,-4.5888584399396635,4.15758561962968,-0.4069367331414342,2.0790235479868717
-0.6581992588212242,1.7042361220086901,-4.588390369748533,4.1580470959737434,-0.4084722440173875,2.0786000549196335
-0.661201263750419,1.7049696148895255,-4.587949449566107,4.157200109839267,-0.40993922977905806,2.0785272513764417
-0.6630675062345466,1.7053692646514647,-4.588060711799901,4.157054502752883,-0.4107385293029364,2.0780572153676746
-0.6616338141173763,1.7061898562782378,-4.587518447536093,4.156114430735349,-0.41237971255648276,2.078700881593782
-0.6588867857463794,1.7070532641702278,-4.586881913520946,4.157401763187564,-0.4141065283404628,2.0786484173325612
-0.6488934432358122,1.7078394873305711,-4.586392665943464,4.1572968346651225,-0.4156789746611494,2.078583225265986
-0.6355798283135301,1.7081934271236414,-4.586556050916631,4.157166450531972,-0.4163868542472902,2.078188920400012
-0.6177170348238379,1.7092779780762244,-4.585624101217547,4.156377840800024,-0.4185559561524563,2.077892680153109
-0.5985601411317116,1.7087092949989828,-4.587212325779884,4.155785360306218,-0.41741858999797316,2.0763613049219605
-0.5746100264667144,1.708865308214301,-4.587663297875806,4.152722609843921,-0.41773061642860965,2.0766983856430974
-0.557059943811812,1.7092001643296306,-4.5878590343717836,4.153396771286195,-0.4184003286592689,2.0770741083720132
-0.5422426334381494,1.7094209322669285,-4.588220983404866,4.1541482167440265,-0.4188418645338647,2.07714946676926
-0.52695851577147,1.7099323700691138,-4.58814148878405,4.15429893353852,-0.41986474013823527,2.0773066801204925
-0.5145608560192567,1.710153964801937,-4.588509603343551,4.154613360240985,-0.42030792960388186,2.0765430347883056
-0.5031389452494661,1.710200361442266,-4.589164596282477,4.153086069576611,-0.42040072288454,2.0756658268078914
-0.4930684438593467,1.7105871041956073,-4.589266960112974,4.151331653615783,-0.4211742083912227,2.0765001234644975
-0.4865083999400981,1.7104906675421554,-4.590103480558905,4.153000246928995,-0.420981335084319,2.0756487744783083
-0.48061588071423333,1.711593653585232,-4.589091975121715,4.151297548956617,-0.4231873071704726,2.075653461919229
-0.4759013648421657,1.7116259049393654,-4.589746626790498,4.151306923838458,-0.4232518098787392,2.0752827256586897
-0.46398149511388453,1.7127859233009213,-4.588681641425106,4.150565451317379,-0.42557184660185104,2.074847338465835
-0.4581449376025275,1.7138076441440164,-4.587805770352701,4.14969467693167,-0.4276152882880412,2.074655883655176
-0.4499349639427592,1.713863090827816,-4.5884267561614385,4.149311767310352,-0.4277261816556407,2.073876136897253
-0.4381228505406831,1.7142646968498076,-4.588532443687777,4.147752273794506,-0.42852939369962395,2.0734054724532687
-0.43098334318315246,1.7147704738353333,-4.588475666834071,4.146810944906537,-0.4295409476706755,2.0730807656361616
-0.4245509354687447,1.7147800018340464,-4.589188283711195,4.146161531272323,-0.4295600036681019,2.0718660307336827
-0.41901208301019555,1.7155867649960952,-4.5886551102260915,4.143732061467365,-0.4311735299921994,2.0715581609722595
-0.4203167334670175,1.7152560198398283,-4.58984845928438,4.143116321944519,-0.4305120396796659,2.0714028590138924
-0.41908569430328413,1.715644322681535,-4.5899453735331575,4.142805718027785,-0.43128864536307937,2.0706856405180605
-0.423196661572518,1.7153478584262847,-4.59104875623741,4.141371281036121,-0.43069571685257896,2.072099197369793
-0.4299196829237948,1.71623915870196,-4.59036177293155,4.144198394739586,-0.4324783174039298,2.072924473925983
-0.438878692947561,1.7155106819896266,-4.59216573651883,4.145848947851966,-0.43102136397926305,2.07164962635091
-0.4401533415299568,1.7158690152366158,-4.592288492007837,4.14329925270182,-0.4317380304732412,2.0714661644915187
-0.44902599062504667,1.7153444476050879,-4.593768176589686,4.142932328983037,-0.43068889521018544,2.0710508327191937
-0.4551775005465073,1.715966171759433,-4.59351530592424,4.142101665438387,-0.4319323435188758,2.0707081141007664
-0.4690492566822386,1.716202487034375,-4.593865586393771,4.141416228201533,-0.43240497406876,2.0699288619608134
-0.48000146579117375,1.716557562468647,-4.594023175588363,4.139857723921627,-0.4331151249373041,2.0701362338089604
-0.4904080555159336,1.7163858265200294,-4.595002413305544,4.140272467617921,-0.43277165304006876,2.0687067077333054
-0.49959992783153595,1.7171158595210925,-4.594571935531442,4.137413415466611,-0.4342317190421949,2.0685013647173043
-0.5113771369790672,1.7178631344495379,-4.594120324406376,4.137002729434609,-0.43572626889908556,2.068353850643199
-0.5253523123221449,1.718691784109185,-4.593530591962523,4.136707701286398,-0.4373835682183802,2.068240256706419
-0.5357646813978807,1.7185574139014972,-4.594475994442531,4.136480513412838,-0.4371148278030042,2.0670545736794517
-0.5455471771955547,1.7188430218714204,-4.59474431112843,4.134109147358903,-0.43768604374285036,2.0666186062349623
-0.5622566597524763,1.719219333037806,-4.5948445163481795,4.133237212469925,-0.4384386660756218,2.066712516321711
-0.577859827715526,1.7192485530587172,-4.595499860767941,4.133425032643422,-0.438497106117444,2.067330790836608
-0.5923489452395816,1.720285996772663,-4.594596339850176,4.134661581673216,-0.44057199354533544,2.067179173820163
-0.6113757572820844,1.7201775042314065,-4.5954513912077,4.134358347640326,-0.44035500846282266,2.066677639101803
-0.621465999596627,1.7196605916499919,-4.596906328906456,4.133355278203606,-0.4393211832999935,2.0656793492905736
-0.6347225643100782,1.7193674118777027,-4.598053284701446,4.131358698581147,-0.438734823755415,2.064713552212351
-0.6487805633297046,1.719513873316814,-4.59852620842734,4.129427104424702,-0.4390277466336376,2.0638383809426912
-0.666620502484689,1.7189324807391269,-4.600098267718361,4.1276767618853825,-0.4378649614782633,2.062723219018006
-0.6800284261430334,1.7185380745332068,-4.60139822597792,4.125446438036012,-0.4370761490664232,2.0614139812090064
-0.7005962431188779,1.71925151806435,-4.6009747782602854,4.122827962418013,-0.4385030361287096,2.060922005859604
-0.7220178506816484,1.719566347688407,-4.601160724584352,4.121844011719208,-0.4391326953768241,2.060655112720271
-0.7398312424354732,1.7195850571235523,-4.601789478313658,4.121310225440542,-0.43917011424711455,2.060475159083874
-0.7523199347359393,1.7198229973638928,-4.602095020559915,4.120950318167748,-0.43964599472779536,2.0606428783297455
-0.7677085421235095,1.7206590688984502,-4.601466201215375,4.121285756659491,-0.4413181377969103,2.0609750906434416
-0.7838835344074435,1.7212859541954457,-4.601194939803478,4.121950181286883,-0.44257190839090144,2.060604313198484
-0.7960200549384862,1.7217885988791233,-4.601090934887141,4.121208626396968,-0.44357719775825644,2.0607542787220448
-0.8030308588672921,1.7215791518720454,-4.602079627101369,4.1215085574440895,-0.4431583037441005,2.0600081060717836
-0.8087193357752112,1.7216349693454258,-4.602650829087788,4.120016212143567,-0.44326993869086156,2.0602095913277534
-0.8192374568524423,1.721851833171467,-4.60298886498127,4.120419182655507,-0.44370366634294395,2.0606923839710785
-0.8335943353722159,1.72206639867973,-4.603343590381743,4.121384767942157,-0.44413279735946987,2.0598926490758993
-0.8455006677568369,1.7222257908642034,-4.603741628088927,4.119785298151799,-0.44445158172841637,2.060153851908258
-0.8569211740601479,1.7220512143892694,-4.604688126640522,4.120307703816516,-0.44410242877854866,2.0595562398055924
-0.8678372218661403,1.7225900159234893,-4.60454198650651,4.119112479611185,-0.44518003184698834,2.0601334960417637
-0.8807994357844406,1.722439163065919,-4.605468435559134,4.120266992083527,-0.4448783261318478,2.0597938086362997
-0.8943529457049935,1.7227579639454103,-4.605656691271673,4.119587617272599,-0.4455159278908303,2.06076428164625
-0.9086272664393333,1.7226520857189842,-4.606503671093697,4.1215285632925,-0.44530417143797824,2.0599077855338614
-0.9171524104435682,1.7226035853198816,-4.607271852967671,4.119815571067723,-0.44520717063977305,2.059082623448741
-0.9242322524803037,1.722838902135139,-4.607549625363652,4.118165246897482,-0.44567780427028786,2.059098672029224
-0.9323365607666463,1.7226119436537155,-4.608584781096134,4.118197344058448,-0.4452238873074412,2.0575498098228677
-0.9347235601973494,1.7227920856923158,-4.60901968100087,4.1150996196457355,-0.4455841713846417,2.056717743080535
-0.9366879342823267,1.7224495847989532,-4.610231125056054,4.11343548616107,-0.4448991695979162,2.055157675794311
-0.9396505956337791,1.722998004294176,-4.610074625740325,4.110315351588622,-0.4459960085883615,2.0549168622496454
-0.9474883331252775,1.72339412874648,-4.610139054327226,4.109833724499291,-0.44678825749296974,2.0547477486228543
-0.9516403607310888,1.7234128654315402,-4.61075458485219,4.1094954972457085,-0.4468257308630899,2.054494796650939
-0.95349683835251,1.723317917764346,-4.611552118734427,4.108989593301878,-0.44663583552870184,2.0537512737485875
-0.9590523999475296,1.7232463031918719,-4.612322486059477,4.107502547497175,-0.4464926063837533,2.0538426169223043
-0.967988812191265,1.7230224327171022,-4.61334813426768,4.107685233844609,-0.4460448654342138,2.053674783298995
-0.9790615754821896,1.7236446331541673,-4.613101895924045,4.10734956659799,-0.4472892663083437,2.0535579684664156
-0.9918989616148699,1.7237942413199132,-4.613527072181712,4.107115936932831,-0.4475884826398356,2.053648940239758
-1.0001154458307204,1.7234207604432923,-4.614751751038509,4.107297880479516,-0.4468415208865937,2.052328884122205
-1.0069003204092533,1.723831955109303,-4.614819434306363,4.10465776824441,-0.4476639102186151,2.052557437893719
-1.0180260905975596,1.7233327389743498,-4.616205738039956,4.105114875787438,-0.44666547794870864,2.051519695297931
-1.025173299807467,1.7229349424953078,-4.617507210331671,4.103039390595862,-0.4458698849906244,2.04970923658861
-1.033566182887255,1.7224417691463676,-4.618929769581331,4.09941847317722,-0.44488353829274413,2.048803095752905
-1.0460630209791786,1.7224856910641573,-4.619527097778264,4.09760619150581,-0.4449713821283235,2.048948892376984
-1.0611145524886112,1.722599614478169,-4.620003790401548,4.097897784753968,-0.44519922895634695,2.0488863525541134
-1.077411895627264,1.7228496075994395,-4.620309289826935,4.097772705108227,-0.44569921519888783,2.0485732099922838
-1.0925585649881722,1.7228195226590233,-4.621015480070936,4.0971464199845675,-0.44563904531805554,2.049012195240157
-1.1051117115061055,1.72283164815139,-4.6216638459507475,4.098024390480314,-0.4456632963027886,2.048641966804096
-1.1186981571115666,1.7227026662134988,-4.622477006732049,4.097283933608192,-0.4454053324270064,2.0490412969366
-1.1303904260318314,1.7231180322987423,-4.622501228245791,4.0980825938732,-0.4462360645974932,2.0499172020994183
-1.1445092279029727,1.723094130931912,-4.623219427590852,4.099834404198837,-0.4461882618638327,2.049538205098637
-1.153184245392099,1.722769056455847,-4.6244437629042965,4.099076410197274,-0.4455381129117025,2.0484358630920103
-1.1636089427854288,1.7230641030622824,-4.624664640952254,4.096871726184021,-0.44612820612457293,2.049496376101978
-1.178809453512133,1.7230411856003165,-4.62535514771511,4.098992752203956,-0.44608237120064104,2.0501034917156384
-1.1912723066675577,1.723419510333953,-4.625473246379409,4.100206983431277,-0.4468390206679139,2.0501252520063487
-1.2038028744167688,1.723322835779151,-4.626287714971793,4.100250504012697,-0.44664567155831,2.0489016500249515
-1.2122403888988362,1.723109598650187,-4.62728244972572,4.097803300049903,-0.44621919730038195,2.048061431816029
-1.2191752690453947,1.723184573429958,-4.627842215670917,4.096122863632058,-0.44636914685992407,2.0490955309777985
-1.230714849438042,1.7231030257280313,-4.628653166062456,4.098191061955597,-0.4462060514560706,2.048016166716175
-1.2416798508005087,1.7238839148670753,-4.6281424736393655,4.09603233343235,-0.44776782973415835,2.0480683377631745
-1.2528629980893475,1.723553023012191,-4.629321470482762,4.096136675526349,-0.4471060460243896,2.0472203241132148
-1.2584511548553001,1.7237694287405048,-4.629668315694333,4.0944406482264295,-0.44753885748101724,2.0476432861712195
-1.2640483752494336,1.7236743712216323,-4.630467877604677,4.095286572342439,-0.4473487424432722,2.0474994532532054
-1.265239771879684,1.722787016395554,-4.632519571141708,4.094998906506411,-0.44557403279111607,2.0458192132372575
-1.2619113976723528,1.7226834226771797,-4.63338390690083,4.091638426474515,-0.44536684535436705,2.0450685998097144
-1.2643092661710673,1.722743232078467,-4.633955425126797,4.090137199619429,-0.4454864641569418,2.045580162882132
-1.2677599891337268,1.722755362045084,-4.634625606223006,4.091160325764264,-0.4455107240901757,2.04481611140432
-1.2715973304888681,1.7224420755943006,-4.635839269028652,4.08963222280864,-0.44488415118860913,2.0437300830296774
-1.2739150405051474,1.7231003025645586,-4.635491989874419,4.087460166059355,-0.44620060512912524,2.0438619136137124
-1.2799398105421407,1.7240750021549762,-4.634641894055608,4.087723827227425,-0.44815000430996027,2.044171643352606
-1.282097911380783,1.7239547638105481,-4.635471291401121,4.088343286705212,-0.44790952762110414,2.0438547639684255
-1.2776051105339832,1.7238680137175728,-4.636286346134492,4.087709527936851,-0.4477360274351535,2.043550185509558
-1.2732803100839392,1.7235131334692733,-4.63749373826394,4.087100371019116,-0.44702626693855446,2.0426251888182168
-1.2668164300556413,1.7239142314578049,-4.637554557534302,4.0852503776364335,-0.4478284629156178,2.042633997305516
-1.2652438015085785,1.7230298923725258,-4.639589511525191,4.085267994611032,-0.4460597847450598,2.0405869774718783
-1.2579226314202572,1.7227176150137782,-4.64075032183262,4.081173954943757,-0.44543523002756474,2.0389848408909614
-1.2579325432135375,1.7226634674780847,-4.641511202560302,4.077969681781923,-0.4453269349561778,2.037871243863619
-1.2594924021823184,1.7229592512615526,-4.6417254062598845,4.075742487727238,-0.4459185025231135,2.0382323794962907
-1.2610413839240282,1.7218209095879822,-4.644131303411329,4.076464758992581,-0.4436418191759729,2.0368102182054884
-1.2576785834622157,1.721739714363112,-4.644880628558927,4.073620436410977,-0.4434794287262323,2.0366906670710314
-1.2616598309819302,1.7206369903148515,-4.647249366701112,4.073381334142063,-0.4412739806297114,2.0352918033403675
-1.2677874685755803,1.7210270567666444,-4.647309764390541,4.070583606680735,-0.4420541135332969,2.0358570498117574
-1.2810835044181914,1.7214590177043723,-4.6473230260536935,4.071714099623515,-0.44291803540875274,2.036544801928667
-1.2935207480162765,1.7214651262743734,-4.647972974847825,4.073089603857334,-0.4429302525487549,2.0358832034812555
-1.3020732350749142,1.721346286299434,-4.648810772687532,4.071766406962511,-0.44269257259887596,2.034960406739082
-1.3061010990140987,1.7216275133047294,-4.64906968265966,4.069920813478164,-0.4432550266094667,2.034991640726127
-1.3110800966765348,1.7212268709016336,-4.650337174533747,4.069983281452254,-0.4424537418032751,2.034781543063237
-1.3130859461454478,1.7211383019390818,-4.6511122611598,4.069563086126474,-0.4422766038781714,2.0353405142076952
-1.317793688322423,1.7212213092248303,-4.651647004762494,4.0706810284153905,-0.4424426184496686,2.0350405777611
-1.3217139369363746,1.7204111504065978,-4.653524683288684,4.0700811555222,-0.4408223008132035,2.033281981433728
-1.3265424294700416,1.7204843589768628,-4.654084186503521,4.066563962867456,-0.4409687179537336,2.0328474209010277
-1.3430469702332704,1.7204830962967472,-4.654704067804278,4.065694841802055,-0.4409661925935023,2.0337488904963354
-1.3583704737535847,1.7213573752267255,-4.654017273856067,4.067497780992671,-0.44271475045345887,2.034356665810357
-1.3753229428891967,1.7202762895349668,-4.656343657000065,4.068713331620714,-0.4405525790699415,2.032544156342007
-1.3802955701711719,1.7197441057472136,-4.657819658703655,4.065088312684014,-0.439488211494435,2.0313360165475114
-1.3935653063106437,1.7196684241657236,-4.658594099133192,4.062672033095023,-0.43933684833145503,2.031436605114091
-1.4061735908477777,1.718985599989641,-4.660302394903558,4.062873210228182,-0.4379711999792898,2.029938013013831
-1.415770499270077,1.719129322053381,-4.660735945768902,4.059876026027662,-0.4382586441067696,2.030126541722658
-1.4301274706943028,1.719728108536767,-4.660486292967236,4.060253083445316,-0.43945621707354193,2.0303956567129466
-1.4461191494736196,1.7203428602877537,-4.660212765245358,4.060791313425893,-0.4406857205755154,2.030082935024364
-1.4531623162196707,1.7205426695390085,-4.6605935042912945,4.060165870048728,-0.44108533907802483,2.0294541118772207
-1.454812031852363,1.7208044827137547,-4.660836210001744,4.058908223754441,-0.4416089654275172,2.030147158347868
-1.450021843675259,1.7209082078137048,-4.661348915344285,4.060294316695736,-0.4418164156274173,2.0296151157940825
-1.4450582834188577,1.7202079447116194,-4.663058040549255,4.059230231588165,-0.44041588942324633,2.0287731223975114
-1.439491989489242,1.7200371222993693,-4.663990837635242,4.057546244795023,-0.44007424459874633,2.0286327977647667
-1.4382366049807853,1.7187683854479254,-4.666573921674575,4.057265595529533,-0.4375367708958584,2.027275768543516
-1.43415109414777,1.7184902678550664,-4.667650423240492,4.054551537087032,-0.4369805357101406,2.027781518707469
-1.439522019455075,1.7184026595657385,-4.668463870318156,4.055563037414938,-0.4368053191314848,2.027187289913574
-1.4444693224799083,1.7182938264837477,-4.669266903404966,4.054374579827148,-0.43658765296750346,2.028485326158572
-1.44910602038745,1.7186789033504086,-4.6693836663211385,4.056970652317144,-0.4373578067008253,2.0290803888111935
-1.4556159471304033,1.71897232890196,-4.66959699722508,4.058160777622387,-0.4379446578039283,2.028762771739211
-1.4556977472116825,1.7188900039257,-4.670422049693519,4.057525543478422,-0.4377800078514081,2.0289014383413013
-1.4532939613371312,1.7196429588266817,-4.66991184300991,4.057802876682603,-0.4392859176533714,2.0305731381900656
-1.4532065280251052,1.7187787964425123,-4.671900009645988,4.061146276380131,-0.43755759288503243,2.0286136209974046
-1.4495967926330735,1.7184780499777028,-4.6730529860563035,4.057227241994809,-0.43695609995541335,2.027439855847585
-1.4462680389993023,1.7192003874041921,-4.672605807450041,4.05487971169517,-0.43840077480839185,2.0284860384492673
-1.4443041662236844,1.7183940220730596,-4.674491227740998,4.056972076898535,-0.43678804414612693,2.027425975370289
-1.4338539065967542,1.7187455528170141,-4.674578494082579,4.054851950740578,-0.4374911056340362,2.0287977691341967
-1.4268149419997003,1.7194745040457906,-4.674124121788431,4.0575955382683935,-0.438949008091589,2.0291513907927134
-1.4195218693225025,1.7195224105093414,-4.674714471469155,4.058302781585427,-0.4390448210186905,2.0296823103598425
-1.4097197347205919,1.7186672112925772,-4.6766762280256025,4.059364620719685,-0.4373344225851618,2.028736033752195
-1.400909806269655,1.718836941219534,-4.67708681979177,4.05747206750439,-0.4376738824390754,2.0303908048809998
-1.399867247433586,1.7188187529011272,-4.677813363139068,4.0607816097619995,-0.4376375058022618,2.030276133024569
-1.3989755414875944,1.7192119901307819,-4.677878445170447,4.060552266049138,-0.4384239802615711,2.0309968078646805
-1.3999359862097074,1.7184361378386703,-4.679748886220834,4.061993615729361,-0.43687227567734815,2.029727783129992
-1.3925915007910912,1.7184291409730073,-4.680437374831616,4.059455566259984,-0.436858281946022,2.0287600640535937
-1.390120059326314,1.718852377378371,-4.6805185781825855,4.057520128107187,-0.4377047547567495,2.0284547331488594
-1.3831030104468418,1.7185524642229422,-4.681622178902457,4.056909466297719,-0.4371049284458917,2.0282561608788092
-1.3707926392384526,1.7184304231155523,-4.682485598900867,4.0565123217576184,-0.4368608462311119,2.0276078276005958
-1.3600886914018258,1.7178487352797698,-4.684076765029245,4.0552156552011915,-0.4356974705595469,2.0265798480416803
-1.3484544565520142,1.7170586076003247,-4.68596135325239,4.053159696083361,-0.43411721520065655,2.024801212742769
-1.3413960099151367,1.717365851023397,-4.686145377794686,4.049602425485538,-0.43473170204680106,2.0253953508428904
-1.3426675363973954,1.7178907242067563,-4.6860156806883095,4.050790701685781,-0.4357814484135196,2.025534736188896
-1.3427167091652183,1.71740568298981,-4.687377030940035,4.051069472377792,-0.4348113659796269,2.0265601840299494
-1.3419502222249386,1.7177432613451322,-4.687519720693196,4.053120368059899,-0.4354865226902715,2.027560983371293
-1.3418114690581233,1.71793983507433,-4.687883777664996,4.055121966742586,-0.43587967014866713,2.028748270779016
-1.3383030615777338,1.7188143435554122,-4.687230311618882,4.057496541558032,-0.4376286871108313,2.0285245457919636
-1.3398039275280875,1.7193230228605667,-4.6871131995290405,4.057049091583927,-0.4386460457211405,2.029149113473276
-1.3318441955647158,1.7187209389837441,-4.688692905655339,4.058298226946552,-0.4374418779674954,2.0275846685750993
-1.3204187571281034,1.7192297828695216,-4.688576577786712,4.055169337150199,-0.43845956573905015,2.0282690592417296
-1.3190136105778514,1.7190574214505072,-4.689484724819473,4.056538118483459,-0.4381148429010214,2.029033893101106
-1.3136292816713024,1.7187567014470835,-4.690625619072519,4.058067786202212,-0.4375134028941741,2.0279980252550662
-1.3049849258452433,1.719009926851755,-4.690915873877897,4.0559960505101325,-0.43801985370351704,2.0279549825608054
-1.3003179314993352,1.7179197215937507,-4.69324477366733,4.055909965121611,-0.4358394431875088,2.026279490090687
-1.2910811063801577,1.7182750509569016,-4.693326879961755,4.052558980181374,-0.4365501019138103,2.0271892534302367
-1.2928302579506208,1.71739824862839,-4.6953315280161965,4.054378506860473,-0.4347964972567872,2.025661805412832
-1.286177710157653,1.7174295822920482,-4.695927587897082,4.051323610825664,-0.4348591645841037,2.026003313262341
-1.2861067293829276,1.7163660986169818,-4.698212637745687,4.052006626524682,-0.43273219723397066,2.0245797915198183
-1.2856203194506195,1.7159549049725713,-4.699467987962218,4.0491595830396365,-0.43190980994514966,2.0246134355748264
-1.290434897292318,1.7157817535546152,-4.700407525406347,4.049226871149653,-0.4315635071092373,2.024587979267993
-1.2974131325748557,1.7162383337527285,-4.700348212954332,4.049175958535986,-0.4324766675054639,2.025814256514174
-1.3042991978440108,1.7152401697935455,-4.702579485968296,4.051628513028348,-0.4304803395870979,2.02331268599415
-1.3014282985218535,1.7151968545231289,-4.703351319676459,4.0466253719883,-0.4303937090462647,2.02376902915992
-1.3072773488524088,1.7152640102990395,-4.703953759275639,4.04753805831984,-0.43052802059808604,2.022968724799936
-1.316615171389106,1.715556903103409,-4.704154788598549,4.045937449599872,-0.4311138062068248,2.023640705357495
-1.3240126745135923,1.7148894857577486,-4.705851458918904,4.04728141071499,-0.429778971515504,2.022158497497671
-1.3292902395303918,1.7145916753994093,-4.707001269323465,4.044316994995342,-0.4291833507988255,2.021566993864798
-1.3397470207363136,1.7149857424567732,-4.707059123928878,4.043133987729596,-0.42997148491355325,2.0218399025338756
-1.3585883624020205,1.7153468697307501,-4.7072118823339,4.043679805067751,-0.4306937394615074,2.021593640960126
-1.378046078810736,1.7159496944153143,-4.706995272976952,4.043187281920252,-0.4318993888306357,2.021129818526316
-1.3932811360250468,1.7157803698582033,-4.707931601021311,4.042259637052632,-0.4315607397164138,2.0218926652358378
-1.405947175452675,1.7159582719591124,-4.708302396502667,4.0437853304716755,-0.4319165439182322,2.0218840854500932
-1.4193666116431576,1.7163606895116523,-4.708348985718155,4.0437681709001865,-0.43272137902331204,2.022099340987163
-1.4307103589845394,1.7166892719740385,-4.708492024129147,4.044198681974326,-0.43337854394808467,2.022418542758227
-1.4408010816704797,1.7169769167279971,-4.708742035809039,4.044837085516454,-0.4339538334560018,2.0217772315111415
-1.4436274527940203,1.7169553171135246,-4.709467669258661,4.043554463022283,-0.43391063422705684,2.0210937329517558
-1.4456901915621012,1.7167824204848199,-4.7104135189462975,4.0421874659035115,-0.4335648409696475,2.0217378261903223
-1.4429826633863057,1.7170150254762186,-4.710733314047686,4.0434756523806445,-0.43403005095244507,2.0226232742655905
-1.4419457213627664,1.7167706767546906,-4.71178716209173,4.045246548531181,-0.43354135350938905,2.0213525559387993
-1.4331422049451596,1.7175432496585472,-4.71124433053614,4.0427051118775985,-0.4350864993171023,2.0235650360995696
-1.4257616717564643,1.716909476663863,-4.71289462177784,4.047130072199139,-0.433818953327734,2.02295436578851
-1.4091331444892141,1.7173900716714803,-4.712847266420747,4.04590873157702,-0.43478014334296833,2.0228116569247834
-1.400531767497018,1.7175772990586884,-4.7132318906846145,4.045623313849567,-0.43515459811738466,2.024222559121793
-1.3836976373949224,1.7170572432097388,-4.714649689152006,4.048445118243586,-0.4341144864194857,2.023767881747823
-1.3636894254962657,1.7170004926877571,-4.715386403492536,4.047535763495646,-0.4340009853755221,2.0230533029117788
-1.347506883445634,1.7172532754911762,-4.71565560076031,4.0461066058235575,-0.43450655098236035,2.0237950683409087
-1.3338325156944775,1.7171914073895083,-4.716440849077386,4.047590136681817,-0.4343828147790243,2.0235014555340753
-1.3147876534246707,1.7164632934807627,-4.7182530668416405,4.047002911068151,-0.43292658696153313,2.021145419884964
-1.2929075985832768,1.7168187472517675,-4.718385007693901,4.042290839769928,-0.4336374945035429,2.021653445693094
-1.2793843597906878,1.7162130674937255,-4.719970808967103,4.043306891386188,-0.4324261349874588,2.0208555749745
-1.2636441962209317,1.7152242222275547,-4.722127598763351,4.041711149949,-0.4304484444551173,2.0192568821593255
-1.2533605494478177,1.7154578172679207,-4.722426313475517,4.038513764318651,-0.4309156345358494,2.0199044165949744
-1.2501503181824694,1.7152139997951732,-4.7234739618497485,4.039808833189949,-0.4304279995903545,2.0188283444552364
-1.2457922078888348,1.7154813769255735,-4.7237583038729145,4.037656688910473,-0.43096275385115496,2.018562289211679
-1.2464554116815472,1.7156148106809768,-4.724228082807137,4.037124578423358,-0.4312296213619614,2.018069271299585
-1.2475894740963742,1.7150883934555576,-4.725699990418354,4.03613854259917,-0.43017678691112315,2.017912203257631
-1.2483604619545483,1.7159097797619,-4.725108341074651,4.035824406515262,-0.4318195595238081,2.018640679754275
-1.2554271687314298,1.716216248154401,-4.725317049065632,4.03728135950855,-0.4324324963088102,2.018303578216617
-1.2561683204087206,1.7157581523233763,-4.726696504627575,4.036607156433234,-0.4315163046467609,2.0176749614605933
-1.255035173109989,1.7161216260418635,-4.726842765109268,4.035349922921187,-0.43224325208373543,2.0187707918977638
-1.2574060643543148,1.7165987324757588,-4.726773659536279,4.0375415837955275,-0.43319746495152606,2.020274701196029
-1.262969884081758,1.7172509978078818,-4.726472907701521,4.040549402392058,-0.4345019956157722,2.0210292039108015
-1.2637947378261023,1.717282482239206,-4.7271123361098475,4.042058407821603,-0.4345649644784208,2.0214828746745184
-1.2624027684371413,1.7176137321819422,-4.7272843504767845,4.042965749349037,-0.4352274643638929,2.0222555747340953
-1.262918567626523,1.7180241087206078,-4.727291064623931,4.044511149468191,-0.436048217441224,2.023007978581943
-1.259740507508472,1.7179187588491245,-4.728106077047311,4.046015957163886,-0.4358375176982571,2.0224544111019678
-1.253008998735416,1.718007165680226,-4.728646722471623,4.0449088222039356,-0.43601433136046003,2.0227556698242144
-1.2487957429353997,1.7188059193924934,-4.728097961810408,4.045511339648429,-0.43761183878499466,2.023432467930695
-1.2458112171334355,1.718158387503822,-4.729730480812463,4.04686493586139,-0.4363167750076519,2.0221009894185964
-1.2314537965405243,1.7184640111674307,-4.729917833405735,4.044201978837193,-0.4369280223348693,2.0240547535006703
-1.2245221602393643,1.7181945731841504,-4.730974638722727,4.048109507001341,-0.43638914636830867,2.0239466172198166
-1.2118048183964785,1.7174869488265285,-4.732713932871129,4.047893234439633,-0.4349738976530648,2.0237451883500897
-1.1948836748960012,1.718019616771814,-4.732579845052765,4.047490376700179,-0.43603923354363566,2.024580725369059
-1.1856767403051736,1.7175857342591307,-4.733890043193967,4.049161450738118,-0.435171468518269,2.02538322758709
-1.1701512891330967,1.7177630508043613,-4.734293880835063,4.05076645517418,-0.43552610160873007,2.0253665349655017
-1.159742524436095,1.7172019172106587,-4.735817534174749,4.050733069931003,-0.43440383442132496,2.0253254200942936
-1.1474398900422784,1.7172485605084258,-4.736463000060299,4.050650840188587,-0.43449712101685906,2.023874653449942
-1.136996719193072,1.7173275533215355,-4.737054283266628,4.047749306899884,-0.4346551066430787,2.0229310817753343
-1.1312413887888937,1.717386173135188,-4.737624536439733,4.045862163550669,-0.43477234627038364,2.02336300552959
-1.1269636317122496,1.717088385317028,-4.7387439368282775,4.04672601105918,-0.43417677063406335,2.0231585855649494
-1.1196226547619115,1.7174227445561685,-4.738926784068596,4.046317171129899,-0.4348454891123443,2.0230078101998696
-1.117483645820303,1.7181912564931838,-4.73840583872218,4.046015620399739,-0.43638251298637515,2.0239321424534027
-1.1176082859442475,1.7184125214443586,-4.738704804925978,4.047864284906805,-0.4368250428887247,2.0254322800044746
-1.1160130809313458,1.7176796703682982,-4.740452314790539,4.050864560008949,-0.4353593407366038,2.0246810908009465
-1.111395034722487,1.7169551322742036,-4.7422023430814235,4.049362181601893,-0.43391026454841447,2.0236447301011067
-1.112224572473247,1.717034436747297,-4.7427406058357855,4.047289460202213,-0.4340688734946012,2.023333920387194
-1.1209346137175,1.716030730170116,-4.744941226849027,4.046667840774388,-0.4320614603402395,2.0222587432891914
-1.1263638247009906,1.7164263443989338,-4.745036516599411,4.044517486578383,-0.43285268879787486,2.0218329487437043
-1.1406050797417873,1.7167475699240955,-4.745245106950123,4.043665897487409,-0.4334951398481981,2.021102181340141
-1.1573902157874505,1.716618824167245,-4.746117091666026,4.042204362680282,-0.43323764833449724,2.0208169685053217
-1.1686713599645877,1.7161767699981954,-4.747467865386284,4.041633937010643,-0.4323535399963976,2.0217641841798457
-1.1816008739704373,1.7159510747086273,-4.748494985243484,4.043528368359691,-0.4319021494172614,2.0213831731965177
-1.1960440125132683,1.7157433955337575,-4.749490081288183,4.0427663463930354,-0.4314867910675219,2.0205944968322402
-1.2084537464078782,1.7155282512310908,-4.750482086998034,4.0411889936644805,-0.4310565024621885,2.0205476529507242
-1.2247885062833754,1.7160546091678053,-4.750339659765297,4.0410953059014485,-0.4321092183356177,2.021218942360501
-1.241961443338305,1.7146831398178959,-4.753132266804352,4.042437884721002,-0.42936627963579915,2.018644683152229
-1.2522834015979338,1.7150285576068438,-4.753278855773122,4.037289366304458,-0.4300571152136952,2.0192842140862095
-1.2702006455914088,1.7152111178910852,-4.753687911014053,4.038568428172419,-0.43042223578217786,2.0188324630891774
-1.2858944259700253,1.716111769774304,-4.752983801720133,4.037664926178355,-0.43222353954861575,2.0190305910334154
-1.3025915302952913,1.7149655986114294,-4.755374351545408,4.038061182066831,-0.4299311972228665,2.0190649586520535
-1.3089099528234298,1.715327089242648,-4.755537339044524,4.038129917304107,-0.4306541784853039,2.01874918867913
-1.3222824476221442,1.7154563310557425,-4.755983502778292,4.03749837735826,-0.4309126621114928,2.0186072396074213
-1.3345584245411874,1.7157873205286045,-4.756135734125297,4.0372144792148426,-0.43157464105721677,2.019162423807652
-1.3505532818060484,1.7161870995827815,-4.756182173099773,4.038324847615304,-0.4323741991655709,2.020733193658984
-1.3656325538050602,1.7152468089113673,-4.758349317874865,4.041466387317968,-0.43049361782274237,2.0170485858360077
-1.3710697792924171,1.7149310667894977,-4.759502051894411,4.034097171672015,-0.42986213357900305,2.0172927268474203
-1.3784573844394883,1.7149529205170537,-4.7601497889668805,4.034585453694841,-0.42990584103411505,2.016951198661095
-1.3880293216862007,1.714760433962279,-4.761148695286476,4.03390239732219,-0.42952086792456584,2.016413114488525
-1.3916376021687884,1.7134092378216765,-4.7638897577244075,4.03282622897705,-0.42681847564336056,2.013427084144756
-1.39480058507894,1.7128210162418664,-4.765493136997927,4.026854168289512,-0.42564203248374016,2.0129334105420313
-1.4070673697616014,1.7130495099114458,-4.765805415486565,4.025866821084063,-0.4260990198228988,2.0143880802783447
-1.423079595331124,1.7125023213553388,-4.767312218214403,4.028776160556689,-0.42500464271068494,2.014186076298518
-1.4331943294379421,1.7108973392314522,-4.770428104177265,4.028372152597036,-0.42179467846291163,2.010946929937428
-1.4415969447770518,1.7111083241572411,-4.770793889457142,4.021893859874856,-0.4222166483144894,2.0109478790859376
-1.460100028701377,1.7103924890696758,-4.7725649868232125,4.021895758171875,-0.42078497813935895,2.009846659111629
-1.4735524723851867,1.710185533656625,-4.773579894450286,4.019693318223258,-0.4203710673132575,2.0087691155795064
-1.4941079615871198,1.7104241347558589,-4.773875956183098,4.017538231159013,-0.4208482695117251,2.0103028763227226
-1.5101197298046154,1.7101017775314615,-4.7750260961805235,4.020605752645445,-0.4202035550629305,2.0094352369648023
-1.5247761198228442,1.710266802533713,-4.775407986960983,4.018870473929605,-0.42053360506743376,2.0110751407461303
-1.5427432410229285,1.7096006221427271,-4.777121504398497,4.0221502814922605,-0.41920124428546174,2.0104253965198864
-1.5625036796241205,1.7098217756581966,-4.777469951854122,4.020850793039773,-0.4196435513164005,2.0117406749623417
-1.5818855293721428,1.7093710555925081,-4.778860311172615,4.023481349924683,-0.41874211118502375,2.010705588940079
-1.5998036632444999,1.7086201314698988,-4.780679110123779,4.021411177880158,-0.41724026293980515,2.0103365094744614
-1.6193758364114377,1.7082919811413073,-4.781868179938037,4.020673018948923,-0.4165839622826221,2.009476045948931
-1.6449163429541014,1.707081570208965,-4.784373429949765,4.018952091897862,-0.41416314041793767,2.007825734105891
-1.671622064643918,1.7070369756944064,-4.785102488256947,4.015651468211782,-0.4140739513888203,2.008444336005873
-1.7018720255614843,1.706693865881565,-4.7862754337954225,4.016888672011746,-0.4133877317631373,2.0082674338985065
-1.7294065210395146,1.7066657884890868,-4.787001487271979,4.016534867797013,-0.41333157697818096,2.0079168890801067
-1.758922014328692,1.7062812559913094,-4.78826850372229,4.015833778160213,-0.41256251198262617,2.0075800757235234
-1.7859905102078093,1.7054420277424853,-4.7902416728292065,4.015160151447047,-0.4108840554849781,2.0068577941639374
-1.8067162575645916,1.7048761401675925,-4.791813666337507,4.013715588327875,-0.4097522803351926,2.0064801952495905
-1.828404856816367,1.704851189577751,-4.792491697284218,4.012960390499181,-0.40970237915550944,2.0075449198058726
-1.85477802780566,1.7054512759316285,-4.792298351155586,4.015089839611745,-0.41090255186326463,2.0094534748434234
-1.8791182531244797,1.7046525192085984,-4.794181939021883,4.018906949686847,-0.40930503841720467,2.0099130383238304
-1.888074118081735,1.7039397935007365,-4.795951226484772,4.019826076647661,-0.40787958700148114,2.009753978291977
-1.9013423330517725,1.7033846813521847,-4.797517268174892,4.019507956583954,-0.40676936270437725,2.010660663813487
-1.9139565725911374,1.704244292720026,-4.7968931976184725,4.021321327626974,-0.40848858544005984,2.01277571911094
-1.9309238566921252,1.7046164480963741,-4.79702747515012,4.02555143822188,-0.4092328961927558,2.0136704888167962
-1.9418245291515701,1.7045556901863583,-4.7977957267852265,4.0273409776335924,-0.4091113803727242,2.013851117032863
-1.9468968563386206,1.703833066742563,-4.799573813304843,4.027702234065726,-0.4076661334851336,2.0132476572027866
-1.9505720915214448,1.7030793096395167,-4.801383726598012,4.026495314405573,-0.4061586192790413,2.013967842192856
-1.953495121410926,1.7034600950276457,-4.801502939394392,4.027935684385712,-0.4069201900552995,2.0139348908100145
-1.9633612693899218,1.7033412171412652,-4.802355618433227,4.027869781620029,-0.4066824342825384,2.014415134978751
-1.9666623639549075,1.7019530777043113,-4.80520571935631,4.028830269957502,-0.40390615540863056,2.011565056105872
-1.962716153837813,1.702195643206714,-4.805534340690672,4.023130112211744,-0.40439128641343597,2.0119949992156636
-1.9669972275476084,1.7009773780627842,-4.808115795031401,4.023989998431327,-0.4019547561255764,2.009940746214951
-1.9596445556463427,1.7000939866016611,-4.81011389802116,4.019881492429902,-0.4001879732033303,2.009683082756888
-1.9581630069163363,1.7002130058874008,-4.810615155682798,4.019366165513776,-0.4004260117748095,2.0097968872710403
-1.961188543346318,1.7000898032451195,-4.811484953982998,4.019593774542081,-0.40017960649024714,2.010214784285797
-1.9623152087116162,1.7000348670736953,-4.812250678813996,4.020429568571594,-0.40006973414739905,2.0108459307274034
-1.9618453189111174,1.7001669510028452,-4.812717699419498,4.021691861454807,-0.4003339020056986,2.0131665246472856
-1.9576107280588046,1.6998293132026001,-4.813920470418309,4.026333049294571,-0.3996586264052083,2.01256183736123
-1.9482472655163967,1.6992385753231007,-4.815484827795422,4.02512367472246,-0.39847715064620937,2.0150041746264593
-1.939646714415911,1.698629092130218,-4.81708863195823,4.030008349252919,-0.3972581842604439,2.0148597562216706
-1.9373323502580972,1.697920467236958,-4.818873942732363,4.029719512443341,-0.39584093447392404,2.015752033078133
-1.9337637753511174,1.697473894243231,-4.820261853791691,4.031504066156266,-0.3949477884864698,2.0150767473789855
-1.9307761416649072,1.6967734834086894,-4.82197243965966,4.030153494757971,-0.3935469668173864,2.016485843494124
-1.9266732260002266,1.6968352233659048,-4.822601540688033,4.032971686988248,-0.39367044673181695,2.016947303150494
-1.9331758537996961,1.6952758088424227,-4.825626369376465,4.033894606300988,-0.39055161768485275,2.01495638791857
-1.9375463333224134,1.6953858016297336,-4.826139629401461,4.02991277583714,-0.39077160325947463,2.0154908523335164
-1.953181766809894,1.6953608520229508,-4.826900599612209,4.030981704667033,-0.3907217040459092,2.0160845964087026
-1.9643492778484575,1.6956170088637694,-4.827198546067181,4.032169192817405,-0.3912340177275466,2.016604134002083
-1.972714344471405,1.6951852683673385,-4.8285641248123685,4.033208268004166,-0.39037053673468464,2.016294504647542
-1.9801428055532186,1.6947173259672288,-4.829985624535162,4.032589009295084,-0.3894346519344653,2.0172909828523777
-1.9891517182635958,1.6941678966781604,-4.831543243915698,4.0345819657047555,-0.3883357933563286,2.017062992091026
-1.9937937897611295,1.6942473972463539,-4.832108479040159,4.034125984182052,-0.38849479449271557,2.017654484161353
-2.004256599147382,1.693308098817254,-4.8342632325679515,4.035308968322706,-0.3866161976345158,2.017904289917999
-2.0058218360229585,1.6929413490273784,-4.835496073651527,4.035808579835998,-0.3858826980547645,2.0183884103101395
-2.0090983943161507,1.692827348976466,-4.836398707360114,4.036776820620279,-0.38565469795294,2.0192022178334574
-2.0155039803109807,1.6914613590921521,-4.839209372097291,4.038404435666915,-0.38292271818431195,2.016870117941917
-2.0186883191096516,1.691181169605319,-4.840345346494661,4.033740235883834,-0.3823623392106456,2.0182097924161586
-2.030830175223827,1.6897583049783302,-4.843201821569204,4.036419584832317,-0.3795166099566683,2.018578321463839
-2.0423050125359543,1.6905410730606178,-4.842716329783033,4.037156642927678,-0.3810821461212436,2.0210055437488132
-2.0642807204951623,1.6903168534695552,-4.84372921058423,4.0420110874976265,-0.3806337069391182,2.0223419459518555
-2.0759519707748004,1.6906384457302177,-4.843955554865055,4.044683891903711,-0.3812768914604434,2.0247055317163416
-2.0868325345163967,1.6908214247457742,-4.84438061115299,4.049411063432683,-0.38164284949155636,2.0283790099525727
-2.0917324581964927,1.6912252356111408,-4.844453749166399,4.056758019905145,-0.3824504712222894,2.029597814764339
-2.093588292622142,1.691187444001806,-4.845177219745961,4.059195629528678,-0.38237488800361985,2.0344739514366297
-2.0881939383658823,1.6902634276097777,-4.847333362824872,4.068947902873259,-0.3805268552195634,2.0332671541613725
-2.0807100218277688,1.6896457875729947,-4.849032227574662,4.066534308322745,-0.3792915751459974,2.0322074933410623
-2.07090348933131,1.6896647704729368,-4.8497204867325046,4.064414986682125,-0.37932954094588184,2.0327674411269485
-2.0662452238262965,1.689236572281594,-4.851112065112717,4.065534882253897,-0.37847314456319636,2.034334760105042
-2.0600146049790684,1.6891944161633434,-4.851940531214645,4.068669520210084,-0.37838883232669507,2.034088833312815
-2.058240780337476,1.688061914701043,-4.854381394650822,4.06817766662563,-0.37612382940209416,2.0338423784375066
-2.0516431176056598,1.6881479503057866,-4.855025135451762,4.067684756875013,-0.3762959006115814,2.0337681078553196
-2.0510546197010475,1.687608576444326,-4.856608933965039,4.067536215710639,-0.3752171528886605,2.032579648602419
-2.045568227216968,1.6877100655763573,-4.857195650610662,4.065159297204838,-0.375420131152723,2.0328334573022078
-2.0448791449088426,1.686842426897957,-4.859252897956985,4.0656669146044155,-0.3736848537959225,2.033259961919288
-2.036547804897389,1.6863747261939517,-4.8606906351814985,4.066519923838576,-0.372749452387912,2.033760673256805
-2.0316258800623492,1.6874834016863707,-4.859772474935041,4.06752134651361,-0.37496680337274985,2.034268438134341
-2.0324643827492377,1.6872907065295728,-4.860784686835259,4.068536876268682,-0.37458141305915427,2.035472311135266
-2.0166672349738217,1.687442062613142,-4.861290079420897,4.070944622270532,-0.37488412522629244,2.0381660699222914
-2.00133774855302,1.6875779197243688,-4.861803495145409,4.076332139844583,-0.3751558394487463,2.038060065948223
-1.9785636780346731,1.6877442848309347,-4.862242987181797,4.076120131896446,-0.37548856966187816,2.0392199146874597
-1.9600257355124202,1.6873766680388997,-4.863532840054548,4.078439829374919,-0.3747533360778081,2.039712323661506
-1.938337821069839,1.686472902689045,-4.865670239956741,4.079424647323012,-0.3729458053780985,2.0393085093545866
-1.919326892804492,1.6866699356027786,-4.8661039295810085,4.078617018709173,-0.37333987120556544,2.0398388003758945
-1.9089837636554448,1.685947836416736,-4.867966413139005,4.079677600751789,-0.3718956728334804,2.0382840977758483
-1.8979879022822002,1.6860091637687409,-4.868609962654432,4.076568195551697,-0.37201832753749015,2.0411133681756732
-1.8928955278919641,1.6851632118708821,-4.870566403424139,4.0822267363513465,-0.3703264237417726,2.0425807680002945
-1.881280457213065,1.6849543965247793,-4.871564449032958,4.085161536000589,-0.3699087930495669,2.0441651272847827
-1.8728306374628358,1.6849051713589658,-4.872360106025588,4.0883302545695654,-0.36981034271793967,2.04518664248784
-1.8664645371773627,1.6847010944493712,-4.873380974653872,4.09037328497568,-0.36940218889875054,2.0456421922840087
-1.8583503399976546,1.684471563551413,-4.874535120689668,4.091284384568017,-0.3689431271028338,2.0447462737091437
-1.8514574546002187,1.6857585758807283,-4.873307648898218,4.0894925474182875,-0.3715171517614645,2.0476741054481553
-1.8448061954732773,1.6856018542599316,-4.874287935660969,4.095348210896311,-0.37120370851987083,2.0485516289171883
-1.8273655692142166,1.6851444302453602,-4.87579547359081,4.097103257834377,-0.3702888604907279,2.0470194960393813
-1.8077933871091219,1.6846416834625584,-4.8772691696893675,4.0940389920787625,-0.3692833669251241,2.048760501330686
-1.7916607706928946,1.6844619104535037,-4.8782627032132275,4.097521002661372,-0.3689238209070146,2.050156851491471
-1.7752899830183138,1.684374114119118,-4.87914423365501,4.100313702982942,-0.3687482282382431,2.051216427615065
-1.7583772418976134,1.6848963492607363,-4.879076193463483,4.10243285523013,-0.3697926985214799,2.052369333695536
-1.7509523530833917,1.6844130686993013,-4.880599483599409,4.104738667391072,-0.3688261373986099,2.0517428221973177
-1.7377788514514094,1.684105113590777,-4.881823813024624,4.1034856443946355,-0.36821022718156116,2.0511988257939957
-1.7290046708982776,1.6846777644091218,-4.881678829326791,4.102397651587991,-0.36935552881825084,2.0524679034628583
-1.725463192883705,1.6850283194645024,-4.88189051268196,4.104935806925717,-0.3700566389290119,2.0523911108903574
-1.7197073175077242,1.6854112650227493,-4.882061917224932,4.104782221780715,-0.3708225300455055,2.0528912486535726
-1.7109079265371636,1.6842202834159554,-4.884683198219916,4.105782497307145,-0.3684405668319179,2.050497218008911
-1.6922695538602142,1.6850053802271918,-4.884219135873389,4.100994436017822,-0.37001076045439074,2.052483789563991
-1.685852790044533,1.6850342487653476,-4.884961349125481,4.104967579127982,-0.3700684975307024,2.0519076942224928
-1.670060401462222,1.6857133923803334,-4.884649287007825,4.1038153884449855,-0.3714267847606738,2.0537451532888005
-1.6567214335089337,1.6846149859651336,-4.887084941156423,4.107490306577601,-0.36922997193027435,2.052353092785765
-1.6315963176794357,1.6859149680408005,-4.885831648069247,4.10470618557153,-0.3718299360816082,2.053286563769044
-1.6172263895900185,1.686009279289189,-4.886438741703434,4.106573127538088,-0.37201855857838523,2.053108980495055
-1.592116189293979,1.6869264361690184,-4.885789216434052,4.10621796099011,-0.3738528723380442,2.053731507908227
-1.5682413878207329,1.6866633469010939,-4.886958463072345,4.107463015816454,-0.37332669380219513,2.0534954156771392
-1.535644589968455,1.6879493597936692,-4.885753341900838,4.1069908313542784,-0.37589871958734583,2.0535404035774465
-1.5169550158194225,1.6883278653951568,-4.88591992328284,4.107080807154893,-0.3766557307903208,2.0539514768439346
-1.4881214111997139,1.6888162381620428,-4.885900843074111,4.107902953687869,-0.37763247632409297,2.0546958020714228
-1.4561792179766577,1.6888979536319495,-4.886531177189016,4.1093916041428455,-0.37779590726390627,2.054088338594742
-1.419007061710177,1.6896957683650877,-4.8860671582217465,4.108176677189484,-0.3793915367301827,2.055272424413393
-1.3832591140910244,1.6891876787056954,-4.887592977163673,4.110544848826786,-0.3783753574113981,2.054285037861001
-1.34031214282491,1.6891224440003494,-4.88843654014787,4.108570075722002,-0.378244888000706,2.0539008599060007
-1.3047060589287787,1.6887397000589706,-4.8897834209109305,4.107801719812001,-0.3774794001179483,2.0540807679667075
-1.267386587732946,1.6885561515242096,-4.890794705375725,4.108161535933415,-0.37711230304842613,2.054046273758609
-1.2320791542603846,1.6886792854512809,-4.891405869686221,4.108092547517218,-0.37735857090256897,2.0543476831688303
-1.2025785099640744,1.6887505563813185,-4.892035775385119,4.108695366337661,-0.3775011127626444,2.0553896044533864
-1.1754174040444365,1.689237244614812,-4.892030270145516,4.110779208906773,-0.3784744892296314,2.056375736469391
-1.152191733829981,1.6893740588023374,-4.892535426664975,4.112751472938782,-0.37874811760468186,2.0573585788819977
-1.1216661583802425,1.6900246750135832,-4.892257490999677,4.114717157763995,-0.3800493500271734,2.0577337633932125
-1.0973233043138189,1.6906802023159493,-4.892013491620939,4.115467526786425,-0.3813604046319054,2.058306513987561
-1.0710353853025794,1.6914207764073812,-4.891640462893163,4.116613027975122,-0.3828415528147692,2.058634956416336
-1.0464877900535754,1.6910373630723847,-4.892964848922348,4.117269912832672,-0.3820747261447762,2.0584830070476103
-1.0118187158380665,1.6904715131267263,-4.894619720382699,4.116966014095221,-0.38094302625345916,2.057033273052444
-0.9873943718670581,1.6902370177304527,-4.895772260231193,4.114066546104888,-0.380474035460912,2.0560706253155314
-0.968282296601501,1.6904500017002282,-4.89621697425404,4.112141250631063,-0.38090000340046304,2.055677728353124
-0.9578086666206294,1.6911180414379277,-4.895950894737538,4.111355456706248,-0.38223608287586175,2.0555530696105975
-0.9476305177903286,1.6918286587913756,-4.895589874192409,4.111106139221195,-0.38365731758275745,2.0561953687346373
-0.9428613342992591,1.6924699505576704,-4.8953709749528285,4.1123907374692745,-0.38493990111534726,2.056767134793716
-0.9373772934983102,1.6923259215565318,-4.896322609327642,4.113534269587432,-0.38465184311307044,2.0579005325895685
-0.9303568797688024,1.693197435083299,-4.8957277406995665,4.115801065179137,-0.38639487016660495,2.0581454977674145
-0.9281797662702553,1.6939180850809419,-4.895380582634316,4.116290995534829,-0.38783617016189054,2.058008376547915
-0.9262934160938134,1.6941693158528939,-4.89571605868852,4.11601675309583,-0.38833863170579463,2.0590951839110647
-0.9182261713356032,1.6940506375469497,-4.896653284471371,4.118190367822129,-0.38810127509390635,2.0587655185328906
-0.9085993696999544,1.6941091489374511,-4.89724981678598,4.117531037065781,-0.38821829787490914,2.0600498978098956
-0.8991912081798041,1.693450948687569,-4.899011151160728,4.120099795619791,-0.386901897375145,2.0590977606895335
-0.887590769475386,1.6937690441746716,-4.899242916165506,4.118195521379067,-0.3875380883493501,2.0598208961721234
-0.8828003635209827,1.6937403931993222,-4.900055998742497,4.119641792344247,-0.38748078639865163,2.0613901096253286
-0.8765747402067658,1.6946417371079168,-4.899415769456486,4.122780219250657,-0.38928347421584053,2.061508827681456
-0.8759899384634586,1.6957700847591564,-4.898432921716796,4.123017655362912,-0.39154016951831955,2.061874671666117
-0.8724384832374845,1.6958165086921366,-4.8991213902577595,4.123749343332234,-0.3916330173842803,2.0615362447732073
-0.8637571832470559,1.695841989399304,-4.89982691744365,4.123072489546415,-0.391683978798615,2.061075618723596
-0.8586947198101655,1.6954080132612042,-4.901219578065058,4.122151237447192,-0.39081602652241526,2.0612491301471616
-0.8566856949305226,1.6956089079559067,-4.901656047759735,4.122498260294323,-0.3912178159118204,2.0614701664612114
-0.8569104838057786,1.6958701486375614,-4.901992759809323,4.122940332922423,-0.39174029727512977,2.061916238835813
-0.8541186464167057,1.6969947182161336,-4.9010321517573345,4.123832477671626,-0.3939894364322743,2.0626634504238153
-0.8514000055748623,1.6966108289698012,-4.902388257757225,4.1253269008476305,-0.3932216579396094,2.063128551229286
-0.8398872313348926,1.697355391053188,-4.902005420631324,4.126257102458572,-0.3947107821063829,2.0631229961059283
-0.8366525092374308,1.698227139078838,-4.901411128058739,4.126245992211857,-0.3964542781576829,2.0634890994726214
-0.8337807687149943,1.6987641144454197,-4.901306374081668,4.126978198945243,-0.3975282288908466,2.064178485846168
-0.8289604148760281,1.6982093260796953,-4.902876375580493,4.128356971692336,-0.39641865215939776,2.0633936404773263
-0.818199226752939,1.6988763653169978,-4.90255856915562,4.126787280954653,-0.39775273063400296,2.0639305308889906
-0.8178547962129055,1.6986946425683003,-4.903582546920832,4.127861061777981,-0.3973892851366079,2.0636714749453104
-0.8158480677449473,1.6997539777643167,-4.902713250498324,4.127342949890621,-0.39950795552864055,2.064062754540867
-0.8192741640443284,1.7002535997205734,-4.902665260752621,4.128125509081734,-0.4005071994411539,2.0642567126500166
-0.8151772959459072,1.7000454030849443,-4.903724446753445,4.128513425300033,-0.40009080616989556,2.0638591583315646
-0.8072066214442879,1.7005385974185219,-4.903694409071666,4.127718316663129,-0.4010771948370507,2.0645988635116534
-0.7992399903489007,1.70100472941398,-4.903752061562966,4.129197727023307,-0.40200945882796685,2.0638928489775763
-0.790392482223008,1.7013896515826483,-4.903897584007864,4.127785697955153,-0.4027793031653034,2.0650330724194785
-0.7790738193450624,1.7017615171211196,-4.904067307430883,4.130066144838957,-0.40352303424224584,2.0647475771508708
-0.7707475626231699,1.7026729512231766,-4.903406606684066,4.1294951543017415,-0.40534590244636015,2.0649203501389364
-0.7683490152366734,1.7025804663926802,-4.904266597756406,4.129840700277873,-0.4051609327853673,2.0656325286799695
-0.7589979042563137,1.7029432657777932,-4.904457842605334,4.131265057359939,-0.40588653155559345,2.06569189290962
-0.7515060087436423,1.7038258172461491,-4.903807697873235,4.13138378581924,-0.40765163449230507,2.0673836646800625
-0.7418434194753734,1.7042488994407283,-4.903893549630098,4.134767329360125,-0.4084977988814633,2.068023378269316
-0.7275028642109991,1.704718819728234,-4.903895840869758,4.136046756538632,-0.40943763945647443,2.068707746791617
-0.7127058166805131,1.7049251321953842,-4.9043473099323815,4.137415493583234,-0.40985026439077493,2.0676815214781703
-0.7012655318783674,1.7061585871978648,-4.903168487026061,4.135363042956341,-0.4123171743957362,2.069395615104701
-0.6900689499871189,1.7061968976582607,-4.903838945748241,4.138791230209402,-0.412393795316528,2.068588985634468
-0.6730423923568738,1.7064064826704735,-4.904260048347401,4.137177971268936,-0.4128129653409537,2.068197601592848
-0.6611098437054235,1.7054733024930449,-4.906444125463511,4.136395203185696,-0.41094660498609653,2.06539917806801
-0.6482737201285635,1.7045593427359782,-4.9085189331886285,4.13079835613602,-0.4091186854719634,2.0652881680339497
-0.6374584454606267,1.7053453335984448,-4.908056618651818,4.130576336067899,-0.4106906671968963,2.065240933874512
-0.6384816822736981,1.7063968338054516,-4.9071876515382735,4.130481867749024,-0.41279366761091,2.0656757802342556
-0.6356987176779136,1.7059611131536838,-4.908616983237733,4.131351560468511,-0.4119222263073744,2.064722745813483
-0.6295282046343065,1.706638097975955,-4.90831408959673,4.129445491626966,-0.413276195951917,2.0655080392212803
-0.6309838640680323,1.7065385794174837,-4.90921024675894,4.131016078442561,-0.4130771588349744,2.0647484981089255
-0.6264947605397309,1.7074958325497622,-4.908446516594115,4.129496996217851,-0.4149916650995317,2.066643704704435
-0.627973549546764,1.7074953737060659,-4.90917640578404,4.13328740940887,-0.41499074741213904,2.066201849607609
-0.6245914803698529,1.7073343086067823,-4.91013908632503,4.132403699215218,-0.41466861721357184,2.066225785068987
-0.6230239658326941,1.7071878245923668,-4.911103317315792,4.132451570137974,-0.414375649184741,2.065409069039005
-0.6243257014550077,1.7077530989336793,-4.910993338931809,4.13081813807801,-0.41550619786736603,2.0650533552707357
-0.6331620604988846,1.7084651049441182,-4.910620968890805,4.1301067105414715,-0.4169302098882436,2.0663445894166936
-0.6394803594757823,1.7087337275705108,-4.910913216004079,4.132689178833387,-0.41746745514102895,2.0662656984405974
-0.643080833173546,1.7088907606905164,-4.911413114460233,4.132531396881195,-0.41778152138104035,2.0659479956726754
-0.6499032112859617,1.708348026658414,-4.9129993964716805,4.131895991345351,-0.4166960533168353,2.0643596158492996
-0.6564655872666094,1.708823516775467,-4.91301080900644,4.128719231698599,-0.41764703355094146,2.064252722006319
-0.6704938346623135,1.7096953403559054,-4.912435802069714,4.128505444012638,-0.419390680711818,2.0638945132524302
-0.6842526166303404,1.7097317427564478,-4.913089101598402,4.1277890265048605,-0.4194634855129027,2.0639460506167966
-0.6983148093165292,1.7092486692561253,-4.9145491889389294,4.127892101233593,-0.4184973385122579,2.0639233767419722
-0.7110565074297881,1.7097645874491316,-4.914462655893154,4.1278467534839445,-0.4195291748982705,2.0653269974446404
-0.729442497191457,1.7101129692899377,-4.9147118820853875,4.130653994889281,-0.4202259385798829,2.064170889290522
-0.740589741533515,1.7105916564313581,-4.914731457461002,4.128341778581044,-0.42118331286272387,2.0637783829286693
-0.7462092424911151,1.7093115073027951,-4.9173994644773975,4.127556765857339,-0.418623014605598,2.062946742280933
-0.7488186890175101,1.7093725371451505,-4.918053523123323,4.125893484561866,-0.41874507429030866,2.0620706666017825
-0.7655938632521155,1.7085462315394762,-4.920033265388418,4.124141333203565,-0.4170924630789599,2.0611282387146073
-0.7776124187636908,1.7088256442235226,-4.920341343615109,4.1222564774292145,-0.41765128844705257,2.060387304338108
-0.7991835621724794,1.7092723679704092,-4.9204005674544975,4.120774608676216,-0.41854473594082575,2.060010375700007
-0.8189906457504605,1.710137800223782,-4.919806029339547,4.120020751400014,-0.4202756004475713,2.0604263993704173
-0.8424035240268957,1.709782954893408,-4.9210630407037295,4.1208527987408345,-0.41956590978682357,2.0606035091290646
-0.8576467800964678,1.7104927659264042,-4.920696362719737,4.121207018258129,-0.42098553185281595,2.061101046887727
-0.8759125124529747,1.7109162812688832,-4.920797745140067,4.122202093775454,-0.42183256253777385,2.060328067465859
-0.8884087784935515,1.7113557033271016,-4.92084370074727,4.120656134931718,-0.42271140665421064,2.0608544099099753
-0.9010947517885253,1.7119081676712709,-4.920723995713488,4.1217088198199505,-0.42381633534254926,2.0605381862159406
-0.9149216879124316,1.7123344943611232,-4.920766249710913,4.121076372431881,-0.42466898872225384,2.0611493944737402
-0.9262678474806156,1.712478310554739,-4.921255684640782,4.1222987889474805,-0.42495662110948557,2.0610916768767966
-0.9347769085427382,1.7127417133083347,-4.921605722402955,4.122183353753593,-0.42548342661667693,2.060454907012542
-0.9396257003010815,1.7133822502819918,-4.921366160898112,4.120909814025084,-0.4267645005639911,2.0600335205578633
-0.9458230612351679,1.7134263340580704,-4.922035518904427,4.1200670411157265,-0.42685266811614825,2.059378452323269
-0.9511720051221122,1.7132776610131013,-4.923021392769394,4.118756904646538,-0.42655532202621016,2.058873991818381
-0.9552806633986681,1.7137083955648142,-4.923089388234276,4.117747983636762,-0.4274167911296358,2.05860059790707
-0.9586933216476572,1.7131125819254176,-4.9247342216508905,4.11720119581414,-0.42622516385084247,2.0565771244850497
-0.959307170722874,1.7123600941703536,-4.9266312139715644,4.113154248970099,-0.4247201883407147,2.054135232891237
-0.9633784319314076,1.7121005732835,-4.927757594522854,4.108270465782474,-0.4242011465670074,2.0523808720829724
-0.9739930706338686,1.7123587989566282,-4.928086416863598,4.104761744165945,-0.424717597913264,2.051801439299726
-0.9810538765169436,1.7133737320062647,-4.9272544716146305,4.103602878599452,-0.4267474640125369,2.0523579105655
-0.9884300356353672,1.7140078710301192,-4.926994028184655,4.104715821131,-0.42801574206024556,2.0560974872767948
-0.9848777102006019,1.7146173309955586,-4.9267989054693135,4.1121949745535895,-0.42923466199112426,2.0555434675370807
-0.9787081225436962,1.714675976525986,-4.927422033936439,4.1110869350741615,-0.42935195305197926,2.0566350829653635
-0.9697451971880175,1.7152976891212817,-4.92719360439298,4.113270165930727,-0.4305953782425706,2.0578162043782755
-0.9661677105845303,1.7153037015196313,-4.92787785785146,4.115632408756551,-0.43060740303926975,2.0571326741000666
-0.9557733344886206,1.7152859446649567,-4.928626740349846,4.114265348200133,-0.43057188932992024,2.057055804152303
-0.9487082923211991,1.715876213404362,-4.92845053784547,4.114111608304606,-0.43175242680873094,2.056847044653297
-0.9451735756218063,1.7157626607765646,-4.929348290929315,4.113694089306594,-0.43152532155313644,2.0562225593775048
-0.9388278418613325,1.7168042756638835,-4.9284620129903995,4.1124451187550095,-0.43360855132777415,2.0568591256601825
-0.938670474098152,1.7167163745475789,-4.9293158214956465,4.113718251320365,-0.4334327490951649,2.0557796142368057
-0.9318789991919596,1.7170251605246256,-4.929583963523564,4.111559228473611,-0.4340503210492586,2.054427416597284
-0.927120567164788,1.7177716107557985,-4.9291458173961935,4.108854833194568,-0.43554322151160446,2.054585126249685
-0.9232259334697304,1.7173222808484052,-4.930545670562142,4.10917025249937,-0.43464456169681764,2.0537126067514864
-0.9156519081651986,1.717419274442241,-4.931099422246127,4.107425213502973,-0.4348385488844891,2.054525285926714
-0.9117657814121376,1.7170715163281138,-4.932362769866062,4.109050571853428,-0.4341430326562349,2.05266443134688
-0.9055832837087734,1.7170047468822829,-4.933193477668841,4.10532886269376,-0.4340094937645729,2.051307954862757
-0.903985018685797,1.7173632233717695,-4.9333766449434675,4.102615909725514,-0.4347264467435461,2.050828001587794
-0.9011575558568516,1.7172388308739346,-4.934293951271015,4.101656003175588,-0.43447766174787633,2.0499110809853103
-0.8920262745834617,1.7174940195563588,-4.93458744135096,4.0998221619706205,-0.4349880391127249,2.050749397277307
-0.8833801161367445,1.717155152876071,-4.935821623814809,4.101498794554614,-0.43431030575214885,2.0496403138298667
-0.873365551576275,1.7173346485388763,-4.936216197724497,4.099280627659733,-0.43466929707775953,2.0497534622875397
-0.872083692508423,1.7173485439660545,-4.936899917317984,4.0995069245750795,-0.434697087932116,2.0502737601520615
-0.8730059022012755,1.716584075426647,-4.938778724540979,4.100547520304123,-0.43316815085330107,2.0485704440197674
-0.8752836560430444,1.716117816181545,-4.940211457931789,4.097140888039535,-0.43223563236309664,2.0468255509536597
-0.8822331812743078,1.716490427366298,-4.940321638058067,4.093651101907319,-0.43298085473260295,2.0471509487623125
-0.8969411760881902,1.7165879726473494,-4.940872435670627,4.094301897524625,-0.43317594529470577,2.047422502828744
-0.9092771587255117,1.7169801751063654,-4.940980949197093,4.094845005657488,-0.4339603502127377,2.0473938912862333
-0.9219177240691634,1.7170691223370844,-4.941534960994305,4.094787782572467,-0.43413824467417605,2.04808070802845
-0.9349796598385116,1.7166858925183626,-4.942835844144051,4.0961614160569,-0.4333717850367324,2.046530099074717
-0.9458886708932468,1.7167543507043659,-4.943428943079584,4.093060198149434,-0.4335087014087389,2.0463048867144518
-0.9656110452252031,1.7172425627399241,-4.94343463012274,4.0926097734289035,-0.43448512547985546,2.045594356781705
-0.985588391749213,1.716596378869256,-4.945131277166717,4.09118871356341,-0.4331927577385193,2.0446292976461176
-1.0017142032845756,1.7169973647215235,-4.945233652890704,4.089258595292235,-0.43399472944305423,2.0441739997092223
-1.0273666411169557,1.7172416089698885,-4.9455809358213285,4.088347999418445,-0.43448321793978417,2.0442583134686334
-1.0483035888275447,1.7178491929765902,-4.945372351533172,4.088516626937267,-0.43569838595318755,2.043996518418871
-1.0691619052375474,1.7181415886027953,-4.945662916977863,4.087993036837742,-0.4362831772055978,2.0435188205965447
-1.083993746036688,1.717870862808663,-4.946805775688303,4.087037641193089,-0.435741725617333,2.0422512526883567
-1.095176217825336,1.7176284248389702,-4.947907635929905,4.084502505376713,-0.43525684967794753,2.041166055276724
-1.1091319297305762,1.7174582373461889,-4.948869250556485,4.082332110553448,-0.43491647469238504,2.0412102135489745
-1.1233841947023322,1.7183213125095396,-4.948268626149718,4.082420427097949,-0.43664262501908624,2.0417075687588966
-1.1418366987546396,1.7196573698822444,-4.946949353941989,4.083415137517793,-0.4393147397644958,2.042089533684144
-1.1544422668689878,1.7198463430164155,-4.94738490533201,4.084179067368288,-0.4396926860328382,2.0413377276717664
-1.156224589493971,1.7204590083262057,-4.9471862186031474,4.082675455343533,-0.44091801665241853,2.0407293082375313
-1.1574274792072465,1.7215289892336694,-4.946261391975048,4.081458616475063,-0.443057978467346,2.041328748001763
-1.1522317729081015,1.7216177872555305,-4.946827678514198,4.082657496003526,-0.4432355745110682,2.0409297969240097
-1.1354124760873878,1.7221786282023206,-4.946665932405667,4.081859593848019,-0.44435725640464846,2.04100229943467
-1.1205757583991298,1.7226715456287178,-4.946631572395113,4.08200459886934,-0.4453430912574428,2.0413438563085773
-1.1024210662616807,1.7221085788227941,-4.94818768464611,4.082687712617155,-0.44421715764559533,2.0415869386271726
-1.080506793887127,1.7225461509989792,-4.94820332682709,4.083173877254345,-0.44509230199796546,2.041548255926776
-1.063735019768278,1.7229939428971128,-4.948200746447013,4.083096511853552,-0.44598788579423276,2.0416896124655857
-1.0425184244816865,1.7237499773147187,-4.947766269625968,4.083379224931171,-0.4474999546294447,2.0415283828348136
-1.019752629886665,1.72370539163864,-4.9485167930291345,4.083056765669627,-0.4474107832772873,2.040635645763881
-0.9932524497616124,1.7236058617284284,-4.949371880510144,4.081271291527762,-0.4472117234568641,2.039967096018615
-0.9637824917668025,1.7241932859198343,-4.949176035497458,4.07993419203723,-0.44838657183967584,2.040026666460613
-0.9386130515366897,1.7241549679108663,-4.9499589155266195,4.080053332921226,-0.44830993582173995,2.0389335611664006
-0.9101455208270464,1.7238768687124908,-4.951086580764501,4.077867122332801,-0.4477537374249889,2.0387152430844986
-0.8847232481085703,1.72365018246677,-4.952133520561709,4.077430486168997,-0.44730036493354725,2.0395821651697568
-0.8625776885918102,1.7237384648950203,-4.952677311715449,4.0791643303395135,-0.4474769297900477,2.0396126543237756
-0.8415215333719441,1.7234121884531197,-4.9538643148365455,4.079225308647551,-0.4468243769062465,2.039331834972657
-0.8183977959059776,1.7237138455761734,-4.954108057843731,4.078663669945314,-0.44742769115235387,2.039055532881318
-0.7981960748475618,1.7241262235880066,-4.9541741626097595,4.078111065762636,-0.4482524471760206,2.0392068387249687
-0.7821184068034333,1.7240476903021913,-4.9549651932783165,4.078413677449937,-0.4480953806043898,2.039216365829126
-0.7713321723493909,1.7240316549163268,-4.955702279004899,4.078432731658252,-0.44806330983266085,2.038375444222567
-0.7628080862896738,1.7233163443520416,-4.957470057748422,4.076750888445134,-0.44663268870409056,2.0374083111540595
-0.7566629121409081,1.7245120158646587,-4.95634689079222,4.074816622308119,-0.44902403172932487,2.03708926971665
-0.7653241622625404,1.72474216704145,-4.9567118281772276,4.0741785394333,-0.44948433408290756,2.036313897371164
-0.7660912672982905,1.7252277243830143,-4.95665677146355,4.072627794742328,-0.4504554487660363,2.0366147410320483
-0.7701254289818191,1.724625624263987,-4.958261569515766,4.073229482064097,-0.4492512485279818,2.0360416185339103
-0.7722665454542188,1.7244979911619518,-4.959165017027901,4.072083237067821,-0.44899598232391136,2.035665300843684
-0.7765211947034532,1.7238014589335986,-4.960900296963068,4.071330601687368,-0.4476029178672049,2.0351115239213127
-0.7828962708154572,1.7241397395189832,-4.961083167774187,4.070223047842625,-0.44827947903797427,2.035028447205075
-0.7979124271512577,1.7237235290557056,-4.962408718292901,4.07005689441015,-0.44744705811141894,2.0340339884296177
-0.8139821681336485,1.7230428525839716,-4.964127014241747,4.068067976859235,-0.446085705167951,2.033374725603188
-0.8316619701857899,1.7240904223006692,-4.963242301762064,4.066749451206376,-0.4481808446013463,2.0329865113038195
-0.8567395666132489,1.7243450865784093,-4.963522846825321,4.065973022607639,-0.4486901731568263,2.034511542984808
-0.8774343619258969,1.7253772661184976,-4.962593791257608,4.069023085969616,-0.450754532237003,2.036463401285146
-0.8988955785145567,1.7257348864046698,-4.962750896327207,4.072926802570292,-0.4514697728093475,2.0365348260625957
-0.9115995537763473,1.7258192833955264,-4.963341191314288,4.0730696521251915,-0.4516385667910606,2.036261237159245
-0.9206648596312039,1.7265318186408571,-4.962934724465418,4.07252247431849,-0.4530636372817221,2.036045528861482
-0.9312376387200496,1.7272156649365389,-4.962594244895008,4.072091057722964,-0.4544313298730855,2.036284640626211
-0.936152747337939,1.727679933974096,-4.962583596400089,4.072569281252422,-0.45535986794819966,2.0361854107532715
-0.9380841649164506,1.727643561680174,-4.963299372359568,4.072370821506543,-0.45528712336035554,2.0359403260869495
-0.9381224568314535,1.7277648111748654,-4.96382317046443,4.071880652173899,-0.45552962234973826,2.034727804718552
-0.9378802407813529,1.7275604256406458,-4.964848761622234,4.069455609437104,-0.45512085128129914,2.0337712459839383
-0.9356767007520927,1.7278308680483898,-4.9651121124555955,4.067542491967877,-0.45566173609678723,2.034039075785767
-0.9319615831623072,1.7282691129393664,-4.965139216225902,4.068078151571534,-0.45653822587874054,2.033728677766911
-0.9337339337510375,1.7282642047150572,-4.965824538378011,4.067457355533822,-0.4565284094301221,2.033920075263698
-0.9328492744435075,1.7281185070959857,-4.9667456697819095,4.067840150527396,-0.45623701419197915,2.033003374542679
-0.9336732424202268,1.7280180814518655,-4.967618636171461,4.066006749085358,-0.456036162903739,2.031581354292729
-0.9320885869547366,1.7280747988284457,-4.968215129686899,4.063162708585458,-0.45614959765689955,2.0305878399863233
-0.930368528405265,1.7278238094773977,-4.969290848624229,4.061175679972647,-0.45564761895480344,2.0306185594570856
-0.9239887253624746,1.7285939303099416,-4.968788664144848,4.061237118914171,-0.4571878606198912,2.031088039189468
-0.9227036184203175,1.7285661125260439,-4.969502603760256,4.062176078378936,-0.4571322250520959,2.0310451232852142
-0.9129558885355586,1.728280198778373,-4.970587369069044,4.0620902465704285,-0.45656039755675415,2.0301722036684384
-0.8993151385677018,1.7284940426194366,-4.970943467074626,4.060344407336877,-0.45698808523888146,2.029865190283244
-0.8938925501637875,1.7275497293012205,-4.973058111270539,4.059730380566488,-0.4550994586024495,2.027729271936832
-0.8856132959046454,1.7278147380789404,-4.973334692587678,4.055458543873664,-0.45562947615788935,2.0278250652083623
-0.8902622180430386,1.727808941847369,-4.974053619031458,4.0556501304167245,-0.45561788369474665,2.026938336426065
-0.8946783300876686,1.7283681408456348,-4.973883324903761,4.05387667285213,-0.45673628169127833,2.027182058245008
-0.9010087124723642,1.728926598116747,-4.973710048893025,4.054364116490016,-0.4578531962335026,2.027354522250745
-0.9082512224490218,1.7288385870011314,-4.974539433197319,4.05470904450149,-0.45767717400227126,2.025988059986848
-0.9146057319354308,1.728327761929801,-4.975964688329246,4.051976119973696,-0.4566555238596104,2.02501727266983
-0.9228063508122215,1.7277564060887272,-4.977492956088837,4.05003454533966,-0.45551281217746264,2.0244700731080183
-0.9330735396528693,1.728316504264218,-4.977325552971205,4.048940146216037,-0.4566330085284442,2.024442433249161
-0.9494360011513812,1.728247345696824,-4.978097988301264,4.048884866498322,-0.45649469139365606,2.0246374590007927
-0.9603211637204847,1.7283640319519824,-4.978608940042196,4.0492749180015855,-0.45672806390397297,2.0238623885957057
-0.9733188062976881,1.7291142911600277,-4.978159503188286,4.047724777191411,-0.45822858232006375,2.0238091896984716
-0.98953248737228,1.7296484181645946,-4.97801516763936,4.047618379396943,-0.45929683632919766,2.023722650949662
-1.0010305524005574,1.729630332400891,-4.978754362309174,4.047445301899324,-0.45926066480179034,2.0228841482935875
-1.007412533462631,1.729806730590747,-4.979157266399149,4.045768296587175,-0.459613461181502,2.022291834499383
-1.013729676739688,1.7295518951526783,-4.980250350918474,4.044583668998766,-0.4591037903053646,2.0216624075932987
-1.0181029877301677,1.7299843867572875,-4.980282492189234,4.0433248151865975,-0.4599687735145829,2.021651480073919
-1.024006936879986,1.730632181689462,-4.979963321116438,4.043302960147838,-0.46126436337893223,2.021344569214794
-1.032171377554556,1.7307616108631925,-4.980460722330327,4.042689138429588,-0.461523221726393,2.0214174932782836
-1.0351009424105664,1.7311783455535497,-4.9805188810394165,4.042834986556567,-0.4623566911071074,2.0220658953756825
-1.0363991234368517,1.731258528777605,-4.981057872841854,4.044131790751365,-0.46251705755521805,2.0224351829095584
-1.035415293788211,1.7314081624148114,-4.981533460249432,4.044870365819117,-0.4628163248296308,2.0230064510852657
-1.029507471022212,1.7318917182463225,-4.98144531915861,4.046012902170531,-0.46378343649265297,2.0234370390804433
-1.0246816560958272,1.7325823917500325,-4.981072340953191,4.0468740781608865,-0.465164783500073,2.024394760400703
-1.0173956068669145,1.7325119184392939,-4.981829918431597,4.048789520801406,-0.4650238368785959,2.023978200377604
-1.0070866289030063,1.7332067333482382,-4.98147170462936,4.047956400755208,-0.46641346669648454,2.0239685321562315
-1.001632895719574,1.733078118530873,-4.98236826506877,4.047937064312463,-0.46615623706175413,2.0234199640170676
-0.9896421539354616,1.7337310611376202,-4.982060778967598,4.046839928034135,-0.46746212227524847,2.023156440457177
-0.9776326253605125,1.733792557935047,-4.982627980762819,4.046312880914354,-0.4675851158701024,2.0235887933665597
-0.9578301643083549,1.7332368983846487,-4.984185811563007,4.0471775867331194,-0.46647379676930556,2.0215129035662485
-0.9389288062822296,1.7338339847589075,-4.9838753296827,4.043025807132497,-0.4676679695178234,2.0225577203706897
-0.9252401138448056,1.7349019402437955,-4.982904346555017,4.045115440741379,-0.46980388048759947,2.0239817955111827
-0.9101347556131758,1.7343799840736447,-4.984350643979831,4.0479635910223655,-0.4687599681472979,2.02276771614412
-0.889081810096024,1.7356372176694588,-4.983123021688702,4.04553543228824,-0.47127443533892593,2.022923939237777
-0.8778421936689842,1.736119662494163,-4.983037402263892,4.045847878475554,-0.47223932498833454,2.022739172828236
-0.8574666199844936,1.7356945717169843,-4.984346670457015,4.045478345656472,-0.47138914343397714,2.021441324441087
-0.8334837203269183,1.7357777478118444,-4.984859762684719,4.042882648882174,-0.4715554956236974,2.0220295241531585
-0.8119535392249615,1.7357485653866074,-4.985552062007986,4.044059048306317,-0.47149713077322364,2.02160378833957
-0.7923588531848424,1.7348846362191417,-4.987507208398485,4.04320757667914,-0.46976927243829214,2.020634269536961
-0.7746835329277415,1.7353667271424909,-4.987460007272998,4.041268539073922,-0.4707334542849903,2.0204605928084645
-0.7653547797752589,1.7351781135907112,-4.988423064268573,4.040921185616929,-0.47035622718143094,2.0196639785711787
-0.7545854680550583,1.7357932323227225,-4.988149053683503,4.0393279571423575,-0.47158646464545356,2.0195851598879084
-0.747750645788186,1.7360208407866409,-4.988465858124479,4.039170319775817,-0.47204168157329013,2.0190398265891494
-0.7381158757187967,1.7362396693583708,-4.98877046785994,4.038079653178299,-0.4724793387167498,2.0189076271988062
-0.7304559798118291,1.7361841236127589,-4.989521069747053,4.0378152543976125,-0.47236824722552573,2.01766230237327
-0.7252534495780578,1.7371313675713653,-4.98875593732743,4.03532460474654,-0.4742627351427384,2.0174492571453646
-0.7231461711534881,1.7380346418759125,-4.988041464306795,4.034898514290729,-0.47606928375183283,2.0177279288753316
-0.7200393302987167,1.738356648165568,-4.988176926845918,4.035455857750663,-0.47671329633114357,2.0177856619706755
-0.710630741143508,1.7389332714058918,-4.987959222124163,4.035571323941351,-0.4778665428117916,2.0174860328924105
-0.7042125735438995,1.739130926985099,-4.988320293604195,4.034972065784821,-0.4782618539702059,2.0174930377935616
-0.6947625067871979,1.738309443000561,-4.990209314924516,4.034986075587123,-0.47661888600112984,2.0156747188818853
-0.6798664526031937,1.738255317375285,-4.9909451571791354,4.031349437763771,-0.47651063475057814,2.0163603902682707
-0.6740936795243777,1.7385437399023023,-4.991165193647105,4.0327207805365415,-0.4770874798046124,2.0162017381775112
-0.675875286127392,1.7383040309583138,-4.992188401945684,4.0324034763550225,-0.4766080619166354,2.0158428073723704
-0.6730760492395755,1.7386856373361794,-4.992246424986212,4.031685614744741,-0.4773712746723666,2.016276249347156
-0.6806554988990552,1.738818232706633,-4.992689474537071,4.032552498694312,-0.4776364654132738,2.0156792078816532
-0.6885966371592565,1.7394300013442667,-4.992417403693105,4.0313584157633064,-0.47886000268854123,2.015741752562989
-0.6955499836509933,1.7384412856704434,-4.994561497453488,4.031483505125978,-0.47688257134089457,2.013042502572938
-0.6960401314352413,1.7387662742827412,-4.994749064812682,4.026085005145876,-0.47753254856549004,2.012900093953642
-0.7041916751823076,1.7389998252996912,-4.995020172851366,4.025800187907284,-0.47799965059939,2.013023527640288
-0.7069613218437483,1.7392514801445942,-4.995280065225696,4.026047055280576,-0.47850296028919576,2.0138021975070424
-0.7111758947264959,1.7400230822880682,-4.994718429769921,4.027604395014085,-0.480046164576144,2.0148022818484006
-0.7147013520888761,1.74039226102869,-4.994835984262784,4.029604563696801,-0.4807845220573873,2.0140526718090253
-0.7162864126101378,1.7407423324480287,-4.994968472927477,4.0281053436180505,-0.4814846648960647,2.013628642574172
-0.7171355717844987,1.7405902249533873,-4.99584263088725,4.027257285148344,-0.481180449906782,2.012923023635019
-0.7160652587338561,1.7398257292265502,-4.997662093993265,4.025846047270038,-0.47965145845310764,2.012063015903568
-0.7138693144551742,1.7395388483187753,-4.998732534921485,4.024126031807136,-0.4790776966375577,2.0111384730189847
-0.7214335970483114,1.7398161177282905,-4.998970002975142,4.0222769460379695,-0.4796322354565882,2.0115580908370547
-0.736632957548605,1.739781959533651,-4.999676087018582,4.0231161816741094,-0.4795639190673091,2.0108153552820394
-0.7512807933862846,1.7401061758836274,-4.999869293942018,4.021630710564079,-0.480212351767262,2.0106538817259687
-0.7698962823503459,1.740435100227435,-5.00000572102786,4.021307763451937,-0.48087020045487716,2.0106065819791703
-0.7878252974945736,1.7404187039445973,-5.000651526983423,4.021213163958341,-0.480837407889202,2.0107807760445517
-0.7994029726447418,1.7407440006203707,-5.000821674665497,4.0215615520891035,-0.4814880012407486,2.0110560167028027
-0.8113365112629332,1.740647542676801,-5.001621624565516,4.022112033405605,-0.4812950853536095,2.0098613593798196
-0.8216988937414467,1.7413266773622034,-5.001250804860984,4.019722718759639,-0.4826533547244142,2.010875538852819
-0.8329837837158385,1.7406808378540943,-5.00289716715715,4.021751077705638,-0.48136167570819627,2.0083876021428035
-0.8388692442774288,1.7406938016413798,-5.003545161080369,4.016775204285607,-0.48138760328276725,2.008345534463313
-0.8496090638438285,1.7406681505742796,-5.004218746676339,4.016691068926626,-0.4813363011485669,2.0076238382594056
-0.8630616399959594,1.7407971938644276,-5.004706928249048,4.015247676518811,-0.4815943877288628,2.006961428422021
-0.8722042411918078,1.7407520335413935,-5.005427193303514,4.013922856844042,-0.48150406708279475,2.0066489147203215
-0.8815170448766434,1.741258246165032,-5.005314403614315,4.013297829440643,-0.482516492330072,2.0065232931263486
-0.8931746335895965,1.7413697372489432,-5.0057999306828975,4.013046586252697,-0.4827394744978942,2.00632041848095
-0.9020159797408951,1.7412262853293354,-5.006694834819555,4.0126408369619,-0.4824525706586788,2.0050891541284286
-0.9133618888969508,1.7411798097846622,-5.00742919070941,4.010178308256857,-0.48235961956933265,2.005011939076124
-0.9270843367317196,1.741606542107344,-5.007443276343459,4.010023878152248,-0.48321308421469605,2.0053259734643514
-0.9435392097945066,1.741440020596555,-5.008363451467484,4.010651946928703,-0.48288004119311817,2.004008407308273
-0.9550181971097609,1.7420939917818707,-5.008001233598194,4.008016814616546,-0.4841879835637495,2.003917990090846
-0.9653327834686625,1.7426382485230913,-5.0078157956511715,4.007835980181692,-0.4852764970461905,2.004422725774517
-0.9698391095414767,1.7421402452905737,-5.009204314842737,4.008845451549034,-0.4842804905811553,2.0039476216754553
-0.969616235293417,1.7420351009214285,-5.010022476744478,4.0078952433509105,-0.48407020184286487,2.0030860583704544
-0.9719074744728586,1.7415029302689353,-5.011501451871072,4.006172116740909,-0.4830058605378786,2.001273942991642
-0.9747173120687949,1.7403503268527711,-5.0139176389762286,4.002547885983284,-0.48070065370555026,1.9989035242818576
-0.9796289715197029,1.7400087863337745,-5.01511584078343,3.997807048563715,-0.480017572667557,1.9981878533586082
-0.9911240698371149,1.7394091751303458,-5.01662302169305,3.9963757067172163,-0.47881835026069924,1.9974488146917506
-1.0049202812743987,1.7397398408860159,-5.016783580375906,3.9948976293835012,-0.47947968177203937,1.9987966395681822
-1.022887340686955,1.7399565370142343,-5.017096988965523,3.9975932791363644,-0.47991307402847627,1.999560619514512
-1.042146132447911,1.7395599229520373,-5.018358321378219,3.999121239029024,-0.4791198459040825,1.9984528186888717
-1.055267633590442,1.7392253164798213,-5.019530634601832,3.9969056373777434,-0.47845063295965057,1.9973712266418624
-1.07001749305378,1.7381739207299276,-5.0217942533674025,3.994742453283725,-0.4763478414598633,1.994565553150952
-1.0839592619147265,1.7381453200796315,-5.022455037971128,3.989131106301904,-0.4762906401592709,1.9951598615977655
-1.1054690285312914,1.7380527330772664,-5.023269830427483,3.990319723195531,-0.4761054661545406,1.9948024292003959
-1.1262071065060884,1.7385459072585094,-5.023205968064048,3.9896048584007917,-0.47709181451702665,1.9951663358944265
-1.1511002031734767,1.739456247220022,-5.022466075552216,3.990332671788853,-0.47891249444005174,1.9954571294804118
-1.1745010716111164,1.7392909371737513,-5.023342558748982,3.9909142589608235,-0.47858187434751054,1.9955988706763763
-1.188703628941699,1.739335447571794,-5.023924205357405,3.9911977413527526,-0.47867089514359595,1.9952225566962338
-1.203373470279597,1.7385487819536816,-5.025784252462283,3.9904451133924677,-0.4770975639073714,1.9940474279539135
-1.2173746688112863,1.7378483736242176,-5.027463245746798,3.988094855907827,-0.47569674724844346,1.9933999719985422
-1.2338989211988718,1.7381690924558304,-5.027633315463587,3.9867999439970845,-0.4763381849116689,1.99345371374665
-1.2593279844179248,1.738205753370542,-5.02824400024741,3.9869074274933,-0.4764115067410922,1.9943100230877149
-1.284746317795948,1.7379827880592786,-5.029228612310234,3.9886200461754298,-0.4759655761185657,1.9948387467277346
-1.3062775063214964,1.7375495143075972,-5.030559665028428,3.9896774934554693,-0.4750990286152029,1.9948271964127242
-1.3271236258393824,1.7373344448930226,-5.031495821367352,3.9896543928254484,-0.47466888978605354,1.9944087623945528
-1.347353010471556,1.7356509171598478,-5.0347214993184854,3.9888175247891056,-0.471301834319704,1.991315308082989
-1.358750442879313,1.7346684979948204,-5.036845240882607,3.982630616165978,-0.46933699598964923,1.9894451360740344
-1.376858169148079,1.7343539848812237,-5.037967279302447,3.978890272148069,-0.46870796976245593,1.989032387963341
-1.3974845620073002,1.7336764911335563,-5.039656247671987,3.978064775926682,-0.4673529822671212,1.988218238951843
-1.4197072650485083,1.7330823170443723,-5.041222748677566,3.976436477903686,-0.4661646340887531,1.9875607583204216
-1.4457515849074065,1.732999375950079,-5.042033108061169,3.975121516640843,-0.4659987519001665,1.9864103330138105
-1.4731634760298333,1.732726666338235,-5.043075636550324,3.972820666027621,-0.46545333267647854,1.9863288603655889
-1.498033930850295,1.732867044101413,-5.0434931513870485,3.9726577207311777,-0.46573408820283446,1.9868303591221494
-1.5194271415708576,1.7331238691343347,-5.04376391037832,3.973660718244299,-0.46624773826867794,1.9877492891492938
-1.5392348329149974,1.7331716566524147,-5.044346465198357,3.9754985782985877,-0.46634331330483786,1.9882384717582036
-1.5556870145697603,1.7323887150142037,-5.046180791816501,3.976476943516407,-0.464777430028416,1.9877397601757003
-1.5716132686286013,1.731978604555522,-5.047470354686158,3.9754795203514006,-0.46395720911105265,1.9874543325303493
-1.5968178058285982,1.731776894736332,-5.0484089534436,3.9749086650606986,-0.46355378947267234,1.9882105783899997
-1.6229342231952044,1.732033899846176,-5.048697171860315,3.9764211567799994,-0.4640677996923606,1.9876756395351263
-1.6505596826227489,1.7327973186513768,-5.048201809462501,3.9753512790702525,-0.4655946373027624,1.9881338855417514
-1.6732655149810265,1.7322926198413005,-5.0496361807433185,3.976267771083503,-0.4645852396826099,1.9874157671139283
-1.683808228021328,1.731935698331383,-5.0508292966167945,3.9748315342278566,-0.46387139666277477,1.9888608237230005
-1.6980412532466627,1.7327520669544736,-5.050271155584814,3.977721647446001,-0.46550413390895606,1.988687719956762
-1.7162461805384925,1.7320360055454627,-5.0519823822433745,3.977375439913524,-0.46407201109093404,1.988297787562401
-1.7236773778357346,1.7314759396622064,-5.053471586081108,3.976595575124802,-0.4629518793244216,1.988138926796017
-1.7318556640926213,1.7310623492235615,-5.0548017863982,3.976277853592034,-0.462124698447132,1.9875459834665792
-1.7411073078519372,1.7303407021477195,-5.056549392204091,3.9750919669331584,-0.46068140429544807,1.9867953699280536
-1.7430611897903479,1.730938805334972,-5.056323105057661,3.9735907398561072,-0.461877610669953,1.9875923716795458
-1.7461911664395888,1.732210581750661,-5.055058926697078,3.9751847433590917,-0.46442116350133117,1.9881044166219644
-1.7450850149583577,1.7323064690380074,-5.055581778527595,3.9762088332439287,-0.46461293807602383,1.9887491579162457
-1.7286013439703862,1.7323107726719456,-5.056219965290901,3.9774983158324915,-0.46462154534390016,1.9910836313507194
-1.7076389836553632,1.7323142640931304,-5.056893345122937,3.982167262701439,-0.46462852818626993,1.9911650941150374
-1.685535147934825,1.731712920480842,-5.0584305871540325,3.982330188230075,-0.4634258409616928,1.9909948997632732
-1.6600219057417798,1.7318603929553296,-5.058817791875547,3.9819897995265463,-0.4637207859106681,1.9920052093969247
-1.6397728898252035,1.7314053577446131,-5.060157860045465,3.9840104187938494,-0.46281071548923525,1.991592943881801
-1.6182980074420783,1.7318138250094834,-5.060198516166199,3.983185887763602,-0.46362765001897566,1.9925124292405447
-1.601348141397179,1.7316806857026734,-5.061073779433924,3.9850248584810894,-0.46336137140535577,1.9918318584605006
-1.5768464094317185,1.7319039712150144,-5.061364126026868,3.983663716921001,-0.46380794243003776,1.992440821993556
-1.5519096660992906,1.7317835592429154,-5.062187623746628,3.984881643987112,-0.4635671184858396,1.994023409492688
-1.5239875886995442,1.7318810981212158,-5.062686031410769,3.988046818985376,-0.46376219624244064,1.9946738498882137
-1.498870051679762,1.7319596776722757,-5.063269757983455,3.9893476997764274,-0.4639193553445601,1.9938437051730946
-1.4779178399373158,1.7317362607170073,-5.064233947102537,3.9876874103461892,-0.4634725214340233,1.9955097670430706
-1.4538648600187547,1.7314394612308923,-5.065320299226298,3.991019534086141,-0.4628789224617936,1.9954457481131262
-1.4295307735135978,1.731313849502219,-5.066130623376274,3.9908914962262525,-0.4626276990044469,1.9957947470133421
-1.412496804899292,1.7311617627218099,-5.067056806449539,3.9915894940266843,-0.4623235254436289,1.9953870298330467
-1.3932558807925433,1.7312608506364462,-5.067574467215552,3.9907740596660934,-0.4625217012729015,1.995614488238743
-1.3735206551100863,1.7307487014303475,-5.069000438018331,3.991228976477486,-0.46149740286070406,1.9955401851403913
-1.3505808972673252,1.7301851689544887,-5.070540102349398,3.9910803702807827,-0.46037033790898657,1.995070342641598
-1.327461322088444,1.7298133237289464,-5.071795538742231,3.990140685283196,-0.45962664745790166,1.9950050168429843
-1.3118386620980105,1.7294545665937389,-5.073013075629891,3.9900100336859685,-0.4589091331874868,1.9938389745615315
-1.3069897198110993,1.7296721664534074,-5.073354463193215,3.987677949123063,-0.4593443329068239,1.9949227458859524
-1.3069344141398087,1.7297592347742596,-5.073885015795723,3.989845491771905,-0.4595184695485285,1.9952493621083427
-1.3064916586796866,1.7298946628159264,-5.074385918507541,3.9904987242166854,-0.45978932563186187,1.9954526363350273
-1.306692400568834,1.7299871691031357,-5.074894655220639,3.9909052726700547,-0.4599743382062804,1.9949881538428154
-1.3041850108658153,1.730771279376742,-5.074352405448514,3.9899763076856307,-0.461542558753493,1.9956839687700603
-1.3045889868333491,1.7307841561950321,-5.075008979882498,3.9913679375401205,-0.46156831239007334,1.9953509089923678
-1.297202148717611,1.7315712104533245,-5.074508292803796,3.9907018179847356,-0.46314242090665797,1.996539581748116
-1.2946496208400369,1.7315727120902695,-5.075136659883666,3.993079163496232,-0.46314542418054794,1.9967851683500524
-1.2858162851019195,1.7322594516575944,-5.074767493347888,3.9935703367001048,-0.4645189033151976,1.9972231820146127
-1.2805265188324761,1.7320519166176465,-5.07575447065109,3.9944463640292254,-0.4641038332353014,1.9960831562198398
-1.2692216721555938,1.7322343434578846,-5.076120097112168,3.9921663124396796,-0.4644686869157776,1.9964789029568517
-1.2610649920788983,1.732209422857741,-5.07676871452303,3.9929578059137034,-0.46441884571549025,1.9973380063887805
-1.2524371530586187,1.7313761813458257,-5.078738537547327,3.994676012777561,-0.4627523626916598,1.9953968803205446
-1.2412300983358664,1.7308046806508215,-5.080275325896492,3.9907937606410893,-0.46160936130165126,1.9946526347590645
-1.2336504382053834,1.7305600548098632,-5.081322532984114,3.989305269518129,-0.4611201096197346,1.9941456009032392
-1.229455332971689,1.7304955811906144,-5.082070744650543,3.9882912018064784,-0.46099116238123716,1.994645717356967
-1.2266266393401164,1.7308056091832773,-5.082287668718282,3.989291434713934,-0.4616112183665631,1.9952364662359112
-1.2259396204915758,1.7309546495185073,-5.08273423882002,3.9904729324718224,-0.4619092990370233,1.9965397984697015
-1.2211286455213841,1.7310466136135614,-5.083264182458812,3.993079596939403,-0.4620932272271313,1.9960208238208725
-1.2130155454405451,1.7304269879938061,-5.084840671041883,3.992041647641745,-0.46085397598762057,1.9965731916142742
-1.201123879089402,1.7306181442645403,-5.085217729828881,3.9931463832285483,-0.46123628852908904,1.9962287490084316
-1.1926780877879857,1.7316292618365283,-5.0843200568524,3.9924574980168632,-0.4632585236730649,2.0000682408107977
-1.1867288472137245,1.7314911700138118,-5.085223219345351,4.000136481621595,-0.46298234002763167,1.9988236436669924
-1.1727035262098795,1.7308369764336105,-5.086872382701386,3.997647287333985,-0.46167395286722895,1.9978548778243752
-1.159094243148557,1.7305660178465903,-5.087931853161114,3.9957097556487504,-0.4611320356931887,1.9982712765303041
-1.150340705228051,1.7300377041368544,-5.089385126361113,3.9965425530606082,-0.4600754082737169,1.9984765506342592
-1.146979046448385,1.7297960344606509,-5.090414771398088,3.9969531012685184,-0.4595920689213099,1.997796493133206
-1.1472921469601527,1.729972342128117,-5.090809302561087,3.995592986266412,-0.4599446842562423,1.9982575266011302
-1.154611361377568,1.730756961723791,-5.090275527732651,3.9965150532022604,-0.46151392344759024,1.9989588604487114
-1.1629555581244437,1.7312758976114972,-5.090149129192751,3.997917720897423,-0.4625517952230026,1.9993387337860906
-1.1703827814139096,1.7312680803139788,-5.0908501134174875,3.9986774675721812,-0.46253616062796593,1.998727614985525
-1.1729548704562518,1.7307848886027761,-5.092291322467262,3.99745522997105,-0.46156977720556036,1.9961999648810769
-1.175549686236005,1.7306527570493788,-5.093180033350613,3.9923999297621537,-0.4613055140987658,1.9958381761761665
-1.1814758846007045,1.7304136409515036,-5.094183512971376,3.991676352352333,-0.46082728190301536,1.9957502565283858
-1.184157638008406,1.7294225565494328,-5.096341082398566,3.9915005130567716,-0.4588451130988737,1.9931147598804893
-1.1835385933703844,1.728234515339594,-5.098805758071311,3.9862295197609785,-0.45646903067919603,1.9905797824457598
-1.1858915649221542,1.7287171584889682,-5.098709850150321,3.9811595648915197,-0.4574343169779446,1.9918581854432005
-1.1976528534086759,1.7286117341636846,-5.0995545979612675,3.983716370886401,-0.4572234683273776,1.9915122962462344
-1.207058310950078,1.7289535335475719,-5.099691970291732,3.9830245924924688,-0.45790706709515194,1.9928271918054818
-1.2190123570488023,1.7283617019304518,-5.10127623725462,3.9856543836109637,-0.4567234038609117,1.9908387348760819
-1.2273191326963575,1.7282232459227207,-5.102125122298727,3.9816774697521637,-0.45644649184544966,1.9916544159554435
-1.2366953151131965,1.727894138449328,-5.103297819140566,3.983308831910887,-0.4557882768986645,1.99089536609024
-1.2472028289784203,1.727434334317418,-5.104668030623,3.98179073218048,-0.4548686686348445,1.9906540551643408
-1.2648413107879533,1.727733798552163,-5.104891080287556,3.9813081103286816,-0.4554675971043344,1.9903526399615405
-1.2858395162761145,1.7275184525047194,-5.105897531474205,3.980705279923081,-0.45503690500944693,1.9898236131649247
-1.30066001375071,1.727983138477087,-5.105875245098733,3.9796472263298495,-0.45596627695418196,1.9896819868580222
-1.3166464621991407,1.7277076445975927,-5.106928590281715,3.9793639737160444,-0.45541528919519364,1.9890621598160476
-1.3253984037774744,1.7261861220930441,-5.109901882741183,3.9781243196320952,-0.4523722441860964,1.9856361987493276
-1.3307408769068223,1.7262950469588456,-5.110376998333536,3.9712723974986552,-0.45259009391769917,1.9864733632900673
-1.3475276893913564,1.7265158498140392,-5.110742043441166,3.9729467265801346,-0.45303169962808615,1.9861024219525973
-1.368054429213481,1.7266427275002176,-5.11121918992936,3.9722048439051947,-0.453285455000443,1.9863566091855285
-1.3896765853534543,1.726569390152397,-5.111990541274704,3.972713218371057,-0.4531387803048021,1.9866566385297861
-1.4096827099574432,1.7263533085816154,-5.112990041026436,3.9733132770595723,-0.45270661716323884,1.9863237718628828
-1.4268358650057595,1.7268038014623717,-5.112986893813629,3.9726475437257656,-0.45360760292475155,1.9871683506193538
-1.4455536775501328,1.726532653187903,-5.114088899138924,3.9743367012387076,-0.4530653063758145,1.9868590101387167
-1.4582150133242355,1.7263844193298672,-5.115000225765713,3.9737180202774334,-0.4527688386597427,1.988394460653731
-1.4672487877607931,1.7261136917625308,-5.116067655238485,3.976788921307462,-0.45222738352506997,1.9882512701941164
-1.4705614719259286,1.7259429689775108,-5.116992148605938,3.976502540388233,-0.45188593795502974,1.9883076819677827
-1.4774709950148104,1.7258587936105863,-5.117804679315383,3.9766153639355655,-0.4517175872211808,1.9885508912292638
-1.4842567572168872,1.725867170330909,-5.118440922460535,3.9771017824585275,-0.4517343406618261,1.9883352578126163
-1.4929609769512315,1.7244653750949106,-5.121274281884503,3.9766705156252327,-0.44893075018982914,1.9846581658341471
-1.4944740471613396,1.7243525741768138,-5.122099179048462,3.9693163316682942,-0.4487051483536356,1.984694444260687
-1.5043746240684652,1.7244627699624862,-5.122591025232422,3.969388888521374,-0.44892553992498047,1.9849771773886662
-1.513146097004347,1.7235722602156738,-5.124571094354828,3.9699543547773324,-0.4471445204313559,1.984882047439064
-1.5159457496282434,1.722868654688976,-5.126306602599061,3.969764094878128,-0.44573730937796047,1.9846405086873462
-1.5244776072617716,1.7226438194327247,-5.127284135661604,3.9692810173746924,-0.44528763886545786,1.9851969921628365
-1.5360481637662238,1.722303890442279,-5.128474580115511,3.970393984325673,-0.44460778088456615,1.9863483589967195
-1.550521431490803,1.7221977588774589,-5.129320180642599,3.972696717993439,-0.4443955177549259,1.9856490677638237
-1.5654142278518126,1.7207188284734451,-5.132266431639204,3.9712981355276473,-0.4414376569468987,1.9830509898937563
-1.5699056944947367,1.72070400250976,-5.132976925737542,3.9661019797875126,-0.44140800501952854,1.9825882861478576
-1.5849485385265512,1.7207284937511913,-5.133605295827529,3.9651765722957153,-0.44145698750239126,1.9827487741100243
-1.6009140097893626,1.7211920765025492,-5.133578704588622,3.9654975482200485,-0.4423841530051071,1.9836607823531074
-1.618072000671984,1.7210475406381114,-5.134492815348537,3.9673215647062148,-0.44209508127623126,1.9826925229635284
-1.6302811492526796,1.7210290290558605,-5.135189796199621,3.9653850459270568,-0.44205805811172966,1.9833963574515523
-1.6420197727551127,1.7200106033192228,-5.137375422678147,3.9667927149031046,-0.44002120663845434,1.9847753421394694
-1.6534530229723035,1.7207969549606985,-5.136889754700828,3.9695506842789388,-0.44159390992140557,1.9868716324915732
-1.6724466294257092,1.7209593138400374,-5.1373111105960225,3.9737432649831463,-0.4419186276800832,1.9870681437770816
-1.6841597514924764,1.7205932115979328,-5.138535664805838,3.9741362875541633,-0.44118642319587376,1.9869015176657308
-1.6918306443305982,1.7201250547242322,-5.139929504687759,3.9738030353314615,-0.44025010944847276,1.9859752422723544
-1.6997416215604564,1.7199098946775428,-5.1409059377691,3.971950484544709,-0.4398197893550942,1.9875831710845357
-1.709783273227667,1.71993883206943,-5.141521623459358,3.9751663421690715,-0.4398776641388685,1.987383301235777
-1.7211297567550838,1.719289294009891,-5.143219606044494,3.974766602471554,-0.43857858801979027,1.9858995154551309
-1.7235045129483186,1.7189283334558838,-5.144444740746077,3.9717990309102618,-0.43785666691177577,1.9849532836037465
-1.7287816590226517,1.7191939585805587,-5.144741004017393,3.969906567207493,-0.43838791716112546,1.9857813815095446
-1.7375818462581538,1.719501507942641,-5.144965102930137,3.9715627630190893,-0.4390030158852901,1.9874237347181107
-1.7402068720510169,1.7193548377528467,-5.145856410512058,3.9748474694362215,-0.4387096755057014,1.9899164387168247
-1.7360160652533754,1.7194291512794837,-5.146414861033243,3.9798328774336493,-0.43885830255897557,1.9905843118773385
-1.731488190645229,1.7187985098290635,-5.148066736592459,3.981168623754677,-0.4375970196581349,1.9909864662644259
-1.7225717175855588,1.7178213247045881,-5.150218708459721,3.9819729325288518,-0.43564264940918407,1.98916608127921
-1.7149942043006758,1.7160976487508073,-5.153560322660993,3.97833216255842,-0.43219529750162244,1.984876975877289
-1.7029700074316168,1.7158915634905398,-5.154574945902892,3.969753951754578,-0.43178312698108734,1.98471813870085
-1.7022718339309932,1.7155454628410622,-5.155802394613825,3.9694362774017,-0.4310909256821319,1.9845680838532627
-1.702185693317051,1.715470232045657,-5.156642615258028,3.9691361677065253,-0.4309404640913215,1.9840389244048828
-1.7069386998996006,1.7149681075650258,-5.158097126640367,3.9680778488097657,-0.42993621513005903,1.983582365506412
-1.7101508182148057,1.714950721210587,-5.158838269833075,3.967164731012824,-0.4299014424211813,1.9830570302734372
-1.7168727975766087,1.7149488698826405,-5.1595727848669055,3.9661140605468743,-0.4298977397652881,1.9832744017463961
-1.7186854805399836,1.714709775660072,-5.160619708720963,3.9665488034927923,-0.42941955132015114,1.9829292421678197
-1.7244763943926804,1.7149367013976213,-5.160952857769311,3.9658584843356395,-0.42987340279524966,1.9847651263794144
-1.7335159503938442,1.7147487151036462,-5.16197622237458,3.9695302527588288,-0.42949743020729936,1.9840596290889385
-1.7383072783685507,1.7148138904078132,-5.162542105049143,3.968119258177877,-0.4296277808156334,1.9861451500399694
-1.7423670000368232,1.7152671705647684,-5.162512103522502,3.9722903000799388,-0.43053434112954375,1.9876437731827656
-1.7459059660388974,1.7156046706475006,-5.1626764510235255,3.9752875463655313,-0.43120934129500793,1.9896545513524049
-1.74673272023881,1.7158225237391078,-5.163052494516522,3.9793091027048098,-0.43164504747822235,1.9907294458089524
-1.742113431591037,1.7149708331538545,-5.165057168757528,3.981458891617905,-0.42994166630771563,1.9899359132565508
-1.7317569672234008,1.714378915355451,-5.166675102678421,3.9798718265131017,-0.4287578307109087,1.988086080110913
-1.7276872582220726,1.7130695567879461,-5.1693410320437065,3.976172160221826,-0.4261391135758992,1.985913994507899
-1.7265778020731632,1.7132715607131417,-5.169746016318907,3.971827989015798,-0.4265431214262904,1.9864696235437573
-1.7347352122031818,1.7140528203421173,-5.169261933705528,3.9729392470875147,-0.4281056406842415,1.9871401018017572
-1.7437594780762797,1.7139307779322015,-5.17017104339888,3.9742802036035143,-0.42786155586441016,1.987679044362934
-1.7428287204225592,1.713335729113038,-5.171767534516511,3.975358088725868,-0.4266714582260832,1.9877024773086065
-1.736623139949967,1.7138659952154784,-5.1716607814976765,3.975404954617213,-0.4277319904309642,1.9885815377863432
-1.728290736065162,1.71383947615186,-5.172365240832496,3.9771630755726863,-0.42767895230372766,1.9897528630466208
-1.7145029067660218,1.7137008781594087,-5.173273337434893,3.9795057260932416,-0.427401756318825,1.9899237248186274
-1.698754957261305,1.7139550136613506,-5.173567509668129,3.979847449637255,-0.42791002732270855,1.9941789862276142
-1.6843617843378729,1.7146963377584254,-5.173137729702659,3.9883579724552285,-0.42939267551685817,1.9943908350776143
-1.6673570201669436,1.714839238561478,-5.173547216502761,3.9887816701552286,-0.4296784771229632,1.9973311731374734
-1.6446952054654815,1.7142511133140839,-5.175169242349391,3.994662346274947,-0.428502226628175,1.9955378016570318
-1.6195172200632038,1.7143574729717619,-5.175704456552012,3.9910756033140635,-0.42871494594353093,1.9976200320272692
-1.5980639792017621,1.7138774682634823,-5.17714437491019,3.9952400640545385,-0.42775493652697155,1.996513150735299
-1.5761057308558621,1.714261835813256,-5.177217146587852,3.993026301470598,-0.4285236716265189,1.9991948457933446
-1.5582013375239794,1.7146732141533965,-5.177273703254584,3.998389691586689,-0.42934642830679975,2.0008428664827864
-1.5390584879383598,1.7142332616876155,-5.178630799798232,4.001685732965573,-0.42846652337523755,2.000622497758635
-1.5185277059995483,1.7140880460907006,-5.179553633274435,4.00124499551727,-0.4281760921814081,2.0006112139428858
-1.5032938921461874,1.7142850164453314,-5.17999216576774,4.0012224278857715,-0.42857003289066975,2.0014102253495745
-1.4913919504131554,1.7132264803745716,-5.1822975433194785,4.002820450699149,-0.42645296074915023,1.9999089726881178
-1.4718912445618013,1.7133893202770476,-5.182749099243477,3.9998179453762357,-0.4267786405541021,2.000655269020104
-1.4581681504262551,1.7139182253917769,-5.182628629245704,4.001310538040208,-0.42783645078356053,2.0025499720576523
-1.4391986719502103,1.713729283947961,-5.1835909426039155,4.005099944115305,-0.4274585678959287,2.003744047810158
-1.41731715611352,1.714260346521979,-5.18349420095081,4.007488095620316,-0.4285206930439646,2.0045636438143424
-1.403353913777892,1.7136646987822917,-5.185114739044638,4.009127287628685,-0.4273293975645901,2.0039595052371277
-1.3838845691053794,1.7133598429546189,-5.186291293742736,4.0079190104742555,-0.42671968590924436,2.002997378103217
-1.3660242479491833,1.7141540589149633,-5.1857744545492555,4.005994756206434,-0.4283081178299333,2.003384553786174
-1.3562447700578293,1.714796574390486,-5.185471197330539,4.006769107572348,-0.4295931487809787,2.0048248771947526
-1.3424269034683176,1.714741345456641,-5.1862420006662635,4.009649754389505,-0.42948269091328856,2.0071600075722436
-1.3235237640230695,1.7142571109906213,-5.187688794689328,4.014320015144487,-0.42851422198124917,2.0069461476895976
-1.306028366550903,1.7151005535317236,-5.1870908581422475,4.013892295379195,-0.43020110706345377,2.0087468255229397
-1.2992676523056068,1.7148182198933561,-5.188227532155258,4.017493651045879,-0.4296364397867189,2.008628935272409
-1.28654805598367,1.7146172470453467,-5.189201843619149,4.017257870544818,-0.4292344940906998,2.010336118212236
-1.2735107813150135,1.7147165101089217,-5.189762460602555,4.020672236424472,-0.42943302021784996,2.011237415267266
-1.263560902260454,1.7143244071305694,-5.19106912225235,4.022474830534532,-0.42864881426114537,2.010569506126375
-1.2503686457879049,1.7145947996168962,-5.191358294656704,4.02113901225275,-0.4291895992337989,2.010235590459254
-1.243567545770845,1.7137448633617054,-5.193315815194458,4.020471180918508,-0.4274897267234171,2.0106533972355964
-1.2355176183441894,1.7135052604957417,-5.194394464684807,4.021306794471193,-0.4270105209914899,2.0100545427324077
-1.2315188795872487,1.713741596613144,-5.194719949043356,4.020109085464815,-0.42748319322629424,2.0108648216692053
-1.2299136166540339,1.7139063032211155,-5.195184600059073,4.021729643338411,-0.4278126064422371,2.0105191311430595
-1.2285739316736972,1.7140528963717276,-5.195622498815324,4.021038262286119,-0.4281057927434613,2.012617099807288
-1.2222188566708212,1.7146463992308583,-5.195389873926787,4.025234199614576,-0.4292927984617226,2.013989480164105
-1.2176731929758633,1.7150663873990912,-5.195444697341645,4.02797896032821,-0.43013277479818873,2.014715144302851
-1.2128909251413664,1.7146346142470512,-5.196837366236169,4.029430288605702,-0.4292692284941088,2.0139016098187796
-1.2033329198375449,1.7153380261449716,-5.196430339389703,4.027803219637559,-0.4306760522899495,2.0158416154779086
-1.202129212873329,1.714401099928362,-5.198550843319558,4.031683230955817,-0.42880219985673057,2.0142465742918745
-1.1906016272125655,1.7149096768902488,-5.198485711141788,4.028493148583749,-0.429819353780504,2.0145881968299033
-1.185980044085555,1.7154725899106307,-5.198293031730322,4.029176393659807,-0.43094517982126784,2.0162205116497263
-1.183667782205088,1.715901733734275,-5.198313672998494,4.0324410232994525,-0.4318034674685567,2.0174182914875733
-1.1819051814281787,1.715256996927132,-5.200022682250088,4.034836582975147,-0.43051399385427075,2.0171385810769427
-1.1752532876938124,1.7159282626037133,-5.199685288713651,4.034277162153885,-0.4318565252074333,2.018058177640023
-1.1730381102697858,1.7152570449207543,-5.201421350636192,4.036116355280046,-0.43051408984151535,2.016789956837799
-1.1687883857344126,1.7156881451230805,-5.201497164703386,4.033579913675598,-0.43137629024616797,2.0165162273102366
-1.1693924685719788,1.7156849215676329,-5.202221603762419,4.033032454620473,-0.43136984313527255,2.0160295450480645
-1.1659651329148484,1.7163229180618127,-5.2019319270226525,4.032059090096129,-0.43264583612363217,2.017096684075443
-1.1649674450699812,1.7166596355017865,-5.202145986990123,4.034193368150886,-0.43331927100357986,2.0180568007425945
-1.158082680649997,1.7173148028919185,-5.2018523566123775,4.036113601485189,-0.43462960578384396,2.018864227946818
-1.1518768978450895,1.7173450703994906,-5.20254487589522,4.037728455893636,-0.43469014079898793,2.0180549080134234
-1.1368252779367163,1.717402044211046,-5.203162466978332,4.036109816026847,-0.4348040884220987,2.0176449061015713
-1.1207680263150914,1.7178678311194095,-5.2031544351456045,4.035289812203143,-0.435735662238826,2.01937630678597
-1.1068986166173227,1.7184005943990555,-5.203038256360088,4.03875261357194,-0.4368011887981179,2.0202564700740724
-1.0918629096432193,1.7186365577121152,-5.2033783312016935,4.040512940148145,-0.4372731154242374,2.021044113521463
-1.0743049856840492,1.7194071277242333,-5.202915602891729,4.042088227042926,-0.43881425544847363,2.0213380681815702
-1.0603506238515328,1.7196595800786703,-5.203258122241716,4.0426761363631405,-0.43931916015734773,2.02122054113121
-1.0434142801120112,1.7195512197414085,-5.204132068475649,4.04244108226242,-0.4391024394828243,2.0217481790096254
-1.0226414842822145,1.7186576793476527,-5.206183503764285,4.043496358019251,-0.4373153586953126,2.0209375428993246
-1.0045855168339322,1.7192796224767437,-5.205935151981222,4.041875085798649,-0.4385592449534946,2.0220461541041157
-0.9905984959444774,1.7192883728398731,-5.206676312250736,4.044092308208231,-0.4385767456797533,2.021149378673205
-0.9748136075701765,1.7198247225313459,-5.206596002574919,4.04229875734641,-0.4396494450626989,2.0213436476437763
-0.9637417819471716,1.719767732335309,-5.207369819688609,4.0426872952875526,-0.4395354646706254,2.0213984302434844
-0.9511241843900908,1.7195846166727065,-5.2083708593062115,4.042796860486969,-0.4391692333454199,2.020645172012308
-0.9359871053190951,1.7198065467654287,-5.20874990884755,4.041290344024616,-0.4396130935308644,2.020662549925126
-0.9268187752622588,1.7194839636529013,-5.209940746243282,4.041325099850252,-0.4389679273058099,2.0220495940682874
-0.9126762543138258,1.7198304551431791,-5.21014582244175,4.044099188136575,-0.4396609102863653,2.0217477337663197
-0.9044699403979575,1.720623077562691,-5.209646472074257,4.043495467532639,-0.4412461551253888,2.0218548283307856
-0.8962491863275313,1.7204032568397045,-5.2107023699448645,4.043709656661571,-0.4408065136794161,2.021646497626197
-0.885166990325553,1.7209511600438065,-5.210557070104974,4.043292995252394,-0.44190232008762026,2.022691733019716
-0.8794154360126787,1.7209619391105935,-5.211251410177624,4.045383466039432,-0.44192387822119417,2.023880673647565
-0.8735171421092636,1.7206495072369956,-5.212430974450226,4.04776134729513,-0.4412990144739985,2.0231747831020583
-0.8675371167892774,1.72170543449036,-5.211539189296091,4.046349566204117,-0.44341086898072724,2.0234230789177685
-0.8673544504522699,1.72208698381775,-5.211687531043962,4.046846157835537,-0.44417396763550726,2.0233164395940997
-0.8625594991056147,1.722564150769192,-5.211691908116416,4.046632879188199,-0.44512830153839156,2.022769432862666
-0.8593677538991429,1.7230788396267243,-5.21159695798901,4.045538865725332,-0.4461576792534561,2.0230418225231306
-0.8555690879595743,1.7231425997342191,-5.212226591092423,4.046083645046261,-0.446285199468446,2.022314820256157
-0.8525283247405042,1.7226580978420931,-5.213641296629022,4.044629640512314,-0.4453161956841941,2.0216084632849824
-0.849562692798226,1.7234836922655754,-5.213106398533705,4.043216926569965,-0.4469673845311586,2.0216312912247516
-0.8520057871909001,1.7245935122000353,-5.212122539974295,4.043262582449503,-0.4491870244000782,2.021676295684529
-0.8471735328015915,1.724844418920196,-5.212441814149778,4.043352591369058,-0.4496888378403992,2.0219879685354614
-0.8375238920061059,1.7259076949992371,-5.2115359465354665,4.043975937070923,-0.45181538999848175,2.022469825793958
-0.8290138041808222,1.7263159744146621,-5.211587046831877,4.044939651587916,-0.4526319488293315,2.022512519274123
-0.8160347165566444,1.725942845995583,-5.212863645407353,4.045025038548246,-0.4518856919911734,2.021250542268624
-0.799005721604459,1.7259475637891213,-5.213562058734631,4.042501084537248,-0.4518951275782501,2.0209361056933823
-0.7840942282793342,1.7260928320596696,-5.214035437142151,4.041872211386765,-0.4521856641193465,2.0210624086469613
-0.7709103807685143,1.7264196186081198,-5.214280326823517,4.042124817293923,-0.45283923721624686,2.0200076516074175
-0.756242687904741,1.7261513463552305,-5.21534110340065,4.040015303214835,-0.4523026927104685,2.0211662642386146
-0.7405634758789716,1.7270029938250617,-5.2147225747509145,4.042332528477229,-0.4540059876501309,2.0211581162069288
-0.7334110820404511,1.7261924525001726,-5.216664280928857,4.0423162324138575,-0.45238490500035267,2.0185265553042506
-0.7168199931908541,1.7261233540932732,-5.217505336852486,4.037053110608501,-0.45224670818655394,2.016492344740702
-0.7087549185467976,1.7253858397208406,-5.219309492125645,4.032984689481404,-0.4507716794416889,2.0160027860116334
-0.6997786020090144,1.726323959285735,-5.218582011671097,4.032005572023267,-0.45264791857147746,2.016777432518941
-0.6971861187708921,1.727191811390227,-5.217942759326242,4.033554865037882,-0.45438362278046135,2.0178936190263683
-0.6955033191903985,1.7274129745047542,-5.218307650062124,4.035787238052737,-0.45482594900951573,2.017433973511217
-0.6898105542384485,1.7270226963249762,-5.219570213784379,4.034867947022434,-0.45404539264995986,2.019732907164103
-0.6842719798819852,1.7268280446242175,-5.220548811069494,4.039465814328206,-0.45365608924844225,2.018569335174413
-0.6839492288459388,1.7274174512126874,-5.220377526216994,4.037138670348826,-0.4548349024253822,2.0184335990557476
-0.6871449559336931,1.7276502045676658,-5.2207325651932965,4.036867198111495,-0.455300409135339,2.0184513392485055
-0.6846223808574736,1.728479417181901,-5.220186504211236,4.036902678497011,-0.4569588343638091,2.0182414645092384
-0.6871453683121738,1.7290721798329827,-5.219972834163251,4.036482929018477,-0.45814435966597256,2.0186147137929655
-0.6911907601573022,1.7296016535984078,-5.219844498242438,4.037229427585931,-0.45920330719682284,2.0194355357012754
-0.6936294674542127,1.729282016701702,-5.221000788207479,4.038871071402551,-0.45856403340341134,2.0207661532656007
-0.6973747380265154,1.7302680989379942,-5.220189274638981,4.041532306531201,-0.4605361978759956,2.021933473601604
-0.7082022767030818,1.7305973918752435,-5.220391781930975,4.043866947203208,-0.46119478375049433,2.021990921203582
-0.7105579380553726,1.731052361841895,-5.220363027035894,4.043981842407164,-0.46210472368379707,2.024923792242981
-0.711841429523683,1.7316969267435416,-5.220090083991171,4.049847584485962,-0.46339385348709045,2.0250499081454243
-0.7121077005945811,1.73140419531432,-5.2212329179253345,4.050099816290849,-0.46280839062864715,2.0258016721715126
-0.7084145576453302,1.7322914688006168,-5.220608277000222,4.051603344343025,-0.4645829376012408,2.025438726472978
-0.7078496622306831,1.7318744971741349,-5.221952207141687,4.050877452945956,-0.46374899434827693,2.0250058935255444
-0.703824901992129,1.7321966285805426,-5.222129936635782,4.050011787051089,-0.46439325716109253,2.0253523982463757
-0.7000588242243078,1.732070192395152,-5.222973190255398,4.050704796492751,-0.4641403847903116,2.025314089962119
-0.6932501833272249,1.7321033270536157,-5.223632881461165,4.050628179924238,-0.4642066541072391,2.026840810948058
-0.6840953157301186,1.732096138144036,-5.224361776019166,4.053681621896116,-0.4641922762880798,2.02619533638827
-0.6796758242245469,1.7319209657698702,-5.225357785763298,4.05239067277654,-0.46384193153974795,2.0246787050709196
-0.6794554777386201,1.7321295359876945,-5.225726033177233,4.049357410141839,-0.4642590719753964,2.024861421090389
-0.6821534986724815,1.7321084327533132,-5.226417166856509,4.049722842180778,-0.46421686550663377,2.0255029128959303
-0.681492770559724,1.7327581778152463,-5.226118284736518,4.051005825791861,-0.46551635563050026,2.0258724005135655
-0.6816524241040076,1.7325301284304633,-5.22717653892397,4.051744801027131,-0.46506025686093416,2.024977229498334
-0.6792057845015727,1.7336596991998443,-5.226162144116574,4.049954458996668,-0.4673193983996963,2.0248577386568045
-0.6823647869884679,1.7344363121529147,-5.225666281698727,4.049715477313609,-0.46887262430583704,2.0249107450371024
-0.6827432515913232,1.7344031253844732,-5.226437167945349,4.049821490074205,-0.4688062507689541,2.024625250119901
-0.6799719318108517,1.734769635990608,-5.226597312655066,4.049250500239802,-0.4695392719812236,2.024253601442934
-0.6810336055410398,1.7356266449944342,-5.225967187765244,4.048507202885868,-0.4712532899888759,2.0250387438192954
-0.6800780812710356,1.7358408347776073,-5.2263148487362265,4.050077487638591,-0.4716816695552221,2.024992642589881
-0.6782746341924097,1.735967993853953,-5.226804375961076,4.049985285179762,-0.4719359877079133,2.0243441854745137
-0.6768472067573721,1.7361147650360131,-5.22727829025589,4.048688370949027,-0.47222953007203355,2.0245443642440515
-0.6771581503857629,1.7368748070560425,-5.226801829744979,4.049088728488103,-0.4737496141120924,2.024675152202184
-0.6816753362799046,1.7373393087628837,-5.226805716640251,4.049350304404368,-0.47467861752577484,2.02434061816387
-0.6801210994888298,1.7375876435115956,-5.227113516091049,4.04868123632774,-0.4751752870231984,2.025899076513059
-0.6804447282636685,1.737851324121472,-5.2274470971870155,4.051798153026118,-0.4757026482429511,2.0246470779316192
-0.6776513666798198,1.7383980713630345,-5.227295839304076,4.0492941558632385,-0.47679614272607623,2.024362389623334
-0.6759256133965845,1.7389331283830358,-5.2271333710569925,4.048724779246668,-0.4778662567660788,2.024680891520246
-0.6708227644187197,1.739867978077303,-5.226417522773932,4.049361783040492,-0.47973595615461334,2.0240998731661444
-0.6640979514643082,1.7401094304705904,-5.226771134529763,4.048199746332289,-0.4802188609411883,2.0229819346220896
-0.650525606149559,1.7401671951455817,-5.22736709052408,4.045963869244179,-0.4803343902911708,2.0226058125236066
-0.6345156568801995,1.739499571951394,-5.229052252792012,4.045211625047213,-0.47899914390279513,2.0211819296606093
-0.6174432340618701,1.7392386477851276,-5.2301721511784685,4.0423638593212186,-0.4784772955702624,2.0196027970818116
-0.6042700598512671,1.7400988922968572,-5.229509612135797,4.039205594163623,-0.4801977845937214,2.019756889407758
-0.5986090561883062,1.7406572486138079,-5.229356942893438,4.039513778815516,-0.4813144972276228,2.0199039137243195
-0.5866715060983885,1.7407273301324637,-5.229930623471042,4.039807827448639,-0.4814546602649345,2.019363771166209
-0.5770162228714208,1.7412964847767902,-5.229746895292679,4.038727542332418,-0.48259296955358755,2.0196887335817353
-0.5724719822617699,1.7417698539567381,-5.229695750427019,4.039377467163471,-0.48353970791348355,2.019833209743861
-0.564859615252745,1.7415565155476327,-5.230708413711658,4.039666419487722,-0.4831130310952726,2.018452669461732
-0.5551271775512974,1.7422182986181323,-5.230388114626369,4.036905338923464,-0.4844365972362717,2.0183346105219964
-0.5532843422870544,1.7428505596578898,-5.230117507880141,4.036669221043993,-0.48570111931578663,2.0180649205620615
-0.5492480738106353,1.743495562395623,-5.229803121114354,4.036129841124123,-0.4869911247912529,2.018899147995229
-0.5428921526427946,1.743424020765998,-5.230605501066752,4.037798295990458,-0.4868480415320026,2.0178644916931296
-0.5323585209150048,1.743702074198175,-5.230852805496159,4.035728983386259,-0.48740414839635665,2.0176066978359355
-0.5272290310454699,1.7444229771063067,-5.23040782265376,4.035213395671871,-0.48884595421262,2.0185337771923746
-0.5244723898888348,1.7446131465364227,-5.230821741943379,4.037067554384749,-0.4892262930728519,2.017795951503697
-0.5181175064820471,1.7452074222109804,-5.230588303849769,4.035591903007394,-0.4904148444219671,2.0180514724031515
-0.5134765266714658,1.7456622218446411,-5.230552826883783,4.036102944806303,-0.4913244436892885,2.01813277457232
-0.5085416835820489,1.7454716455628478,-5.231539419077456,4.03626554914464,-0.490943291125702,2.0172553621660048
-0.502673241315259,1.7451004008282134,-5.232817574651628,4.0345107243320095,-0.49020080165643315,2.014941760255246
-0.5024590782279503,1.7445294320899094,-5.234387003632287,4.029883520510492,-0.48905886417982514,2.0130344826251894
-0.504919392368957,1.7445010687713665,-5.235056473937658,4.026068965250379,-0.48900213754273947,2.0132034395829583
-0.5119294763033024,1.744594182189308,-5.235547439051402,4.026406879165917,-0.4891883643786225,2.0133299685550434
-0.5167024751312601,1.7449727827597064,-5.235632961091525,4.026659937110087,-0.48994556551941926,2.0133814320264154
-0.5207306233568572,1.7445837595097138,-5.236935272238864,4.026762864052831,-0.4891675190194343,2.0112511872591607
-0.5255680765162407,1.7446667742601665,-5.237487777051094,4.0225023745183215,-0.4893335485203396,2.0106323755277167
-0.536332213228988,1.7443320419043005,-5.238640276188332,4.021264751055433,-0.48866408380860765,2.0096319242274814
-0.5461267148565883,1.7444308704775457,-5.239174874387673,4.019263848454963,-0.48886174095509827,2.0095932054739145
-0.5614374147212988,1.744599127229327,-5.2396147234871275,4.019186410947829,-0.4891982544586609,2.008703675922384
-0.5788527065865456,1.7437565752744832,-5.2416024037317825,4.017407351844768,-0.48751315054897304,2.005177843043928
-0.5919065895829592,1.7445811936538356,-5.2410294941837945,4.010355686087856,-0.4891623873076778,2.0056166583216504
-0.6162201930229383,1.7442592162502149,-5.242152873573163,4.011233316643301,-0.4885184325004363,2.0066313813236243
-0.636505043638631,1.7438112624197273,-5.243489290847488,4.013262762647249,-0.4876225248394613,2.005722296596242
-0.6611303172306742,1.7435122962417693,-5.244611768242746,4.011444593192484,-0.4870245924835451,2.0057329766743757
-0.6876524123506509,1.7436097291522341,-5.245105555516454,4.011465953348751,-0.4872194583044748,2.0063981383535427
-0.71772370324382,1.7428071814331623,-5.2470047978039664,4.0127962767070855,-0.48561436286633103,2.0036642757046033
-0.7485161786208061,1.743168712837538,-5.247127137408629,4.0073285514092065,-0.48633742567508226,2.0037027874411355
-0.7864327786333654,1.7428798486830002,-5.248260073543671,4.007405574882271,-0.4857596973660068,2.0033172744999104
-0.8235467936903613,1.7430070233130563,-5.2487364810639585,4.006634548999821,-0.4860140466261192,2.0025402303414133
-0.8649386962622212,1.7419475496206622,-5.251062633699316,4.0050804606828265,-0.48389509924133106,1.9991630181616795
-0.9011389536225947,1.7417466004340798,-5.252055425873445,3.998326036323359,-0.4834932008681662,1.9981827743725817
-0.9417603128070096,1.7419233567848382,-5.252450276928909,3.9963655487451635,-0.4838467135696832,1.9981546373789327
-0.9808329700423792,1.7421944571233616,-5.252703392193025,3.9963092747578655,-0.4843889142467298,1.998756675479462
-1.0181629385822566,1.7418537778735004,-5.253867729178129,3.997513350958924,-0.4837075557470075,1.9988644084151819
-1.0520013741576415,1.7420523828362429,-5.254274064563874,3.9977288168303637,-0.4841047656724924,1.9986427178733226
-1.0896372300060637,1.7413809810045915,-5.255972215385276,3.997285435746645,-0.4827619620091894,1.9973858215123943
-1.1210006020865846,1.7415635160921865,-5.2563720059899115,3.9947716430247886,-0.4831270321843797,1.9973464554950633
-1.1568052738431382,1.742171933093325,-5.256105235206169,3.9946929109901266,-0.48434386618665676,1.9985278761843515
-1.1897624006806398,1.7428542267318883,-5.255733011701858,3.997055752368703,-0.4857084534637833,1.9994421942881986
-1.2186317193158254,1.7432324403248096,-5.255793845377369,3.998884388576397,-0.48646488064962595,2.000700375049474
-1.242336858003739,1.743529021067908,-5.255966480039081,4.001400750098948,-0.4870580421358228,2.0014189496725185
-1.258267098296641,1.7431289614295147,-5.257243096221918,4.002837899345037,-0.4862579228590361,2.002004148554877
-1.2738928350304977,1.7430865356639382,-5.257997151689347,4.004008297109754,-0.48617307132788307,2.0015682069428675
-1.2891647751188753,1.7424725209602225,-5.259558668299382,4.003136413885735,-0.4849450419204518,2.0006164182156936
-1.299476372746473,1.742162948178926,-5.2607100838369405,4.001232836431387,-0.48432589635785855,2.000027557063903
-1.3103983273776194,1.741494914902159,-5.262408710026041,4.000055114127806,-0.48298982980432453,1.9985456700421182
-1.320928658242253,1.7418281678089982,-5.262600497418871,3.9970913400842365,-0.48365633561800264,1.9987846949282837
-1.331868922119217,1.7409228853133094,-5.264618199139218,3.9975693898565674,-0.4818457706266251,1.9985329705104493
-1.3384764978539136,1.7408654458841848,-5.265421037970515,3.9970659410208986,-0.48173089176837586,1.9988714563461576
-1.3486176620147097,1.7406884498671695,-5.26635326573533,3.997742912692315,-0.4813768997343452,1.9986153201385324
-1.3581969296341283,1.7413618026173878,-5.266008157010975,3.9972306402770648,-0.4827236052347818,2.0003153283473423
-1.3646360555180275,1.7413994723204587,-5.266606390879446,4.0006306566946845,-0.4827989446409234,2.000830762002207
-1.3635748277824868,1.7419288238522024,-5.266483760459538,4.001661524004414,-0.4838576477044108,2.0010612549235955
-1.3634151975071926,1.7421382617879086,-5.266824995096736,4.002122509847191,-0.48427652357582324,2.000617706776836
-1.36006802710825,1.741576690826076,-5.268346066601604,4.001235413553672,-0.48315338165215777,1.9990480840673257
-1.351113072597112,1.7411122065849534,-5.269765917095657,3.9980961681346514,-0.48222441316991277,1.9980255004451482
-1.3453851438408981,1.7409479760245008,-5.270658359130231,3.9960510008902963,-0.48189595204900754,1.9970722748617256
-1.3388824566942388,1.7406576658999646,-5.271746625453358,3.994144549723451,-0.4813153317999353,1.996657239424387
-1.333302962956426,1.740378011703358,-5.272882796545131,3.993314478848774,-0.480756023406722,1.9966921521747467
-1.3320712218539024,1.7408491100633101,-5.272831437509146,3.9933843043494934,-0.481698220126626,1.9984571049048163
-1.3376624132299098,1.740735968678896,-5.273696305983217,3.9969142098096326,-0.4814719373577977,1.9979702742673202
-1.3409764062263188,1.7403753476606192,-5.2748897985187915,3.9959405485346404,-0.4807506953212444,1.9979374297171824
-1.3456647242071607,1.7398402410581548,-5.276334099756363,3.9958748594343647,-0.4796804821163156,1.9977571042772204
-1.3495572939644696,1.740598559999235,-5.2758745447476105,3.995514208554441,-0.4811971199984761,1.9974541836782425
-1.3588952457177808,1.7404361514152247,-5.276808202636209,3.994908367356485,-0.48087230283045523,1.9969963591491802
-1.3585200867811973,1.7401279868009085,-5.277960690128001,3.9939927182983603,-0.48025597360182304,1.996309221681475
-1.3569219281757752,1.7395667022640642,-5.279443765604412,3.99261844336295,-0.4791334045281342,1.9957771105928146
-1.3529395856149242,1.7397204613890906,-5.279904493373042,3.991554221185629,-0.4794409227781873,1.9967066679188545
-1.3551447823224114,1.7402680392640926,-5.279766790938841,3.993413335837709,-0.4805360785281913,1.9962483531983317
-1.3532086803232861,1.7394620012782225,-5.28164393583006,3.9924967063966634,-0.47892400255645107,1.9947500329865493
-1.34457190303646,1.7390500870998469,-5.282903837076918,3.9895000659730986,-0.47810017419969986,1.9944990755704264
-1.3398887672488504,1.7390257656462758,-5.2836221066029765,3.9889981511408528,-0.4780515312925575,1.993646019835008
-1.3419778630620423,1.7394773395042857,-5.283605333666206,3.987292039670016,-0.47895467900857736,1.9939934888829556
-1.345673431907124,1.7401132324290904,-5.283289715531547,3.987986977765911,-0.48022646485818693,1.995818970019035
-1.3503768356018249,1.7403186011998488,-5.283654103601133,3.99163794003807,-0.48063720239970376,1.9964395785932678
-1.3515993411444271,1.7405187609240562,-5.284040993515307,3.9928791571865356,-0.48103752184811854,1.9960650709587784
-1.3490040162396468,1.7406318430921959,-5.284529763889099,3.9921301419175568,-0.4812636861843978,1.995693001302924
-1.3428862939537582,1.7407505650589437,-5.285034142019147,3.991386002605848,-0.4815011301178934,1.9952879758164062
-1.3353354786415057,1.741682860220019,-5.284292358676496,3.9905759516328123,-0.4833657204400441,1.9970542002149303
-1.3277721864089935,1.7404221414232253,-5.286893854376655,3.9941084004298606,-0.4808442828464568,1.9939558096707548
-1.307884399466627,1.740408426033209,-5.287648612435087,3.9879116193415096,-0.48081685206642455,1.9932819066167224
-1.299441528286036,1.7395878049611595,-5.289586194657928,3.986563813233445,-0.47917560992232533,1.9918096563459884
-1.2885809063348779,1.739566487883292,-5.290285444117733,3.9836193126919768,-0.47913297576659014,1.9914873275447804
-1.281965427280114,1.739368971230227,-5.291259019536163,3.982974655089561,-0.4787379424604603,1.991191935029684
-1.272548692591653,1.7398059314370027,-5.291283152483984,3.982383870059368,-0.47961186287401175,1.9915209444995539
-1.2701262027593359,1.7397043894878268,-5.292117556971587,3.9830418889991077,-0.47940877897566014,1.991258162782749
-1.2634030203699398,1.7391661642471967,-5.293629528214975,3.982516325565498,-0.47833232849439977,1.9898752667815747
-1.2547672138637194,1.7395449232793723,-5.293728212001261,3.9797505335631493,-0.4790898465587507,1.9910471486923063
-1.2485804059678527,1.7393450664501715,-5.294717617225763,3.9820942973846125,-0.47869013290034934,1.9912273564494445
-1.2399433601917558,1.739569725977022,-5.29508473065927,3.982454712898889,-0.4791394519540505,1.9912143427851996
-1.2365841945859817,1.7397250195634986,-5.295503490395392,3.982428685570399,-0.4794500391270037,1.992808328512814
-1.2284028869922716,1.7390010548042238,-5.297253268259963,3.985616657025628,-0.4780021096084544,1.9925911396835483
-1.2154582993486494,1.7389227872402773,-5.298044455714268,3.9851822793670966,-0.47784557448056103,1.9916130391214737
-1.207697991945209,1.7391426302727098,-5.298366209546996,3.9832260782429474,-0.47828526054542586,1.992720508701827
-1.203827491588294,1.7394196202098515,-5.298629210701857,3.985441017403654,-0.47883924041970927,1.9926682649040828
-1.2027549349395592,1.739228076263101,-5.299571267369188,3.9853365298081656,-0.47845615252620816,1.9921076221133531
-1.2005137218898683,1.738720138589241,-5.301010389600576,3.9842152442267063,-0.47744027717848825,1.9927210907417041
-1.1998165065661093,1.7384980303833488,-5.301995754676846,3.9854421814834082,-0.47699606076670387,1.993707684369126
-1.2032608936020504,1.7380676572727933,-5.303385700210664,3.987415368738252,-0.4761353145455931,1.991356803837818
-1.2081720818055102,1.7375638221340424,-5.304868527224981,3.982713607675636,-0.47512764426809106,1.9883058641888744
-1.2207116509084903,1.7379700826193154,-5.304920034661574,3.976611728377749,-0.475940165238637,1.9884435961145654
-1.232626992367253,1.7382500577689288,-5.305155539885557,3.976887192229131,-0.47650011553786376,1.9888177606814617
-1.242240793896281,1.738630561861646,-5.305250089543787,3.9776355213629233,-0.47726112372329815,1.9888007668169498
-1.246932744887956,1.738257286193867,-5.306434280219265,3.9776015336338997,-0.4765145723877403,1.988701747938254
-1.2477711164544187,1.7381203716074054,-5.30729739781185,3.977403495876508,-0.4762407432148172,1.9878626260521437
-1.2501036705097057,1.7381959518790642,-5.307836249402457,3.9757252521042874,-0.4763919037581348,1.988049484121641
-1.256080180770319,1.738711351295738,-5.307695734694248,3.976098968243282,-0.4774227025914823,1.988709799782389
-1.2623373712104264,1.738180966046909,-5.309166302727475,3.977419599564778,-0.47636193209382444,1.989246434877682
-1.2605623523743361,1.7379763103025883,-5.31011759322279,3.978492869755364,-0.47595262060518284,1.9897318262381265
-1.2642121700038866,1.7374229078529573,-5.311674404719141,3.979463652476253,-0.4748458157059209,1.9877232520633368
-1.2669138351605853,1.7374387005644367,-5.312331942320928,3.9754465041266736,-0.47487740112887983,1.9866054548001988
-1.2748988461169608,1.7377492527242993,-5.3125395449913215,3.9732109096003976,-0.4754985054486049,1.9871622305297667
-1.2843075916537536,1.7371959658804585,-5.314133377599558,3.9743244610595334,-0.4743919317609233,1.9846153830747457
-1.2862610688607927,1.7370687837611376,-5.315015821561451,3.9692307661494914,-0.47413756752228126,1.9837917598239454
-1.2914736770956239,1.7372502439499247,-5.3153801734272115,3.967583519647891,-0.47450048789985516,1.9844684291630335
-1.2991287154630209,1.7369232072811063,-5.316525864583528,3.968936858326067,-0.4738464145622184,1.9842973145508687
-1.305808645077163,1.735672046816216,-5.319065996342694,3.9685946291017373,-0.4713440936324378,1.982974054889085
-1.310604505953611,1.7353631054855372,-5.320221428321857,3.96594810977817,-0.4707262109710806,1.982485461009454
-1.3207424115144981,1.734790421778814,-5.321806983625511,3.964970922018908,-0.46958084355763413,1.980837053989916
-1.330360141350857,1.7348874241423617,-5.322364535864944,3.961674107979832,-0.46977484828472965,1.9811753677835149
-1.3420701581336711,1.7352272143364385,-5.32250316873824,3.9623507355670298,-0.470454428672883,1.9820952350285193
-1.3511896933938594,1.735329148808425,-5.323018017261647,3.9641904700570385,-0.47065829761685635,1.9818930840764288
-1.3597993872630898,1.735372076558092,-5.323660019235806,3.9637861681528577,-0.4707441531161902,1.9810568849475099
-1.3689188428225094,1.7352679892835237,-5.324518992005245,3.9621137698950197,-0.4705359785670533,1.980430931623695
-1.3792467945593305,1.7354756550054515,-5.32486177861709,3.96086186324739,-0.47095131001090906,1.9804441676872315
-1.3888026482227147,1.7346437466495983,-5.326817222986565,3.960888335374463,-0.46928749329920244,1.9785213988763153
-1.3936090305810387,1.734214503219674,-5.328146310776161,3.9570427977526306,-0.4684290064393538,1.9784497838639947
-1.403500207079309,1.733748755315315,-5.32947238850295,3.9568995677279895,-0.4674975106306359,1.9792903525896508
-1.4180284569498478,1.7334646588121267,-5.330519546102101,3.9585807051793016,-0.46692931762425943,1.979473059448657
-1.432408780974265,1.7332148196227022,-5.331596447243087,3.958946118897314,-0.4664296392454105,1.979430532429833
-1.4468459747576254,1.7339089699404289,-5.331218535752745,3.958861064859666,-0.46781793988086384,1.979787940642802
-1.4618483522750418,1.734249391881124,-5.331371041766551,3.959575881285604,-0.4684987837622541,1.9809487679794735
-1.4717292492223555,1.7345697957991855,-5.331577847261326,3.961897535958947,-0.469139591598377,1.9807286520979475
-1.480947632396827,1.7345790998140451,-5.332210600372898,3.961457304195895,-0.46915819962809613,1.980761543162705
-1.484526256140871,1.733862972794526,-5.333953191375037,3.96152308632541,-0.467725945589058,1.9805930535033376
-1.4851069062851776,1.7342723559816777,-5.334029537057334,3.961186107006675,-0.46854471196336134,1.9804427583803668
-1.492484338015898,1.7348672665443956,-5.333834899045002,3.9608855167607335,-0.4697345330887971,1.982383565049112
-1.495999724161993,1.7348891675060438,-5.334448425578699,3.964767130098224,-0.4697783350120934,1.9851920667924938
-1.4885150328043846,1.7348729062409947,-5.3351204919609545,3.9703841335849877,-0.4697458124819948,1.9857020459296149
-1.478812275959914,1.7347166460254637,-5.336079498714245,3.9714040918592297,-0.46943329205093304,1.9842492641171285
-1.4655493684207421,1.7345873555366087,-5.336969396747419,3.968498528234257,-0.46917471107322295,1.984087464415117
-1.4533524630247543,1.733722935344475,-5.338971761107856,3.968174928830234,-0.46744587068895527,1.9826701444687067
-1.4415251361916397,1.7337442829493228,-5.339595084141513,3.9653402889374134,-0.46748856589865084,1.9833675660405514
-1.4364055106504225,1.7328718635447402,-5.341625535078006,3.966735132081103,-0.46574372708948547,1.9817135413527915
-1.4289202143209687,1.733228185819406,-5.341754646103477,3.963427082705583,-0.46645637163881726,1.9832254938951457
-1.4280586207883723,1.73293975920228,-5.342840127380961,3.9664509877902914,-0.46587951840456493,1.9829600788689523
-1.4246879174791731,1.7331975141586546,-5.343098792421753,3.9659201577379046,-0.4663950283173143,1.9870741056506576
-1.420079894770323,1.7331368130036695,-5.3438702116726855,3.974148211301315,-0.46627362600734384,1.9869593831792702
-1.411090193675986,1.7322035751807991,-5.345977037496597,3.9739187663585405,-0.4644071503616031,1.9852374402655988
-1.3978956050039963,1.7319083254112724,-5.34714918882876,3.9704748805311976,-0.4638166508225494,1.9836149418212516
-1.3893154659484952,1.7327254633758704,-5.34660344143274,3.9672298836425033,-0.46545092675174554,1.983591065642303
-1.3838999458926438,1.7330440802391525,-5.3467986187567496,3.967182131284606,-0.4660881604783095,1.9850958568893817
-1.3766589855167588,1.7333038665840172,-5.347078873842477,3.9701917137787635,-0.46660773316803916,1.9858969725292315
-1.369616471026517,1.7340148239208895,-5.346674193711815,3.971793945058463,-0.4680296478417836,1.9878391236152726
-1.3643058819529457,1.7331762331043232,-5.34863310021558,3.975678247230545,-0.466352466208651,1.9874051367450811
-1.3514519678302244,1.7330587644509945,-5.349482439284182,3.9748102734901622,-0.46611752890199354,1.9885305652434155
-1.3412923973077762,1.733049868983754,-5.350182690167857,3.977061130486831,-0.4660997379675123,1.9878521638471949
-1.3345451457581525,1.7327092612503696,-5.351358716648041,3.9757043276943898,-0.46541852250074367,1.9882790919947109
-1.3307151445370495,1.7312964207971355,-5.3542288898042205,3.9765581839894217,-0.46259284159427555,1.9846743413759307
-1.326343983469103,1.7311500675776132,-5.355164687644582,3.9693486827518614,-0.4623001351552312,1.9840521310662893
-1.331913010777602,1.7307997811355933,-5.356355298668785,3.9681042621325786,-0.4615995622711915,1.9839960170848907
-1.3373836116325042,1.7308704617480226,-5.356948765110657,3.9679920341697814,-0.4617409234960499,1.9834819656052078
-1.3453208669573131,1.73084064121543,-5.357700096623081,3.9669639312104157,-0.4616812824308645,1.9832250268487677
-1.3488534236696603,1.7306890219465423,-5.358629964807093,3.9664500536975353,-0.46137804389308906,1.9829787646113513
-1.3526181211594466,1.7304908233708296,-5.359659081024699,3.9659575292227025,-0.4609816467416637,1.981842269330658
-1.353104607883064,1.7294243816166626,-5.36197660931815,3.963684538661316,-0.4588487632333298,1.980776140298784
-1.354556508887054,1.7296583643946062,-5.362295589833988,3.961552280597568,-0.45931672878921687,1.9813006296102997
-1.3630558684284275,1.7282631534472022,-5.3650515513980315,3.9626012592205995,-0.45652630689440876,1.9802870388869256
-1.3678361505733005,1.728746962467742,-5.365016516450289,3.960574077773851,-0.45749392493548857,1.9818760649687344
-1.3835159583353684,1.7282681183114574,-5.366420611209437,3.9637521299374687,-0.45653623662291937,1.9827974488123825
-1.389898177251772,1.728609811708768,-5.366573688878146,3.965594897624765,-0.4572196234175406,1.9836692868752954
-1.3992991461459212,1.7285007070896559,-5.367424316935201,3.967338573750591,-0.45700141417931606,1.9833159605795287
-1.410440458407134,1.728016737889527,-5.368830025527392,3.9666319211590575,-0.45603347577905856,1.9831112745819266
-1.42294420774483,1.7272913806721635,-5.3705918662824725,3.966222549163853,-0.45458276134433123,1.9836522930294496
-1.4386138613394905,1.7270718541069563,-5.371631792075056,3.967304586058899,-0.45414370821391664,1.9845590441849204
-1.4630107500720237,1.7267316575548513,-5.372869402033228,3.9691180883698407,-0.4534633151097068,1.9841240359884984
-1.484097622197945,1.726963890803539,-5.373225875588731,3.968248071976997,-0.45392778160708214,1.9836705850265217
-1.507578784434343,1.7271131979210412,-5.373710070285658,3.9673411700530434,-0.4542263958420868,1.9828987898945643
-1.5293222368602253,1.727493814923077,-5.373832246615436,3.9657975797891285,-0.4549876298461581,1.9837866834113158
-1.5488130121441022,1.7264040249379946,-5.376171729205934,3.9675733668226316,-0.45280804987599327,1.982554947122359
-1.5555602443425904,1.7264659064535866,-5.376734023092072,3.965109894244718,-0.452931812907177,1.9851163244324188
-1.5691550235301723,1.7254502218940193,-5.378970382458182,3.9702326488648376,-0.45090044378804234,1.9853901080714238
-1.5774043939478117,1.7249902642600283,-5.380340934340974,3.9707802161428476,-0.44998052852006054,1.9853843027634146
-1.5918018819652904,1.7254507502613368,-5.380345608026926,3.970768605526829,-0.4509015005226773,1.9853306016005412
-1.6101527387822543,1.7249390570278256,-5.381794086381169,3.9706612032010824,-0.4498781140556548,1.984520706513357
-1.622246846377188,1.724481720471416,-5.383188229369536,3.969041413026714,-0.4489634409428359,1.984952567946223
-1.635428948697884,1.725098358531611,-5.382962623867062,3.969905135892446,-0.450196717063226,1.9857318980376408
-1.6478964377401488,1.7253479586173752,-5.383282700080281,3.9714637960752817,-0.45069591723475444,1.9875301518810884
-1.656614965857246,1.7254210157682899,-5.383851633975422,3.975060303762177,-0.45084203153658386,1.9880420293021748
-1.656361495127598,1.7251964137639677,-5.384877332079074,3.9760840586043495,-0.45039282752793947,1.9879751679129312
-1.6570042706588648,1.7254319414510126,-5.385236357466789,3.9759503358258623,-0.4508638829020293,1.9890423214737438
-1.6568852281873498,1.7255507997493909,-5.385775303687264,3.9780846429474876,-0.4511015994987857,1.9907878392950122
-1.6564594931668561,1.7252655660350522,-5.386850019970124,3.9815756785900245,-0.4505311320701082,1.9921848210378432
-1.6532983477669152,1.7244953383649149,-5.388743797786368,3.9843696420756864,-0.44899067672983367,1.9901845441879484
-1.6472913699919047,1.7247161360676107,-5.389117899933202,3.980369088375897,-0.44943227213522524,1.992419029041924
-1.6434701110323857,1.7246056723102234,-5.389949973554151,3.984838058083848,-0.4492113446204506,1.9919999285671093
-1.6360685532572883,1.7238911833856017,-5.391738648983505,3.9839998571342186,-0.44778236677120714,1.9917673974032029
-1.6255478139387387,1.723897006547471,-5.392412036524111,3.9835347948064057,-0.44779401309494604,1.991979420833393
-1.6213020896186041,1.7229833993701107,-5.394438530265894,3.983958841666786,-0.44596679874022543,1.9918734554420683
-1.6153160534119193,1.722346621725873,-5.396109823684817,3.9837469108841366,-0.4446932434517499,1.991660617685003
-1.6162985263258984,1.722542009710151,-5.3965333492573535,3.983321235370006,-0.44508401942030607,1.9909654815886657
-1.6171997143782049,1.7223854974765707,-5.397472641668505,3.9819309631773314,-0.4447709949531456,1.9900544513919083
-1.6164313430369774,1.722465726725959,-5.398109628453086,3.9801089027838166,-0.4449314534519226,1.989592654612652
-1.6120659392576302,1.721927657356312,-5.399631411174529,3.979185309225304,-0.44385531471262846,1.9894228924771247
-1.6034099424371244,1.722044098735038,-5.4001390577938855,3.9788457849542493,-0.4440881974700805,1.990346389193482
-1.6016401464025662,1.722316199430447,-5.400420719908201,3.980692778386964,-0.4446323988608984,1.9910146988863382
-1.5971395268026902,1.7221818556250097,-5.401309726004256,3.9820293977726764,-0.4443637112500236,1.990892127399202
-1.5879600120263992,1.722526334545781,-5.401474422637585,3.981784254798404,-0.44505266909156654,1.9919945726700314
-1.5842838295462642,1.7220813578514647,-5.402816576689835,3.983989145340063,-0.44416271570293375,1.993098958274709
-1.5783085974920623,1.7222166277865567,-5.403337667161762,3.986197916549418,-0.4444332555731181,1.9940685024769704
-1.5765678142631918,1.721807790620394,-5.40465768269194,3.988137004953941,-0.44361558124079237,1.9924649765367253
-1.5718551682558752,1.7213596887166733,-5.406037729138634,3.9849299530734505,-0.44271937743335116,1.9914200750616227
-1.5706041824642458,1.721615341842336,-5.40635869293924,3.9828401501232453,-0.44323068368467683,1.991468728085063
-1.5742438145530095,1.7215329071119867,-5.4071828546894105,3.982937456170126,-0.44306581422397806,1.9920332454380507
-1.574475846718157,1.7213270273065908,-5.408220439388535,3.9840664908761014,-0.44265405461318647,1.9914554283867039
-1.5712717378282766,1.7212452051513063,-5.409025920758651,3.9829108567734077,-0.44249041030261727,1.9927986548417942
-1.570876182349573,1.7206571871357783,-5.4106298959332015,3.9855973096835884,-0.4413143742715614,1.9935615390505124
-1.5692402394089369,1.719047061465698,-5.413806400202128,3.9871230781010247,-0.43809412293140115,1.9883840549456004
-1.5646109673539277,1.7187888475740383,-5.414925941776692,3.976768109891201,-0.4375776951480816,1.9882795027401443
-1.570946478766281,1.7185137034748994,-5.416095737044559,3.9765590054802886,-0.43702740694980374,1.9882538664852896
-1.5743120614820132,1.7171618291709347,-5.418851474336565,3.976507732970579,-0.4343236583418746,1.9849380063857642
-1.5734206610080523,1.7179240586309648,-5.418349056853455,3.9698760127715285,-0.43584811726193456,1.9889466425738216
-1.5853744121476083,1.7170075073366708,-5.4204097758902945,3.977893285147643,-0.43401501467334663,1.988795742976047
-1.588096582080384,1.716322009714776,-5.422159670903154,3.977591485952094,-0.43264401942955694,1.9901457444129487
-1.5963240828229304,1.715038119268773,-5.424828809884493,3.9802914888258973,-0.43007623853755095,1.9893157759780808
-1.6038410556527523,1.7157341000179502,-5.424531603308103,3.9786315519561617,-0.4314682000359058,1.989421193449274
-1.6230365199158263,1.7161276377553978,-5.424649154711109,3.978842386898548,-0.43225527551080095,1.9896030526109774
-1.6391469573369966,1.7162182722065118,-5.425226739160418,3.9792061052219547,-0.4324365444130289,1.991063626533785
-1.6516713980436721,1.7155385084690435,-5.427015688454809,3.98212725306757,-0.4310770169380925,1.9889109082642382
-1.6635776548607595,1.7155469975233006,-5.427721851151241,3.9778218165284764,-0.4310939950466066,1.9880768101467567
-1.6782806247885875,1.7154897441685821,-5.428550408959243,3.9761536202935135,-0.43097948833716965,1.9889940319643633
-1.6933544771213085,1.7153820469609942,-5.429417312651213,3.9779880639287266,-0.4307640939219939,1.990823766955028
-1.7063911682615078,1.7155810911399672,-5.429791251551858,3.981647533910056,-0.4311621822799399,1.993046168262766
-1.7182942156073926,1.7151778740117027,-5.43117160413474,3.986092336525532,-0.43035574802341087,1.9935131134300799
-1.7286557613997395,1.7153046720015686,-5.431734645318004,3.9870262268601597,-0.43060934400314255,1.9936532789420125
-1.7417112616165555,1.7147559960500633,-5.4332962931679685,3.987306557884025,-0.42951199210013213,1.994284638728954
-1.7510500792786896,1.71504792123183,-5.4335845939222205,3.988569277457908,-0.4300958424636651,1.9946433917099946
-1.764495622757278,1.7151156058589596,-5.434185380519684,3.989286783419989,-0.4302312117179243,1.9951044581599708
-1.7724890799032895,1.7145072605417313,-5.435810094836078,3.9902089163199417,-0.4290145210834677,1.9948455557631029
-1.7705038776240896,1.7142298858893448,-5.436992762511828,3.9896911115262057,-0.42845977177869443,1.9942621710175146
-1.7705442845646369,1.713599839797465,-5.4386343042892085,3.988524342035029,-0.427199679594935,1.9948148473974208
-1.7693477951391294,1.7128323228741225,-5.440525110289436,3.9896296947948415,-0.4256646457482498,1.9932618078436322
-1.7640785529342802,1.7123976880757108,-5.441883820202972,3.9865236156872643,-0.42479537615142665,1.994206788524784
-1.7674716714587722,1.7117780267181268,-5.443549517010299,3.988413577049568,-0.42355605343625863,1.9937355522057172
-1.7677154894404854,1.7119965796524081,-5.443945198275167,3.9874711044114344,-0.42399315930482107,1.9958791768835518
-1.7693635154497267,1.7113027546039556,-5.4457088704388115,3.9917583537671035,-0.4226055092079162,1.9950996204885716
-1.7610723401777482,1.7105643716825873,-5.447576004550049,3.990199240977143,-0.4211287433651795,1.994502901279103
-1.7597194144430217,1.7095339398874139,-5.4499337013902895,3.989005802558206,-0.4190678797748325,1.9914984370877835
-1.7631399922578819,1.7107108015877661,-5.448852545088327,3.982996874175567,-0.4214216031755372,1.9926728961118387
-1.777456446516155,1.710830339524704,-5.449422232739254,3.9853457922236775,-0.4216606790494128,1.9927776823820085
-1.778273216503199,1.7105021525115907,-5.450670393814415,3.985555364764017,-0.421004305023186,1.9912768416547555
-1.777152084995901,1.7101592103371508,-5.451924440279503,3.982553683309511,-0.4203184206743063,1.9906735372143973
-1.7772093975321028,1.709421456029281,-5.453747974339201,3.9813470744287947,-0.4188429120585667,1.9910104646201736
-1.7773491863566901,1.709201543512392,-5.454815954791683,3.9820209292403472,-0.4184030870247884,1.9907665146632119
-1.783384553560559,1.7093803330021815,-5.455264721699046,3.9815330293264237,-0.4187606660043674,1.9925475312561856
-1.7894379816693036,1.7098237721222547,-5.45530668568251,3.985095062512371,-0.4196475442445139,1.9956464465538537
-1.7958147188043285,1.710216439961332,-5.455427616106016,3.9912928931077074,-0.42043287992266837,1.9972996937835397
-1.7967731499724025,1.7109412016494865,-5.455086920273235,3.9945993875670793,-0.4218824032989772,1.9973518165597508
-1.7979095712265805,1.711295008488149,-5.455310255084862,3.9947036331195016,-0.42259001697630233,1.9972556586349213
-1.7942909426457372,1.7116017904860352,-5.4556055441500115,3.9945113172698425,-0.4232035809720745,1.9981419802727562
-1.7855429882198126,1.7116308389661457,-5.456321464515353,3.9962839605455125,-0.42326167793229524,1.9980143261934427
-1.77297900091365,1.7118032604627618,-5.456774749471507,3.9960286523868853,-0.42360652092552753,1.9980732738501603
-1.757531094273364,1.7109399266419199,-5.458846019514675,3.9961465477003206,-0.42187985328384375,1.9965865083637904
-1.7347595047484758,1.709922799914289,-5.4611104931324785,3.9931730167275807,-0.41984559982858194,1.9963466263654515
-1.7137233608252789,1.710546531758039,-5.460913285538417,3.992693252730903,-0.42109306351608217,1.9964874714128986
-1.6987282719026817,1.7096358476098472,-5.463051349334051,3.9929749428257972,-0.4192716952196983,1.9958415652387624
-1.6777181057114237,1.7095800585846423,-5.463804017554752,3.991683130477525,-0.4191601171692888,1.997665590036028
-1.6601502957100203,1.708213089621794,-5.466617127158159,3.995331180072056,-0.416426179243592,1.9948130842608771
-1.6361344088143186,1.70854101836534,-5.466835695705433,3.9896261685217542,-0.4170820367306841,1.996891101861468
-1.6181401648988434,1.7083369560244075,-5.467873610077223,3.993782203722936,-0.41667391204881915,1.9971160836397648
-1.604492066929402,1.708921119789911,-5.4677095902263515,3.9942321672795296,-0.4178422395798263,1.998296106314993
-1.5949392819586552,1.7069693112119293,-5.47141013745366,3.996592212629986,-0.41393862242386276,1.9950527069001678
-1.574565563339089,1.7075203949285915,-5.4713322481077045,3.9901054138003356,-0.4150407898571873,1.9955481530353212
-1.5679206623326998,1.7072824843663925,-5.472417879834363,3.9910963060706424,-0.4145649687327895,1.9961957585295218
-1.5532489538251362,1.707938290556006,-5.472140447385348,3.9923915170590436,-0.4158765811120167,1.9975328325773876
-1.5414746369192471,1.7081064165069002,-5.4726415033956775,3.995065665154775,-0.41621283301380474,1.997671156860915
-1.5263402720406392,1.7084663538699432,-5.47285812008934,3.99534231372183,-0.41693270773989083,1.9981704283595574
-1.513849575567089,1.7085307054545016,-5.473517978919973,3.9963408567191148,-0.41706141090900767,1.9985860534053284
-1.5014968069617076,1.7075694569004674,-5.4756749163521485,3.9971721068106567,-0.41513891380093926,1.9990095555948528
-1.4910624607156118,1.7075609390681785,-5.476456582997319,3.9980191111897057,-0.41512187813636153,1.9980540272348926
-1.490150334287133,1.7083275431640084,-5.476041047485228,3.996108054469785,-0.416655086328021,1.9992466724637534
-1.4936669813306347,1.7081682790955064,-5.476999785879935,3.998493344927507,-0.416336558191017,2.0011919097027966
-1.4914901251316603,1.7084115328842517,-5.477371468365879,4.002383819405593,-0.4168230657685078,2.0015632092978195
-1.492730745808465,1.7085284944334431,-5.477929357620568,4.003126418595639,-0.41705698886689047,2.00316761949586
-1.4889358395101677,1.7083375376338559,-5.478943049503313,4.00633523899172,-0.4166750752677158,2.003943426936764
-1.4795923126339785,1.70762662762715,-5.48075752937623,4.007886853873528,-0.41525325525430407,2.0023177180028844
-1.4739131770267084,1.7065952948791234,-5.483071305271997,4.004635436005769,-0.4131905897582513,2.0019233365549565
-1.4670819136944888,1.7061319134085164,-5.484520603383088,4.003846673109913,-0.4122638268170375,2.001420359887099
-1.466771278726473,1.7064588794436895,-5.484764971606718,4.002840719774198,-0.4129177588873834,2.0022494542190636
-1.4649673304186517,1.7066223691122262,-5.48526629683598,4.004498908438127,-0.41324473822445684,2.0023906961918394
-1.463201838090149,1.7076555774224718,-5.4843987964665875,4.004781392383679,-0.41531115484494807,2.005245503982996
-1.4622000391048235,1.70720977501579,-5.485857877563543,4.010491007965992,-0.4144195500315847,2.0040313527144247
-1.4549802643139929,1.7073991443571577,-5.48631795529657,4.008062705428849,-0.41479828871432006,2.0065369026513715
-1.4433447570476323,1.7077295730620399,-5.486545654608135,4.013073805302743,-0.41545914612408436,2.0077198306704696
-1.4344124331350994,1.7078967920261303,-5.487020444349384,4.015439661340939,-0.41579358405226513,2.009816889535549
-1.4224663595336575,1.7083956285865247,-5.4870088783835556,4.019633779071098,-0.4167912571730538,2.009821149062884
-1.4143972497809223,1.708930764143524,-5.486914093051126,4.019642298125768,-0.4178615282870526,2.0110879242751163
-1.4049604768510555,1.7092753986356775,-5.487129670336012,4.022175848550233,-0.4185507972713595,2.0118355315174052
-1.394346674173458,1.7087760821970253,-5.488631344314025,4.0236710630348105,-0.4175521643940549,2.012129183595207
-1.380412105585867,1.7096829766687511,-5.488014564484864,4.024258367190414,-0.4193659533375065,2.0129499662130312
-1.3682191804650374,1.7092578912265195,-5.489412430791784,4.0258999324260625,-0.4185157824530433,2.0114832337008255
-1.3478263374137809,1.7093148422525049,-5.490061218926793,4.022966467401651,-0.41862968450501403,2.0110144988263667
-1.3353147666376541,1.7091383326389522,-5.491056478970896,4.0220289976527335,-0.4182766652779088,2.010216821769055
-1.3215214045527395,1.7096252162920926,-5.491042903198251,4.02043364353811,-0.4192504325841898,2.0125186747794994
-1.3119439265284223,1.7086737127686757,-5.493262317602751,4.025037349558999,-0.41734742553735604,2.010529097083041
-1.2971378806770155,1.7071162479858446,-5.4964235903982885,4.021058194166082,-0.41423249597169376,2.006685761260013
-1.2847074756407624,1.7067258123205016,-5.497736936207537,4.013371522520026,-0.4134516246410077,2.0060272975272198
-1.279300668549943,1.7061873423517817,-5.499289743276343,4.0120545950544395,-0.4123746847035678,2.0054098397289346
-1.2711173630969546,1.705754995682041,-5.500711268055614,4.010819679457869,-0.41150999136408645,2.0043360899002334
-1.2639806212393139,1.7060673300802605,-5.50100080449644,4.008672179800467,-0.4121346601605253,2.004856452176916
-1.262998722503577,1.7065167567155255,-5.50108284801434,4.009712904353832,-0.4130335134310553,2.005467532545922
-1.2620759544681945,1.7064245933925146,-5.501978343404865,4.010935065091844,-0.41284918678503335,2.005289554585884
-1.2638089563644774,1.7062654392298258,-5.502990937385652,4.010579109171768,-0.4125308784596555,2.005793194001974
-1.2641602588103034,1.7062785722556557,-5.50374754208459,4.011586388003948,-0.4125571445113154,2.0077747010588474
-1.2671777294793358,1.7057131429354642,-5.505358022545272,4.015549402117695,-0.4114262858709321,2.0084315585460324
-1.270869418373683,1.7066029935471172,-5.504741013840337,4.016863117092065,-0.41320598709423806,2.0093310435826575
-1.282234685811726,1.7062311020017153,-5.506045186517648,4.018662087165315,-0.4124622040034342,2.0090264539102516
-1.2885085032390622,1.7064407703140192,-5.506475398452254,4.018052907820503,-0.4128815406280421,2.009060869513521
-1.3012666193355793,1.7069526459137152,-5.506441658642983,4.018121739027042,-0.4139052918274342,2.009585450643618
-1.31584476961542,1.7072833574651511,-5.506680459662869,4.019170901287236,-0.41456671493030617,2.009997692627205
-1.3250843985262941,1.7069867621487131,-5.507867143170923,4.01999538525441,-0.41397352429743034,2.012093879917189
-1.336310192687629,1.7063849604943682,-5.509531506687707,4.024187759834378,-0.41276992098874027,2.0110374030393974
-1.3462790391301294,1.7064012657616265,-5.510264674685979,4.022074806078795,-0.41280253152325697,2.011894084068537
-1.361051226314883,1.7058459442361213,-5.511872370749502,4.023788168137074,-0.4116918884722464,2.0112299203133284
-1.3734366055943976,1.706083114055731,-5.512257644960038,4.022459840626657,-0.412166228111466,2.011400089900702
-1.3931013039806062,1.706597846627802,-5.512206255321254,4.022800179801404,-0.4131956932556078,2.0117496765018545
-1.407682353589311,1.7070513991675627,-5.5122349656589895,4.023499353003709,-0.41410279833512886,2.0136494412043904
-1.4121376717645884,1.7065129691618397,-5.5137959050402126,4.027298882408781,-0.4130259383236829,2.0138144868340224
-1.40943156143023,1.7062739142417813,-5.514896123985592,4.027628973668045,-0.41254782848356597,2.013972442800922
-1.4071661824702844,1.7064335052026942,-5.5154717626624805,4.027944885601844,-0.4128670104053916,2.0129785591653553
-1.4045673251633044,1.7058214530901086,-5.517171520636461,4.025957118330711,-0.4116429061802204,2.0110276359510895
-1.4005561191538796,1.7056558211514385,-5.518186880012535,4.022055271902179,-0.4113116423028804,2.010824731344748
-1.402698829333617,1.7062846220543275,-5.517986102064555,4.021649462689496,-0.4125692441086582,2.011179262936051
-1.4068951498601727,1.707169626930527,-5.5174190852414915,4.022358525872102,-0.4143392538610573,2.01163882573879
-1.4071604311181933,1.7081984040044185,-5.516600115514042,4.02327765147758,-0.4163968080088403,2.0131759983680944
-1.402560620557331,1.7075128352525526,-5.5183870524248855,4.026351996736189,-0.41502567050510847,2.0116611466518854
-1.384650649823727,1.7082559472080108,-5.5179603575864,4.023322293303771,-0.4165118944160248,2.0152873358068204
-1.3783596311277222,1.7083675133820315,-5.518528065454418,4.030574671613641,-0.4167350267640661,2.016385504069766
-1.3642653124902,1.7076361296348606,-5.520432613621988,4.032771008139532,-0.4152722592697243,2.014028418514551
-1.3482966614672312,1.7072731916008403,-5.5217780240129475,4.028056837029102,-0.4145463832016837,2.0139580441904856
-1.3393297568379467,1.7080578679950191,-5.521341337715882,4.027916088380971,-0.41611573599004126,2.0143950059569153
-1.3367341201848495,1.7073325346414356,-5.523239416815777,4.028790011913831,-0.4146650692828741,2.0124232217372127
-1.324471502231399,1.7082284202010727,-5.522638211363695,4.024846443474425,-0.4164568404021482,2.0127770409784502
-1.3168859472540029,1.7081510925199606,-5.523512908978948,4.0255540819569005,-0.4163021850399241,2.011817222485437
-1.3019776147897,1.7078913258101784,-5.524594580115202,4.023634444970874,-0.4157826516203597,2.0134715772448
-1.2845140673300288,1.708029558832706,-5.525143143825527,4.0269431544896,-0.41605911766541454,2.0134532103259235
-1.270659150693036,1.7079476882417082,-5.526047930152369,4.026906420651847,-0.4158953764834191,2.012631279545036
-1.258526206260127,1.7075962717886612,-5.527309110231662,4.025262559090072,-0.4151925435773251,2.012664214316931
-1.248901542784143,1.7076315758738874,-5.528039488357608,4.025328428633862,-0.41526315174777734,2.0127955858788313
-1.2396954533902766,1.7087301076199282,-5.527126038400872,4.025591171757663,-0.4174602152398587,2.016994314472882
-1.2322303991853527,1.7078932461169314,-5.529132508223917,4.033988628945764,-0.41578649223386505,2.0156116550881213
-1.2148502825796577,1.7078836407199274,-5.529869775378693,4.031223310176243,-0.41576728143985703,2.016372529939415
-1.2009830038935156,1.7078744409534317,-5.530634249054486,4.03274505987883,-0.4157488819068657,2.018305451110884
-1.1867781196752096,1.7082423939751026,-5.530805202186301,4.036610902221768,-0.4164847879502077,2.02036826715439
-1.1774423510868655,1.7087174958455997,-5.5308599673913665,4.04073653430878,-0.417434991691202,2.020459593148631
-1.1718461568935497,1.7089758686024927,-5.531233349671375,4.040919186297262,-0.417951737204988,2.0205858930285188
-1.1695824362033491,1.7096339282988198,-5.531016995727357,4.0411717860570375,-0.4192678565976423,2.0204139290542664
-1.1643389094452368,1.709764153221947,-5.531566420819738,4.040827858108533,-0.41952830644389666,2.020815217928863
-1.1588305163568169,1.7095840878666007,-5.532628290994323,4.041630435857726,-0.41916817573320386,2.0189492647069254
-1.1529222736842257,1.710167845194202,-5.5325004181166735,4.037898529413851,-0.4203356903884067,2.0192544606608274
-1.1469317881882723,1.7102595241779441,-5.533105748593984,4.038508921321655,-0.4205190483558909,2.0193429970254373
-1.1353500186059886,1.7098869090106927,-5.534400294470944,4.038685994050875,-0.419773818021388,2.0192022084607717
-1.1268682438763626,1.7097882300676133,-5.5353164433778925,4.038404416921543,-0.419576460135229,2.018684921721005
-1.117930521607648,1.7107871300479351,-5.534568608093377,4.03736984344201,-0.4215742600958728,2.0187900987818486
-1.117634425023308,1.7115812018775456,-5.534062084602796,4.037580197563697,-0.4231624037550937,2.02019174191343
-1.1114252493119547,1.7121068802543093,-5.533978512823991,4.04038348382686,-0.42421376050862136,2.0213992282018634
-1.0994083115094342,1.712337400743012,-5.534385043209417,4.042798456403727,-0.4246748014860271,2.021889125461305
-1.0849598661888793,1.713603406296085,-5.533207279184853,4.04377825092261,-0.4272068125921728,2.0235253854796205
-1.0719748743209214,1.713711846177395,-5.533784492072517,4.047050770959241,-0.4274236923547928,2.024776418928315
-1.0475137311653793,1.713181387963937,-5.535374829541396,4.04955283785663,-0.426362775927877,2.0248851296988257
-1.0214837606119485,1.713956283777565,-5.534944954256377,4.0497702593976515,-0.427912567555133,2.02538991173387
-1.007884515716413,1.7151825584814853,-5.53384531521856,4.05077982346774,-0.4303651169629734,2.026070450175084
-0.9879610526821656,1.715767432179561,-5.533752628904163,4.052140900350168,-0.431534864359125,2.0260990532750607
-0.959879344671557,1.7156609304152217,-5.534650577302172,4.052198106550121,-0.4313218608304464,2.0263258405561198
-0.9275802484359579,1.715833917448431,-5.535119808762426,4.0526516811122395,-0.4316678348968646,2.026381091218162
-0.898940601904056,1.7154044733681093,-5.536559151939373,4.052762182436324,-0.4308089467362213,2.0249453076654307
-0.8709136962034068,1.715618555153442,-5.53696540646336,4.049890615330861,-0.43123711030688644,2.025889290774548
-0.8485085933594809,1.71524536898032,-5.538259235678449,4.051778581549096,-0.43049073796064263,2.0254697044364653
-0.827690719529842,1.7160248059002545,-5.537831174464943,4.050939408872931,-0.4320496118005115,2.025154653600491
-0.8128675883649907,1.716164979210645,-5.538400298552432,4.050309307200982,-0.4323299584212925,2.024941770000442
-0.7922481547327509,1.7161730533174142,-5.539140899270364,4.049883540000884,-0.4323461066348307,2.024413827677257
-0.7744265429193584,1.7163905994139752,-5.539606601385886,4.048827655354514,-0.43278119882795274,2.0228464350554565
-0.7583276998885582,1.7169481863080356,-5.539499673391929,4.045692870110913,-0.4338963726160735,2.0228974191561306
-0.7412061524831528,1.7171997923588664,-5.5398578679769654,4.045794838312261,-0.43439958471773504,2.023791301100441
-0.7208833007368094,1.7179189945428437,-5.539507032880721,4.047582602200882,-0.43583798908568955,2.023800622692916
-0.7067213614795937,1.7181980113949196,-5.5398410834049745,4.047601245385832,-0.4363960227898411,2.024414032805131
-0.6927673247193153,1.7193297938718486,-5.538850497261176,4.048828065610262,-0.43865958774369895,2.0261105656279232
-0.6831962516350263,1.719627721027823,-5.539124091973701,4.0522211312558465,-0.4392554420556477,2.026613920454226
-0.667414728605503,1.7199297508844942,-5.539416079838912,4.053227840908452,-0.43985950176898986,2.026464805654996
-0.6580946061348256,1.7205769847994605,-5.539136038316592,4.052929611309992,-0.4411539695989225,2.027148316058558
-0.6496591283936852,1.720914192973192,-5.539365605909603,4.054296632117116,-0.4418283859463853,2.026734607712361
-0.635614636391308,1.721554166106259,-5.539152686856561,4.053469215424722,-0.4431083322125192,2.0258933914695363
-0.6254916471445897,1.7229875475035736,-5.537708140128974,4.051786782939073,-0.4459750950071484,2.0279475357912893
-0.6217072222885287,1.7225396054696929,-5.539140577764415,4.055895071582579,-0.44507921093938685,2.026431903699304
-0.60873839585456,1.7224149611421395,-5.540098076787931,4.052863807398608,-0.4448299222842803,2.024848749966927
-0.5988612807052718,1.7228050588826274,-5.5402616275126295,4.049697499933854,-0.445610117765256,2.0253670036994147
-0.5924115486877439,1.7224202556840411,-5.541593532499102,4.050734007398829,-0.4448405113680835,2.024347086147397
-0.5808279053574572,1.722628704384867,-5.5419919018898085,4.048694172294794,-0.4452574087697352,2.025198265414373
-0.5741575132279708,1.7233947348937821,-5.5415581839212935,4.050396530828746,-0.4467894697875655,2.02566270417292
-0.5667697462429624,1.7243551451725614,-5.540815013480498,4.05132540834584,-0.44871029034512405,2.0272595624782386
-0.5604936240454226,1.7242258406774724,-5.541778153858147,4.054519124956477,-0.44845168135494623,2.026521920100339
-0.5475712011990579,1.7245637210985623,-5.54202350942017,4.053043840200678,-0.4491274421971259,2.026054977646393
-0.536973910984341,1.7246379839345078,-5.54266034216061,4.052109955292786,-0.44927596786901697,2.025755888530193
-0.5256094906918802,1.7253263456711068,-5.542330163835217,4.051511777060386,-0.4506526913422147,2.0261537357727284
-0.5187147617253673,1.7253034724998508,-5.543125487862256,4.052307471545457,-0.4506069449997027,2.024909183262324
-0.5081727069594546,1.7249121423228062,-5.544431486664889,4.049818366524648,-0.44982428464561347,2.0238100649577184
-0.5009138938460853,1.7259001297652898,-5.543657009778332,4.047620129915437,-0.45180025953058073,2.0247132267363277
-0.50063207649587,1.726967259984878,-5.5427599803664425,4.049426453472655,-0.4539345199697569,2.0253255190272537
-0.5018106359833139,1.7278893370576995,-5.542101365438954,4.050651038054507,-0.45577867411540013,2.025283759494773
-0.49874375087129863,1.7290237611286965,-5.541086626500612,4.050567518989546,-0.45804752225739415,2.02632423513508
-0.4932307517953385,1.7294131602552933,-5.54123344189779,4.05264847027016,-0.458826320510588,2.0259264734420737
-0.4832718685260007,1.7295915708793832,-5.541683647837803,4.051852946884147,-0.4591831417587676,2.02643458416058
-0.47283947254906167,1.7295094594662206,-5.542533052682298,4.05286916832116,-0.45901891893244234,2.02632193303827
-0.4643885747884706,1.7297752226730438,-5.542843396343055,4.05264386607654,-0.45955044534608863,2.026763020944496
-0.46553914820804554,1.7306566699031893,-5.542237535015419,4.053526041888992,-0.4613133398063796,2.027153410025678
-0.4652705498380163,1.7307962797798495,-5.542746875176242,4.054306820051356,-0.46159255955969986,2.0261494922108234
-0.4583043944721972,1.7309079228204727,-5.543309517193201,4.052298984421647,-0.4618158456409461,2.0249686571332988
-0.4527411616942034,1.7316553818980511,-5.542906207886866,4.0499373142665975,-0.46331076379610314,2.0264160540624627
-0.4467906175246892,1.7320818956859232,-5.54302180106876,4.0528321081249254,-0.4641637913718471,2.0265344691489697
-0.43744299319841895,1.7329336124565806,-5.542460471528933,4.0530689382979395,-0.46586722491316174,2.027732390758911
-0.43122599894565017,1.7337339273607522,-5.541995934006799,4.055464781517822,-0.46746785472150487,2.0278036871953486
-0.42570869426577795,1.7345076511274122,-5.5415686532646315,4.055607374390697,-0.46901530225482513,2.028393686154414
-0.4157073746809088,1.7348178908824325,-5.54182869418877,4.056787372308828,-0.4696357817648657,2.0279287435944426
-0.40247786450249556,1.7349516980944653,-5.542352461507846,4.055857487188885,-0.469903396188931,2.0285243136582918
-0.3878984322883685,1.7352059827530402,-5.542659392820677,4.0570486273165836,-0.470411965506081,2.0282524404361553
-0.37668141353322593,1.7353402697517566,-5.543192224288974,4.0565048808723105,-0.4706805395035137,2.0287888818809394
-0.3640578095113085,1.7358912277611624,-5.543069479965612,4.057577763761879,-0.47178245552232523,2.028339195895708
-0.3504028658219198,1.7359782795475267,-5.543668077755715,4.056678391791416,-0.4719565590950537,2.027918430332022
-0.3382251014616964,1.7368302257706523,-5.54310086189083,4.055836860664044,-0.4736604515413048,2.027748691139113
-0.33342559823262086,1.7374877170585539,-5.542847019526169,4.055497382278226,-0.474975434117108,2.028445130944617
-0.32881812164278745,1.7375376646057972,-5.543480290971011,4.056890261889234,-0.47507532921159457,2.028339950886518
-0.3257585342338003,1.7371202651457076,-5.544842102000191,4.056679901773036,-0.47424053029141544,2.027079102478058
-0.32345802924274514,1.7382145854156705,-5.543894097157296,4.054158204956116,-0.47642917083134145,2.0277374062072266
-0.32797068353656833,1.738483601107079,-5.544205207491326,4.055474812414453,-0.4769672022141585,2.027230996754081
-0.3245626138104605,1.7383478661243048,-5.5451086356822,4.054461993508162,-0.4766957322486099,2.026514291825548
-0.3203927161056992,1.7388017815178218,-5.545118025364691,4.053028583651096,-0.47760356303564416,2.026555295297904
-0.3230610448726665,1.7394458865695805,-5.544865232420823,4.053110590595808,-0.4788917731391615,2.0262181688545438
-0.3249186617631583,1.7405163298231965,-5.543956555150141,4.0524363377090875,-0.48103265964639347,2.026956900573646
-0.3254467043561391,1.7404473081836422,-5.544770306064181,4.053913801147292,-0.4808946163672851,2.0262710508664514
-0.32145921096907815,1.7407813416335054,-5.545008405232689,4.052542101732903,-0.4815626832670113,2.025283788044564
-0.3210288800428165,1.7420575230918112,-5.543805286424214,4.050567576089128,-0.48411504618362267,2.025806176025162
-0.3259050138199826,1.7421298374349605,-5.544420079382925,4.051612352050324,-0.4842596748699212,2.024876419264673
-0.3250444982665517,1.742719761100622,-5.5442528478894335,4.049752838529346,-0.485439522201244,2.0252981050102057
-0.3291920565703297,1.7426441693768904,-5.545096809377433,4.050596210020411,-0.4852883387537809,2.023437180175815
-0.33037576085079223,1.7426124978228619,-5.545854005189232,4.04687436035163,-0.48522499564572386,2.0234108516205995
-0.3327625055027812,1.7427667858109033,-5.546355134379747,4.046821703241199,-0.48553357162180655,2.023043744339438
-0.33699996718968617,1.742856664269521,-5.546944996832569,4.046087488678876,-0.4857133285390416,2.022716290286163
-0.341019843650332,1.7431887932124053,-5.547177825898517,4.045432580572326,-0.4863775864248102,2.0214249507225395
-0.34790543320332645,1.7424953965600585,-5.548924183188075,4.042849901445079,-0.4849907931201167,2.0201628416833306
-0.35101867434194745,1.7430211223249041,-5.548816778355911,4.040325683366661,-0.4860422446498079,2.020166902956194
-0.3644633180126271,1.7431573198712433,-5.549338078889542,4.040333805912388,-0.48631463974248645,2.019392326988691
-0.3774895932140758,1.7438957051622361,-5.548926218575684,4.038784653977382,-0.48779141032447215,2.02002535127453
-0.3915081317443665,1.7445177928223667,-5.54868821754186,4.04005070254906,-0.48903558564473315,2.0196694672934403
-0.3994557432522221,1.7442069696746436,-5.549870944857905,4.039338934586881,-0.48841393934928673,2.017870914052031
-0.40751762567787786,1.7453446637186705,-5.548851413133363,4.035741828104062,-0.4906893274373403,2.017651958816879
-0.4216857596014121,1.745813839613103,-5.548852270470666,4.035303917633758,-0.4916276792262055,2.017505312588524
-0.4271502804741272,1.7461683464599909,-5.549018388767511,4.035010625177048,-0.4923366929199811,2.017222157010885
-0.43191781024972054,1.7458260791190514,-5.550198929506739,4.03444431402177,-0.49165215823810243,2.016924488769133
-0.43614248870725314,1.7452866237851619,-5.551745667995988,4.033848977538266,-0.49057324757032345,2.015883807410815
-0.4467164188716519,1.7459566234146846,-5.551417298519386,4.03176761482163,-0.4919132468293687,2.0166645231169715
-0.4621361367090744,1.7465242864360602,-5.551241999942163,4.033329046233943,-0.4930485728721196,2.0170506811678934
-0.4751732793975818,1.7463734335504517,-5.552178600022075,4.034101362335787,-0.49274686710090276,2.0170021965191536
-0.49020566365386564,1.7471218579528922,-5.55173482595376,4.034004393038307,-0.4942437159057838,2.016932526044111
-0.5081623413409582,1.7476662083330212,-5.55160343772746,4.033865052088222,-0.49533241666604194,2.0163463851942445
-0.5242848924566226,1.7477966490294545,-5.552096826105743,4.032692770388489,-0.4955932980589085,2.016002088843686
-0.5357988753066136,1.748525381952597,-5.551669888902323,4.032004177687372,-0.49705076390519365,2.0173303077666604
-0.547527557472105,1.7489075453758296,-5.551823040451448,4.034660615533321,-0.4978150907516587,2.0167657129059857
-0.5547534225246462,1.7495203849577525,-5.551605998187454,4.033531425811971,-0.49904076991550433,2.016755596569434
-0.5605344348046621,1.7494572866025453,-5.552413135528299,4.033511193138868,-0.49891457320509,2.0159798084993006
-0.5625279233329255,1.7509511723730595,-5.550847441082685,4.031959616998601,-0.5019023447461184,2.016299298715607
-0.5650685037913901,1.750635564822347,-5.552079218280869,4.032598597431214,-0.5012711296446934,2.014436361943936
-0.5563080399054972,1.7505318891601436,-5.552918319375513,4.028872723887872,-0.5010637783202864,2.014615562227916
-0.5496877279055283,1.7515000521719781,-5.55215231400807,4.029231124455832,-0.5030001043439553,2.0165921745618665
-0.5495173309782269,1.7521718751850315,-5.551828553174384,4.033184349123733,-0.5043437503700618,2.016498662193884
-0.5461318861177578,1.7529180511392404,-5.551395097582782,4.032997324387768,-0.5058361022784795,2.0158375397330093
-0.5376213279760513,1.752813337698031,-5.5522625211448275,4.0316750794660186,-0.5056266753960611,2.015273477147632
-0.5288919836737467,1.7532396641406056,-5.552297400830167,4.030546954295264,-0.5064793282812102,2.0147885305905855
-0.523997571883994,1.753330154649631,-5.552804611174025,4.029577061181171,-0.5066603092992608,2.0141952791857136
-0.5176007326676357,1.7538619525793844,-5.5526906724216065,4.028390558371427,-0.5077239051587676,2.01488998488811
-0.5099781902808007,1.7541307165494708,-5.552977819906041,4.02977996977622,-0.5082614330989408,2.0147664938234624
-0.49634027284502347,1.7546693354707428,-5.552860079377113,4.029532987646925,-0.5093386709414846,2.0152429301155848
-0.48525534695938166,1.754923604820682,-5.553169555297883,4.0304858602311695,-0.5098472096413632,2.0158311684357537
-0.4734540504590594,1.7553292477633298,-5.55328075561276,4.031662336871507,-0.5106584955266588,2.015578705441965
-0.45998737054988226,1.7556278239008858,-5.553538273565271,4.03115741088393,-0.5112556478017707,2.0151337858044673
-0.44807551028265635,1.7561619437783265,-5.553398744793138,4.030267571608935,-0.5123238875566519,2.0152146632433157
-0.43810881796207113,1.7565049034791749,-5.553558352829507,4.030429326486631,-0.5130098069583486,2.015956310157124
-0.42573122572169186,1.7573247604838422,-5.552991709044002,4.031912620314248,-0.5146495209676835,2.0168676048015564
-0.4167643011351889,1.7575001331246363,-5.553408794709845,4.033735209603113,-0.5150002662492713,2.016378101674734
-0.40402685826371965,1.758752011538215,-5.552202390894811,4.032756203349468,-0.5175040230764285,2.0162467584912775
-0.39648732234208595,1.7589015476304146,-5.552658822159598,4.032493516982555,-0.517803095260828,2.015027944610629
-0.37931474040047153,1.7594192737313192,-5.552579454192979,4.030055889221258,-0.5188385474626372,2.0142482096114067
-0.3712202466159771,1.7582106249036704,-5.555150454717717,4.028496419222813,-0.5164212498073394,2.0103237860644887
-0.35515240755791133,1.7586833932788333,-5.55513384978787,4.020647572128977,-0.5173667865576652,2.0100989771839215
-0.3483246850057027,1.7591983275937813,-5.55505939364975,4.020197954367843,-0.5183966551875611,2.0104125547812908
-0.3447219194945381,1.7603702077188044,-5.553934386974712,4.0208251095625815,-0.5207404154376075,2.0118181979626506
-0.3440597885788077,1.7603813381058506,-5.554585632469219,4.023636395925301,-0.5207626762117,2.010948693374339
-0.3382994994774924,1.7603607281852511,-5.555312845010097,4.021897386748678,-0.5207214563705013,2.0100456490596676
-0.3322948553238003,1.7604916267523179,-5.555791082194452,4.020091298119335,-0.5209832535046348,2.0100905197392906
-0.3292410789705835,1.7608887011528762,-5.555840404785413,4.020181039478581,-0.5217774023057514,2.0104722275105864
-0.32707861409837813,1.7606741716154806,-5.556855786678905,4.020944455021173,-0.52134834323096,2.00878848871925
-0.3244060435176692,1.7604030495613907,-5.557969109940308,4.0175769774385,-0.5208060991227802,2.0067419658207495
-0.324206130230392,1.7603684773886108,-5.55871111429909,4.013483931641499,-0.5207369547772204,2.0054612854954748
-0.3288383160631936,1.7605432457351924,-5.559132466691369,4.0109225709909495,-0.5210864914703834,2.0064822554728243
-0.3356984716747782,1.7607038256141332,-5.559585057025975,4.012964510945649,-0.5214076512282649,2.006648774604086
-0.3439407244093431,1.7600720997146733,-5.561238834295597,4.013297549208172,-0.5201441994293451,2.0043147712350367
-0.3511072152789865,1.7602154743715719,-5.561681336188406,4.008629542470073,-0.5204309487431424,2.003628361857661
-0.3658847882835188,1.7606526618625717,-5.561708609704672,4.007256723715322,-0.5213053237251423,2.002823736353327
-0.38253486337583587,1.7608511416807489,-5.562067048281998,4.005647472706654,-0.5217022833614964,2.0021682499672235
-0.4008121144592085,1.760794249379502,-5.5628499411409935,4.004336499934447,-0.5215884987590026,2.0016106831797944
-0.41836014388465337,1.7602391818505796,-5.564386647979239,4.003221366359589,-0.5204783637011577,1.9996112477297443
-0.44185810086427146,1.761047240325023,-5.563820250028962,3.9992224954594886,-0.5220944806500446,1.9999810878151292
-0.47200669739521706,1.7616491056486778,-5.563575082613595,3.9999621756302584,-0.5232982112973542,2.000882004414197
-0.4999060359907759,1.7623326060165692,-5.5632247446462335,4.001764008828394,-0.524665212033137,2.00053019359165
-0.5195404747348542,1.7623339523472492,-5.563894895022443,4.0010603871833,-0.524667904694497,2.0003960586252427
-0.5359454264274319,1.763048719970764,-5.563496650515741,4.0007921172504854,-0.5260974399415267,1.9999340358543867
-0.5562850027881252,1.7634082107639932,-5.56360792721225,3.9998680717087733,-0.526816421527985,2.00192397351497
-0.5780794554566393,1.7632640625630662,-5.56444572427091,4.00384794702994,-0.5265281251261311,2.001935146654961
-0.5963742112831394,1.7635648305983507,-5.564644311519494,4.003870293309922,-0.5271296611967002,2.0040562629087306
-0.6157347511157338,1.7632481001348657,-5.565803087941574,4.008112525817461,-0.52649620026973,2.0029838823961508
-0.6319958272881223,1.7636677144338104,-5.565810178016351,4.0059677647923015,-0.5273354288676193,2.0033235281218587
-0.652910593268099,1.7635227746519,-5.566717817981889,4.006647056243717,-0.5270455493037982,2.001912202090012
-0.6684587337527761,1.7633973770175133,-5.567586405152946,4.003824404180024,-0.526794754035025,2.000753600912149
-0.6826454973278411,1.7637722193265541,-5.567702906006831,4.001507201824298,-0.5275444386531067,1.999928879698516
-0.6976412738044266,1.7643387304058327,-5.5674966028682045,3.999857759397032,-0.5286774608116639,2.001093886132154
-0.711214565951177,1.7632028082152595,-5.56987164346337,4.002187772264308,-0.5264056164305178,1.9992899506990136
-0.7174209168185612,1.7627053443454463,-5.571298419542267,3.998579901398027,-0.5254106886908911,1.9977907115009301
-0.7263655458357126,1.7634374645344453,-5.570848252220304,3.9955814230018603,-0.5268749290688889,1.9979965686375567
-0.7404963187442775,1.7636037055835239,-5.571264289588027,3.9959931372751134,-0.5272074111670462,1.9980481918589497
-0.7506175259290728,1.7641481318331926,-5.571108798586193,3.9960963837178993,-0.5282962636663836,1.9991879182390622
-0.7609304627537545,1.764168807458238,-5.571744606689369,3.9983758364781243,-0.5283376149164742,1.9990663439350664
-0.7659144974899954,1.7642905305116363,-5.572241279664644,3.998132687870133,-0.528581061023271,1.9987199795853585
-0.7675678392397893,1.764138821247668,-5.573176344707745,3.997439959170717,-0.5282776424953345,1.9972489979145696
-0.7714149342497034,1.7646316130072173,-5.573078826053269,3.994497995829139,-0.529263226014433,1.9971171651762751
-0.7800652630839089,1.7644498007256084,-5.574037128411292,3.9942343303525503,-0.5288996014512153,1.9963620473148356
-0.7873608217770984,1.7641715066013786,-5.575116781165797,3.992724094629671,-0.5283430132027553,1.9945921037622794
-0.7946523942065475,1.7646248078500424,-5.575104560212927,3.9891842075245587,-0.5292496157000832,1.9941842390650675
-0.8082781670797639,1.7642133368617223,-5.576422509276491,3.988368478130135,-0.5284266737234431,1.9919579624350792
-0.8186073580957354,1.7648939195628472,-5.576049034038494,3.9839159248701583,-0.529787839125693,1.9931059098901278
-0.8323852659359376,1.7657262273831498,-5.575423708466509,3.9862118197802556,-0.5314524547662982,1.9945574180917842
-0.8438991943179914,1.7649737345259122,-5.577208366611364,3.9891148361835684,-0.5299474690518232,1.9939823745089984
-0.8447902923720081,1.7650522340078516,-5.577776376960198,3.987964749017997,-0.530104468015702,1.993274944660525
-0.8528092958928606,1.7653712415662968,-5.577943966262668,3.98654988932105,-0.5307424831325924,1.994188903177664
-0.8598705666500042,1.7651899582749992,-5.578904107663467,3.988377806355328,-0.5303799165499973,1.9925434258288948
-0.862905812473195,1.765942642161268,-5.578448173149589,3.9850868516577895,-0.5318852843225349,1.9924746889531233
-0.8706397120163176,1.7656766768289962,-5.579525673223097,3.9849493779062466,-0.5313533536579912,1.9916471689397717
-0.8743066433293798,1.7659456192418919,-5.579762503020772,3.9832943378795433,-0.5318912384837824,1.9915618891663867
-0.875113965771825,1.76661646493769,-5.5794417339296745,3.9831237783327733,-0.5332329298753786,1.9917852153202087
-0.8727298811252986,1.7665434068420773,-5.580192646178054,3.9835704306404174,-0.533086813684153,1.993644290183388
-0.8684765182031273,1.7666422064346639,-5.580714710412785,3.987288580366776,-0.533284412869326,1.994649455481762
-0.8654532296266417,1.7665209738504126,-5.581559339623162,3.989298910963524,-0.5330419477008235,1.99373014969071
-0.8639330686616686,1.7661222677529635,-5.582823161100205,3.98746029938142,-0.5322445355059253,1.9922677325592901
-0.8621214771316406,1.766579098456069,-5.582797175907374,3.9845354651185803,-0.5331581969121362,1.9928732311388486
-0.8646916575550829,1.7668086073441744,-5.583113531531803,3.9857464622776972,-0.533617214688347,1.9925331415099299
-0.8633066407274583,1.7668325790583017,-5.583735902014757,3.9850662830198598,-0.5336651581166015,1.9916646966314122
-0.8625622045668964,1.7668622386739572,-5.584370889948027,3.9833293932628244,-0.5337244773479124,1.9902800173439859
-0.8605720667729719,1.7665082367073228,-5.585571309641791,3.9805600346879717,-0.5330164734146436,1.9886068142126294
-0.8559274146364153,1.7660256889835155,-5.586948148439333,3.977213628425259,-0.5320513779670291,1.9874036712103578
-0.8548358904405653,1.766056043524366,-5.587540035001756,3.9748073424207155,-0.53211208704873,1.9867274964040404
-0.8552196204374258,1.7659051423784047,-5.588406445920411,3.973454992808081,-0.5318102847568072,1.9860522474554227
-0.8585299088171587,1.76595345626315,-5.589003565274993,3.9721044949108455,-0.531906912526298,1.9854487954240403
-0.8675287354041168,1.7658387652736118,-5.589815378379059,3.9708975908480806,-0.5316775305472218,1.984805781135702
-0.8723794734685457,1.766469792008282,-5.589516642237739,3.969611562271404,-0.5329395840165619,1.9845412534268836
-0.8799637880035682,1.7664792793419315,-5.5901396168388935,3.969082506853767,-0.5329585586838609,1.9849983999844276
-0.8842072439879614,1.7673236421251453,-5.589535619610817,3.9699967999688552,-0.5346472842502883,1.9856422077906657
-0.889503705043662,1.7680753001282865,-5.589055315904661,3.9712844155813314,-0.5361506002565707,1.9858302661403269
-0.8939485665913942,1.7683228239223747,-5.5893584861908145,3.9716605322806537,-0.536645647844747,1.9853903310226706
-0.8916582381636169,1.768127009329082,-5.590284686778673,3.970780662045341,-0.5362540186581615,1.9853551571389816
-0.8883306823590544,1.7684063048426144,-5.590480611702717,3.970710314277963,-0.5368126096852263,1.9851379486374634
-0.8906940219053481,1.7684656036074995,-5.591037643659642,3.970275897274927,-0.5369312072149964,1.9850513827620015
-0.890617686622234,1.7689571275575349,-5.590939450017362,3.970102765524003,-0.5379142551150672,1.9855161489942432
-0.891738896634175,1.7694969528752897,-5.590756798441795,3.9710322979884864,-0.538993905750577,1.9855063419160672
-0.8897139017629341,1.7696528856277498,-5.591169523330376,3.9710126838321345,-0.5393057712554973,1.9855737172424877
-0.8818416935463622,1.7699405554141698,-5.5913682914492835,3.9711474344849753,-0.5398811108283373,1.9855594577349254
-0.8758051746160929,1.7701221111046956,-5.5917619095599145,3.9711189154698507,-0.540244222209389,1.9852252375180803
-0.869077737724913,1.7699996306050725,-5.592606133036818,3.9704504750361607,-0.5399992612101429,1.9843510600037502
-0.8607251608493547,1.770546127223557,-5.5924150456508785,3.9687021200075003,-0.5410922544471117,1.985150392814931
-0.8547691469969876,1.7700132047149526,-5.593874419957547,3.970300785629862,-0.540026409429903,1.9838180155344862
-0.8414703486378419,1.7689340921489973,-5.596148854171504,3.9676360310689724,-0.5378681842979924,1.9817421604544483
-0.8270102674348614,1.7691731705951457,-5.596432558782489,3.9634843209088966,-0.5383463411902889,1.983178595892823
-0.8208527274160957,1.7696084519684605,-5.59641625760463,3.966357191785646,-0.5392169039369186,1.9829320997815378
-0.8132813849555935,1.769374123538916,-5.597414910790641,3.9658641995630757,-0.5387482470778294,1.9821419800107467
-0.8020717392206071,1.7684969828096109,-5.59940639102289,3.9642839600214934,-0.5369939656192193,1.9786734851094634
-0.7898986843903697,1.768916746097328,-5.599416993447956,3.957346970218927,-0.5378334921946537,1.9787344950511128
-0.7884680493909428,1.769500513075858,-5.59920687585998,3.9574689901022255,-0.5390010261517137,1.979037343997485
-0.7854915000779066,1.7700384779059524,-5.599048412430186,3.95807468799497,-0.5400769558119024,1.9789364547570618
-0.7841398100123964,1.7694761621435704,-5.600583769652574,3.9578729095141236,-0.5389523242871386,1.9764705058814995
-0.7814387220013366,1.7697531435856275,-5.600834780064801,3.952941011762999,-0.5395062871712529,1.976929292541048
-0.7849729357201749,1.7703212768434147,-5.600574202452116,3.953858585082096,-0.5406425536868275,1.978754671240041
-0.7871981618709656,1.771185798450276,-5.599909929372666,3.957509342480082,-0.5423715969005497,1.9790468375749564
-0.7887730602569825,1.7706053456879745,-5.601482553521091,3.9580936751499127,-0.541210691375947,1.9772005458270285
-0.7824496036923203,1.771029790415266,-5.601505632007972,3.954401091654057,-0.5420595808305303,1.9771809118168897
-0.7841552814396016,1.7709638503617247,-5.602262329190214,3.9543618236337794,-0.5419277007234473,1.9761750626066823
-0.7855044745806095,1.7706865154293905,-5.6033486140768405,3.9523501252133646,-0.5413730308587791,1.974887634760843
-0.7876433091730615,1.7712968083000225,-5.603103644246246,3.949775269521686,-0.5425936166000429,1.975885300869491
-0.7950011820781078,1.7717951330617359,-5.602960205329661,3.951770601738982,-0.5435902661234697,1.9765783629557787
-0.8000179352004277,1.7719221035440844,-5.603424087429492,3.9531567259115574,-0.5438442070881669,1.976142284381221
-0.8010074727728806,1.771555886769964,-5.604648236165886,3.952284568762442,-0.5431117735399257,1.9751710084657839
-0.8030951109487234,1.7711262599711064,-5.605925679165462,3.9503420169315677,-0.5422525199422105,1.9740864689939706
-0.8044116240150112,1.7718449132422278,-5.60546593760305,3.948172937987941,-0.5436898264844534,1.9749706289766167
-0.8058718447400346,1.7716525854716607,-5.606399765698206,3.9499412579532334,-0.5433051709433194,1.974860898272002
-0.8023933559926011,1.7708521901839331,-5.608267503966181,3.949721796544004,-0.5417043803678641,1.9731030039091704
-0.8005552121907895,1.7703385636541693,-5.609679735930658,3.9462060078183407,-0.5406771273083364,1.9715409608650312
-0.8019925896284148,1.770302077799664,-5.610341891061061,3.9430819217300623,-0.5406041555993261,1.9708666749700987
-0.8030471943105995,1.7702372787776297,-5.611052935668629,3.9417333499401974,-0.5404745575552572,1.9705916026251458
-0.8063154022922885,1.7700593498262156,-5.611938770265739,3.9411832052502915,-0.5401186996524291,1.9708990635282724
-0.8126369603085735,1.7701763229355005,-5.612447107749298,3.9417981270565448,-0.5403526458709988,1.970652668482526
-0.8232589008881428,1.7697991332956164,-5.613660732699914,3.941305336965052,-0.5395982665912304,1.9705028093026924
-0.8293787278827081,1.7698574451430407,-5.614217349516015,3.941005618605385,-0.5397148902860788,1.9712426472257334
-0.8396957534089031,1.7704196069765163,-5.614036862563372,3.942485294451467,-0.5408392139530301,1.9718853099429583
-0.8538655712721281,1.7708769059445044,-5.613994971563156,3.9437706198859166,-0.5417538118890065,1.9722822464049283
-0.8694717140309658,1.7702345465468217,-5.61556907105943,3.9445644928098567,-0.5404690930936411,1.9713879218557226
-0.8770831995820565,1.7708136562684467,-5.615337776954464,3.9427758437114453,-0.5416273125368913,1.9715301747997784
-0.8927415497511082,1.7710347595742848,-5.615646174977512,3.943060349599557,-0.5420695191485675,1.9718102094078878
-0.9038766484613632,1.770443617946995,-5.6172286918877665,3.9436204188157755,-0.5408872358939877,1.9703694115758807
-0.9101848315497172,1.7706145020806445,-5.617608731944453,3.9407388231517615,-0.5412290041612872,1.9702463937883894
-0.924245736525175,1.7705196062540536,-5.618374205165559,3.940492787576779,-0.5410392125081054,1.9708339172302132
-0.9391649252451995,1.7706437632298202,-5.6188326084024265,3.9416678344604263,-0.5412875264596387,1.971459846023315
-0.9554483687551434,1.7703483678645544,-5.619956838162264,3.94291969204663,-0.540696735729107,1.9695491089995294
-0.9679252546370094,1.7703060490437696,-5.620657083553945,3.939098217999059,-0.5406120980875374,1.9688123399273985
-0.9800908302951781,1.7702445159595634,-5.621383375297416,3.937624679854797,-0.5404890319191252,1.9684458353815077
-0.9959849024004943,1.770377074258985,-5.621845315199995,3.9368916707630155,-0.5407541485179683,1.9673072544079193
-1.0112926908706457,1.7704295433020354,-5.6224005142240445,3.9346145088158386,-0.5408590866040691,1.9675537849575981
-1.021529891062567,1.7703485153146281,-5.623160676103959,3.9351075699151963,-0.5406970306292548,1.9679917670059741
-1.0281679620913375,1.770279762815104,-5.623905921860534,3.9359835340119482,-0.5405595256302065,1.967606418117503
-1.034509513181515,1.7704231693377899,-5.624325520618021,3.935212836235006,-0.5408463386755783,1.967232301161664
-1.0408501337603342,1.769181085651649,-5.626824704158427,3.934464602323328,-0.5383621713032966,1.9637064649694895
-1.0415346947744277,1.7696034431762118,-5.626793270737065,3.927412929938979,-0.539206886352422,1.9669658741762355
-1.0520900525185763,1.768395625038208,-5.629275786401391,3.933931748352471,-0.5367912500764146,1.9618336943383883
-1.0538760721498033,1.7689547660371436,-5.629088706549139,3.9236673886767766,-0.5379095320742856,1.96155191685391
-1.0653566838779138,1.768184389068334,-5.630894740321169,3.92310383370782,-0.5363687781366663,1.9597417112539146
-1.073017841467359,1.7677208311806691,-5.6322409767894515,3.919483422507829,-0.5354416623613368,1.9580067192209294
-1.0870301644707432,1.7676625974295896,-5.632979208743079,3.916013438441859,-0.5353251948591778,1.957587416298214
-1.1007506646450258,1.767670167986324,-5.633620530670006,3.915174832596428,-0.5353403359726467,1.9568971331385474
-1.1175936306397034,1.7667197575477094,-5.635753004368639,3.913794266277095,-0.5334395150954172,1.9541397835616834
-1.1326297263696405,1.766304528552202,-5.637027060772635,3.9082795671233668,-0.5326090571044027,1.953634346770326
-1.15016374672273,1.7663351708674346,-5.637606189494509,3.907268693540652,-0.5326703417348678,1.9540321542178787
-1.1712708220100936,1.7656814392013953,-5.639197654892132,3.9080643084357574,-0.5313628784027894,1.9529179367741418
-1.189537435325839,1.764660967272014,-5.641378718561424,3.9058358735482837,-0.5293219345440267,1.9522005844189885
-1.2101388315111477,1.7641049359653456,-5.642817653424345,3.904401168837977,-0.5282098719306901,1.9513695105276605
-1.2347562362915898,1.7640130653959902,-5.643577000626814,3.902739021055321,-0.5280261307919794,1.9534010011924516
-1.262518736404937,1.763117164811546,-5.645619188047711,3.9068020023849033,-0.526234329623091,1.9501054150773591
-1.2878254975942793,1.7634240298040447,-5.645821666592656,3.9002108301547183,-0.5268480596080881,1.9503114023653794
-1.3206187877393103,1.7634458317125665,-5.646424721480193,3.9006228047307587,-0.526891663425132,1.9510173943583506
-1.3508088893114953,1.7629692658515703,-5.647816081514659,3.9020347887167013,-0.5259385317031398,1.9506469723200788
-1.3785625784686983,1.7635444156851887,-5.647606801955523,3.9012939446401576,-0.5270888313703764,1.9504916485789934
-1.41031370279324,1.7628956153603221,-5.649258040051607,3.9009832971579868,-0.5257912307206434,1.94846800928451
-1.43580548753022,1.7627109532830594,-5.650190574976881,3.89693601856902,-0.525421906566118,1.9489250759918901
-1.4589890896226003,1.7629433500895355,-5.650458979569004,3.8978501519837803,-0.5258867001790705,1.9493374342123833
-1.4856641583769572,1.7626050766408794,-5.651655206244825,3.8986748684247665,-0.5252101532817584,1.9473607260787789
-1.502899497429424,1.762085664807909,-5.653080643254325,3.8947214521575577,-0.5241713296158177,1.9468715330442028
-1.523612621823105,1.7614406792732589,-5.654710374713929,3.8937430660884056,-0.5228813585465172,1.9454485204314778
-1.541787100591152,1.762004609033481,-5.654505164464347,3.8908970408629555,-0.5240092180669619,1.946224831398139
-1.5628160765616772,1.7617016462541006,-5.655570618604605,3.892449662796278,-0.5234032925082008,1.9474703784183505
-1.5771504992074519,1.7610707285463512,-5.657144294342525,3.894940756836701,-0.5221414570927018,1.9472455267895545
-1.5911624123227535,1.7606685899393477,-5.658454684178852,3.894491053579109,-0.5213371798786951,1.9458587592107977
-1.603084968098953,1.759881778843957,-5.660302238996217,3.8917175184215953,-0.5197635576879137,1.9435649114452822
-1.6129305109289036,1.7581747050435244,-5.663492449779462,3.8871298228905644,-0.5163494100870487,1.9405341687476878
-1.623516902861379,1.757696918535578,-5.664866337087004,3.8810683374953756,-0.5153938370711557,1.939670277112573
-1.6407419402768482,1.7567802780676247,-5.666862254271274,3.879340554225146,-0.5135605561352494,1.9382961058636472
-1.6533435234498919,1.7568552167478577,-5.667405303942447,3.8765922117272944,-0.5137104334957155,1.9387231677354024
-1.66906926263579,1.7561539685395189,-5.669111831496952,3.877446335470805,-0.5123079370790377,1.9383148312192078
-1.6809970491983073,1.7555463730707752,-5.6706741541158285,3.8766296624384156,-0.5110927461415504,1.9368237897070828
-1.6912896623296323,1.7542837241426699,-5.673198623333518,3.8736475794141656,-0.5085674482853398,1.9365676354909847
-1.7038489385393363,1.755127296580221,-5.672550268926966,3.8731352709819693,-0.5102545931604421,1.9383426307513223
-1.7270582670422172,1.755492374333725,-5.672652057795061,3.8766852615026446,-0.5109847486674503,1.9382865634236144
-1.7408077680733074,1.7544076949953051,-5.674931807496109,3.8765731268472288,-0.5088153899906105,1.9373836470960621
-1.7514270022668281,1.7541855378046556,-5.675917725360965,3.8747672941921243,-0.5083710756093112,1.937143684145914
-1.765473099702434,1.7539961489030425,-5.676857002610681,3.874287368291828,-0.5079922978060848,1.9381237621998029
-1.7791003141474286,1.7535897619948648,-5.678082872484545,3.8762475243996057,-0.5071795239897295,1.9383832396682592
-1.7938579874483813,1.7540576226999651,-5.678003117898082,3.8767664793365184,-0.5081152453999301,1.9397970688651183
-1.810505066854672,1.753712165531829,-5.679202368930672,3.8795941377302365,-0.5074243310636579,1.938827953445018
-1.8190901243890112,1.7530171268775698,-5.680907314910682,3.877655906890036,-0.5060342537551396,1.937876201361675
-1.8246971321847516,1.7530100918485596,-5.681571018247934,3.87575240272335,-0.506020183697119,1.937655321184213
-1.8382409311503896,1.7525082090622406,-5.68293679418773,3.875310642368426,-0.5050164181244808,1.9389590693426924
-1.8484776642269183,1.7518170815091747,-5.684619362013816,3.8779181386853847,-0.5036341630183491,1.938032420946889
-1.8570056744059933,1.7510659508137019,-5.686434474604351,3.876064841893778,-0.5021319016274033,1.9376139076150636
-1.8662077985367054,1.7511225076305157,-5.6869854800968325,3.875227815230127,-0.5022450152610309,1.939009508036564
-1.8767602424507892,1.7499364295049116,-5.6894260952454125,3.878019016073128,-0.4998728590098228,1.9365036436497622
-1.8752280147651454,1.7486406844961377,-5.691996526737778,3.8730072872995245,-0.49728136899227493,1.9366191416496084
-1.8762356441671013,1.7487611815986637,-5.6924634317328655,3.8732382832992167,-0.4975223631973269,1.9372224592802156
-1.8819615789774624,1.748459800770685,-5.693577372248678,3.8744449185604313,-0.49691960154136977,1.9368754718746215
-1.8859161208537332,1.748035100318032,-5.694887132140665,3.873750943749243,-0.496070200636064,1.9367571114867905
-1.887116663734698,1.7464560265066142,-5.697943577968973,3.873514222973581,-0.4929120530132283,1.9343057188625263
-1.8840775530048033,1.7449785838640508,-5.7008267037747675,3.8686114377250527,-0.4899571677281015,1.9310894592167136
-1.8822606605632375,1.7442270587293005,-5.70257974564342,3.862178918433427,-0.488454117458601,1.9307516488262193
-1.894128261233646,1.744966870598545,-5.702102127050326,3.8615032976524386,-0.48993374119708993,1.9326573588921527
-1.9153555799775015,1.7445837181719461,-5.703339238680568,3.8653147177843055,-0.48916743634389204,1.9327703880998528
-1.9237360982141114,1.7441303584061192,-5.704679871858172,3.8655407761997056,-0.48826071681223815,1.9324909982051686
-1.932470443951412,1.7445953059490376,-5.7046509653969135,3.864981996410337,-0.48919061189807506,1.9345900736458421
-1.9445651952419118,1.743375234109281,-5.707160700545535,3.8691801472916842,-0.48675046821856194,1.9329779124820312
-1.9473679345294173,1.7420823254583988,-5.709753887252905,3.8659558249640624,-0.4841646509167974,1.9326048054446756
-1.9584504895549726,1.7418600499028787,-5.710733667469926,3.865209610889351,-0.4837200998057571,1.9363455408037795
-1.976505582949502,1.7415647728586396,-5.711875985662016,3.872691081607559,-0.48312954571727906,1.9356634555309569
-1.9917331288103286,1.7414294040330816,-5.712749011087235,3.8713269110619137,-0.4828588080661628,1.9357909331065968
-2.008700664175879,1.7412223605978412,-5.713701197010762,3.8715818662131936,-0.482444721195682,1.936239297351447
-2.0233855194186425,1.7403565225928856,-5.715674722792631,3.872478594702894,-0.480713045185771,1.9370712370987653
-2.0336686483734256,1.7404161590519005,-5.716240688079529,3.8741424741975306,-0.48083231810380095,1.9378421549780291
-2.0465323618522016,1.7401867208897939,-5.717267990081864,3.8756843099560583,-0.4803734417795877,1.9383620802605368
-2.0583614806902277,1.7392170574473402,-5.719406275275329,3.8767241605210736,-0.4784341148946806,1.9373833342899525
-2.0633623429575305,1.739132258721232,-5.7201833118489045,3.874766668579905,-0.478264517442464,1.9381263300706355
-2.068752966695042,1.739342293808356,-5.720532987166567,3.876252660141271,-0.47868458761671207,1.939836102895489
-2.0756603854435944,1.738318856268467,-5.722780347799068,3.879672205790978,-0.47663771253693415,1.9374222341914098
-2.076300314317547,1.738671620411969,-5.722943772436663,3.8748444683828196,-0.4773432408239381,1.9373748853230894
-2.0829400609339856,1.73813584075847,-5.724390432225759,3.874749770646179,-0.47627168151693977,1.9390495399093686
-2.0773760741057936,1.738861855184123,-5.723954039599016,3.878099079818737,-0.47772371036824596,1.9416689401409999
-2.0701450091809055,1.7384785964199982,-5.725214108898365,3.8833378802819998,-0.4769571928399965,1.9402506210494677
-2.0515536814760393,1.7379914188535064,-5.72666719136918,3.8805012420989353,-0.4759828377070127,1.9391754878731766
-2.0387903782939327,1.7369769184739323,-5.728880464740416,3.8783509757463532,-0.47395383694786436,1.9383107565196445
-2.025023472838225,1.7368801746494422,-5.729685359056043,3.876621513039289,-0.47376034929888405,1.9396277223631169
-2.016092482424211,1.7367003335782545,-5.730628429249486,3.8792554447262337,-0.47340066715650864,1.9406619272233643
-2.0100215876935588,1.7366098243394732,-5.731441702203214,3.8813238544467286,-0.4732196486789463,1.9408319944203294
-1.9990260006331098,1.7358295206092293,-5.7333298953954905,3.8816639888406588,-0.47165904121845864,1.9428673528006677
-1.9803534375660172,1.7352827044532513,-5.734864841919775,3.8857347056013354,-0.47056540890650256,1.945327046352582
-1.9650422588969674,1.7351480726650432,-5.7357311250327925,3.890654092705164,-0.4702961453300866,1.9467234278695984
-1.9521594785748597,1.7352355776380848,-5.736269218257109,3.893446855739197,-0.4704711552761698,1.9474336276258106
-1.9399901309482779,1.7337808716146688,-5.739155991295687,3.8948672552516213,-0.46756174322933763,1.944380083215735
-1.9225934310584822,1.7337520222376372,-5.739901887853772,3.88876016643147,-0.4675040444752746,1.9448080383291355
-1.9116961866845177,1.7336509954728097,-5.7407571233786765,3.889616076658271,-0.4673019909456192,1.9447868250045306
-1.9014688272294595,1.7335799867688544,-5.7415487222001635,3.889573650009061,-0.4671599735377088,1.9460974828839985
-1.891084110862991,1.7333097158158355,-5.742676310433249,3.892194965767997,-0.46661943163167086,1.946374689763922
-1.876192808320214,1.7337627241350784,-5.742706054122598,3.892749379527844,-0.46752544827015663,1.9457459671262571
-1.8646012562655159,1.7330778818642394,-5.744441690563204,3.8914919342525143,-0.4661557637284788,1.9442952290150253
-1.8493362440599412,1.7331638782286902,-5.745000288113385,3.8885904580300505,-0.4663277564573803,1.9439413953569569
-1.835024708952636,1.7329845243258304,-5.745943141858342,3.8878827907139137,-0.4659690486516604,1.9447061528659513
-1.8222074776938504,1.732071395159995,-5.748010116001313,3.8894123057319026,-0.4641427903199898,1.942427841601523
-1.8064187202125117,1.7325104542003913,-5.748017275007404,3.884855683203046,-0.46502090840078225,1.943950041918153
-1.8034822624797737,1.7312229357774276,-5.750655300871909,3.887900083836306,-0.4624458715548549,1.942646938240754
-1.7924628357199586,1.7305102771079377,-5.752435993210769,3.885293876481508,-0.46102055421587496,1.9424013872001287
-1.7872400659131777,1.7298642743019235,-5.7541061970197696,3.8848027744002573,-0.4597285486038463,1.9419524761735205
-1.7814576533153428,1.7291582437472375,-5.755844657701518,3.883904952347041,-0.4583164874944742,1.9416605091155406
-1.7789463361145756,1.7294768975644457,-5.756052087262799,3.883321018231081,-0.4589537951288905,1.9427973052741754
-1.782235341743804,1.7297941020367835,-5.756237019407862,3.8855946105483508,-0.45958820407356615,1.9440333251457087
-1.7839582236134062,1.7294584206809214,-5.7574410860350875,3.8880666502914174,-0.45891684136184163,1.9435318121997465
-1.7789669395274048,1.7299047511383576,-5.757459166666043,3.887063624399493,-0.45980950227671413,1.9452124906126274
-1.7754399942261792,1.7295522098870069,-5.758685806858156,3.8904249812252547,-0.4591044197740127,1.9502117907188454
-1.7672212540298213,1.7293456288749383,-5.759690092667675,3.900423581437691,-0.4586912577498754,1.9511838225191487
-1.7621500618647712,1.7292598301862285,-5.760502610274444,3.9023676450382974,-0.4585196603724562,1.9526735970276132
-1.7520542522582359,1.7291089998497322,-5.761421405283306,3.9053471940552265,-0.4582179996994635,1.9526771535481517
-1.74254677611777,1.7284308271243531,-5.763162808403999,3.9053543070963035,-0.45686165424870545,1.9513576583614438
-1.7324058749205253,1.7282502588463045,-5.764151166903331,3.9027153167228876,-0.4565005176926082,1.9507573143170402
-1.7269873401827773,1.7284010843496376,-5.764603998715895,3.9015146286340805,-0.45680216869927437,1.9529334429970155
-1.7224296194302458,1.7285552962012667,-5.765043682249362,3.905866885994031,-0.4571105924025325,1.9535335532057114
-1.7200354463331209,1.7279049414991967,-5.76672967868029,3.907067106411423,-0.4558098829983923,1.9521651647012277
-1.7117516318190846,1.7278228622736314,-5.767574520727508,3.9043303294024554,-0.45564572454726154,1.9529856563118901
-1.7089771118773598,1.7276970403692116,-5.768429670830312,3.9059713126237803,-0.4553940807384222,1.9544432901655135
-1.7060180798877553,1.7283084684089771,-5.768182833861142,3.908886580331027,-0.4566169368179533,1.9554145976551833
-1.7014203026498382,1.7288437867765638,-5.768082585370892,3.9108291953103667,-0.4576875735531265,1.9565547192022388
-1.6959130317874802,1.7284880495631576,-5.7693387714404905,3.9131094384044776,-0.4569760991263142,1.9565607376560323
-1.6793488392367104,1.7285333080436167,-5.769966260911132,3.9131214753120647,-0.4570666160872325,1.9568283846775627
-1.6623973177156373,1.7278145354016068,-5.771736753145044,3.9136567693551254,-0.4556290708032124,1.955993173429317
-1.6404148233332112,1.7276638045305999,-5.772628818519604,3.911986346858634,-0.4553276090611987,1.9566529545337121
-1.62029635071889,1.7276501875007535,-5.773300688681882,3.9133059090674243,-0.4553003750015061,1.9606146089326943
-1.6034562442398714,1.727844792778715,-5.773755092475085,3.9212292178653887,-0.4556895855574294,1.9610794970373129
-1.589296324157485,1.7280618439951185,-5.774148737123489,3.9221589940746258,-0.4561236879902363,1.9624514967133424
-1.5729857770518043,1.727497565139473,-5.775723912603568,3.924902993426685,-0.45499513027894534,1.9607441313924028
-1.5565365138125067,1.7268141518558269,-5.777467607711935,3.9214882627848056,-0.45362830371165286,1.9602137218570839
-1.5413750608111831,1.726795534529283,-5.778171761986488,3.9204274437141677,-0.4535910690585647,1.962954612353991
-1.530780255971675,1.7267887081109334,-5.77890220850092,3.925909224707982,-0.4535774162218656,1.9641902790794592
-1.5204120220035051,1.726824907926524,-5.779564122609012,3.9283805581589184,-0.453649815853047,1.9647570247668444
-1.510006569876631,1.7268264021185455,-5.780311987086932,3.929514049533689,-0.45365280423708987,1.964669461502383
-1.4965591290247184,1.7270262133405652,-5.780737751751304,3.929338923004766,-0.4540524266811291,1.9657205372692854
-1.4832975217370556,1.7270569950902988,-5.781402258769495,3.931441074538571,-0.4541139901805961,1.9661662412440586
-1.4699825898521368,1.7271199070823073,-5.78202338687656,3.932332482488117,-0.4542398141646131,1.9654652378834652
-1.4580275596786088,1.7277120775134638,-5.781844739608879,3.9309304757669303,-0.45542415502692596,1.9669478460967427
-1.4445502888226498,1.7285335196736966,-5.781314318077727,3.9338956921934853,-0.4570670393473914,1.9691410652791257
-1.4286478144839805,1.7282728892591384,-5.782395400751021,3.9382821305582514,-0.45654577851827505,1.9697323334417312
-1.405475458800515,1.7281646481197521,-5.783257299300402,3.9394646668834623,-0.4563292962395024,1.970078605771133
-1.3880710074893603,1.7287124346566884,-5.783138068336497,3.940157211542266,-0.4574248693133751,1.9708841791055143
-1.3765307273788059,1.7279733967636188,-5.7849524791145805,3.9417683582110286,-0.45594679352723577,1.9699909775155098
-1.357814657692142,1.7288567187340553,-5.784324750458146,3.9399819550310196,-0.45771343746810894,1.973787365560547
-1.347724686565119,1.7288190617091947,-5.785113413497108,3.947574731121094,-0.45763812341838767,1.972782538857367
-1.3276353611246652,1.7291684264227445,-5.785300922250163,3.945565077714734,-0.458336852845487,1.972675638072648
-1.308728235417977,1.729100543852557,-5.786108433115296,3.945351276145296,-0.45820108770511214,1.9733330065907966
-1.2876276193956624,1.7283560479141442,-5.787933116389615,3.946666013181593,-0.45671209582828637,1.9735211453400492
-1.2669404101192505,1.7285744451480614,-5.788335466506178,3.9470422906800984,-0.45714889029612055,1.9735114955887152
-1.2540773272897274,1.7284464737835852,-5.789276130713502,3.9470229911774304,-0.45689294756716825,1.9726844762434217
-1.2372430837461765,1.7278855632503625,-5.790789605423865,3.9453689524868434,-0.4557711265007228,1.9729728361211096
-1.2175457444109758,1.7283263173115095,-5.790819929252044,3.9459456722422193,-0.45665263462301686,1.974515806255342
-1.2037044775021553,1.728416251483922,-5.791392405191081,3.949031612510684,-0.45683250296784206,1.9750745949846922
-1.187389918561772,1.7280858270892159,-5.792602564327972,3.9501491899693844,-0.4561716541784296,1.9745240813860894
-1.1705324300985849,1.727307736672907,-5.7945478367102075,3.9490481627721787,-0.45461547334581204,1.971771259497438
-1.1549141757353114,1.7278986667987164,-5.7943493053864845,3.943542518994876,-0.45579733359743063,1.9745067912564924
-1.1482965640546094,1.7277512441907905,-5.79529019627346,3.949013582512985,-0.4555024883815789,1.9745086349450944
-1.1376033416839952,1.728014179839204,-5.7955877416200385,3.949017269890189,-0.4560283596784058,1.9751426519293838
-1.1298015177003435,1.727068342090989,-5.79774367884472,3.9502853038587675,-0.454136684181976,1.9730707222784698
-1.1215296314832566,1.7272996717159728,-5.798114355594634,3.9461414445569396,-0.4545993434319435,1.9745298452859354
-1.125884869703965,1.7268629123696386,-5.799472023609533,3.949059690571871,-0.4537258247392755,1.974210999552235
-1.1268846853077168,1.726899409263525,-5.800148943809978,3.94842199910447,-0.4537988185270483,1.9746010087820425
-1.1313032244895558,1.7268575146853231,-5.80092435947868,3.949202017564085,-0.45371502937064456,1.9749482457294858
-1.138934222720561,1.7268759240167255,-5.801586932243705,3.9498964914589716,-0.45375184803344937,1.9756082651561546
-1.1440848991843513,1.7272309099354457,-5.801754190275541,3.9512165303123092,-0.45446181987088957,1.976584138633869
-1.1554360108783213,1.7267442884913713,-5.803188422367809,3.953168277267738,-0.4534885769827407,1.97756867456818
-1.163168664955113,1.7267614797864268,-5.803862362038896,3.95513734913636,-0.45352295957285166,1.978957386728912
-1.176792701444369,1.727111527618971,-5.80405195137784,3.957914773457824,-0.4542230552379401,1.9796925281493876
-1.1912150370980363,1.727333160857298,-5.804488442449482,3.959385056298775,-0.4546663217145939,1.979477213635791
-1.2002227385827053,1.7262327930416028,-5.806931106892357,3.958954427271582,-0.4524655860832035,1.9764268438417918
-1.2061065755000815,1.7265426770851295,-5.8071753560506965,3.9528536876835836,-0.45308535417025675,1.976815522044292
-1.2202042658826207,1.7262992511999875,-5.808265404193753,3.953631044088584,-0.45259850239997285,1.9766650263418302
-1.2287009249822338,1.7264778439098647,-5.808693602968832,3.9533300526836603,-0.45295568781972706,1.9780800346820848
-1.2418546243595765,1.7266277135677268,-5.809148141897189,3.9561600693641696,-0.4532554271354512,1.9784444980558495
-1.2544744017820886,1.727242576240328,-5.808930091877747,3.956888996111699,-0.45448515248065374,1.9796129430191305
-1.2657352107009707,1.7278760605166108,-5.808706750815223,3.959225886038261,-0.45575212103321916,1.9804445642306088
-1.2698091174554955,1.7280165941125132,-5.809246333248935,3.9608891284612175,-0.4560331882250238,1.9809191503807806
-1.2721335226949746,1.7273381694104724,-5.810977403786606,3.961838300761561,-0.4546763388209423,1.9804892415792579
-1.2706970359734049,1.7273164727459844,-5.811755299805749,3.9609784831585158,-0.45463294549196653,1.9800537372329297
-1.2751770383547187,1.7279396009832249,-5.8114948021101815,3.9601074744658593,-0.4558792019664473,1.9830843317221916
-1.2766736370788445,1.7282460922805662,-5.811759333582267,3.966168663444383,-0.45649218456113005,1.9835593571167185
-1.2747867914384612,1.7291969265057272,-5.8110758045419,3.967118714233437,-0.4583938530114521,1.9850161704001694
-1.2703892644941055,1.7291277436868515,-5.81190262970395,3.970032340800339,-0.45825548737370086,1.9859776576716957
-1.2579268889680364,1.729244279866938,-5.812458036398941,3.9719553153433913,-0.45848855973387415,1.986967038170902
-1.245727027655744,1.729042143950501,-5.813548845760194,3.973934076341804,-0.4580842879010002,1.9844038223023344
-1.2318897859222666,1.7278502814825065,-5.815990793635092,3.9688076446046687,-0.455700562965011,1.9842651538550182
-1.2183427198798489,1.7273161848838352,-5.817545207757134,3.9685303077100365,-0.45463236976766824,1.9831067279269492
-1.2092673558644984,1.7280131316591723,-5.817223995809415,3.9662134558538984,-0.45602626331834256,1.984355980429119
-1.2058307608083814,1.728087663231807,-5.8178049668464995,3.968711960858238,-0.45617532646361203,1.9843777962405953
-1.1988408288580308,1.7277483747379248,-5.819051208981316,3.9687555924811906,-0.4554967494758475,1.984708736420215
-1.191506112298284,1.7284115401166484,-5.818801968666545,3.96941747284043,-0.45682308023329476,1.9858818441658532
-1.1832672588837276,1.729200093013842,-5.818369984035566,3.9717636883317065,-0.45840018602768184,1.9865987066607207
-1.173412095579077,1.7288882659483873,-5.819532761784003,3.9731974133214414,-0.4577765318967726,1.9880337105876218
-1.1554481026582604,1.7288665781782546,-5.820294949515692,3.9760674211752436,-0.45773315635650746,1.9879209427241802
-1.1407605885743735,1.7289538946442635,-5.820893160254041,3.9758418854483604,-0.4579077892885252,1.9888690813165677
-1.1274412956501045,1.728375505074635,-5.822493438220718,3.9777381626331354,-0.456751010149268,1.986970779641581
-1.1155868319684474,1.7285700745952615,-5.822944314389202,3.973941559283162,-0.45714014919052104,1.9860595552919873
-1.1121444849003685,1.7293433270560121,-5.822559073509636,3.9721191105839746,-0.4586866541120223,1.9858964021927976
-1.1102218394312668,1.7292694974041418,-5.82340778287299,3.9717928043855952,-0.4585389948082815,1.986085548205964
-1.0992061334101244,1.7289562748535783,-5.824635103208326,3.972171096411928,-0.45791254970715456,1.9857937252360016
-1.0882200690429098,1.7284690824364608,-5.826096425605418,3.9715874504720032,-0.45693816487291977,1.9855704577261797
-1.0820966516504669,1.7281842139756407,-5.827295426159389,3.9711409154523594,-0.4563684279512794,1.9849826771671568
-1.0808005165434462,1.7283318389707487,-5.827784332283886,3.9699653543343136,-0.4566636779414955,1.9858288995908013
-1.0877875331945805,1.7293138598332345,-5.827025944294257,3.9716577991816027,-0.4586277196664672,1.9870531142975183
-1.096239844561671,1.729242343050911,-5.827860345360669,3.9741062285950366,-0.4584846861018202,1.9880328537196548
-1.0975826613796995,1.729773865439821,-5.827818174739167,3.9760657074393095,-0.45954773087963996,1.9882388138623015
-1.1001308074490792,1.7298419829075873,-5.828420336103127,3.976477627724603,-0.45968396581517273,1.9894015089881165
-1.0936839516154224,1.7295838443719187,-5.829510052482648,3.978803017976233,-0.45916768874383534,1.989571021887642
-1.083813745379846,1.7295668105767081,-5.830298060481857,3.979142043775284,-0.4591336211534142,1.9889406380436074
-1.079766640023415,1.7294320539276269,-5.831251250933357,3.977881276087215,-0.4588641078552517,1.9889414670379055
-1.0761889002037375,1.7296273599150749,-5.831709907633132,3.977882934075811,-0.4592547198301479,1.9881443235180312
-1.0727416362953086,1.7296617634456282,-5.832397342483719,3.9762886470360623,-0.4593235268912543,1.9885024217197742
-1.0717337691066682,1.7301654619823108,-5.832347971224259,3.9770048434395484,-0.46033092396461944,1.9899834952346664
-1.076308294763555,1.7305126331053735,-5.832602676455264,3.979966990469333,-0.4610252662107451,1.990038251016189
-1.0765085591108088,1.7315018697104285,-5.831808537755373,3.980076502032378,-0.4630037394208551,1.9919066982707525
-1.0766818788563501,1.7317977472866175,-5.832097632471555,3.983813396541505,-0.4635954945732332,1.9914818581631069
-1.0701493352805453,1.7315862983489638,-5.833163470417782,3.9829637163262137,-0.46317259669792565,1.9909525301289517
-1.0581806875484139,1.7306945484758007,-5.835195896129723,3.9819050602579034,-0.4613890969515996,1.9903023615694637
-1.0466823906325544,1.7313208950561172,-5.834998084778319,3.9806047231389274,-0.46264179011223266,1.9902632310334758
-1.0473513511454495,1.7303119041398096,-5.837275571641243,3.9805264620669516,-0.4606238082796177,1.9881755860715988
-1.0403659030239547,1.730881185280354,-5.837106815993468,3.9763511721431977,-0.4617623705607067,1.9890588963300657
-1.040621525089933,1.730669708602835,-5.8380997834672375,3.9781177926601314,-0.46133941720566884,1.9902687936774734
-1.0337170998803638,1.7310061819626772,-5.838326860744336,3.980537587354947,-0.46201236392535305,1.9907549057920744
-1.0278649647673532,1.731215510936538,-5.838675235960376,3.9815098115841487,-0.4624310218730744,1.9918504570589317
-1.0208841140323948,1.731373102583871,-5.839169613264794,3.9837009141178634,-0.46274620516774073,1.9953487721900105
-1.018218637599726,1.7314736635738084,-5.839743025063524,3.990697544380021,-0.4629473271476154,1.994943007868578
-1.0144446228122375,1.7322885845391591,-5.839240428657963,3.989886015737156,-0.46457716907831675,1.9949422758392674
-1.0149318359310557,1.7314893030287823,-5.841193518423692,3.989884551678535,-0.4629786060575633,1.9934926545258347
-1.0074790320516662,1.7314528283787134,-5.842037079140125,3.9869853090516694,-0.46290565675742545,1.9920360444993246
-1.0045319626475333,1.732349825250212,-5.841427692925335,3.984072088998649,-0.4646996505004227,1.9918382348029215
-1.0042425992045372,1.7320148566601388,-5.842701914891538,3.983676469605843,-0.4640297133202762,1.9911473211071231
-0.9954428260935089,1.732161249632349,-5.843204027243841,3.9822946422142462,-0.464322499264697,1.9912909681195654
-0.9906499889478066,1.7324231748527652,-5.843538658156271,3.982581936239131,-0.46484634970552935,1.9917404399488163
-0.9857482864213889,1.73325508134621,-5.843035760167965,3.9834808798976327,-0.4665101626924188,1.9919807191211685
-0.9837292669623112,1.7320414848180528,-5.8456035152563794,3.983961438242337,-0.4640829696361044,1.9909113831520218
-0.9740696112852705,1.7322765998130647,-5.845994856201498,3.9818227663040435,-0.4645531996261283,1.990723397400721
-0.9791499600265752,1.7321496916604269,-5.8469024128179585,3.981446794801442,-0.46429938332085247,1.9906340895178862
-0.9839164466515449,1.7326183228710352,-5.84690493513371,3.9812681790357725,-0.4652366457420691,1.99134906029382
-0.9899958203707993,1.7330606577355514,-5.846997169292404,3.98269812058764,-0.4661213154711013,1.9914442567583135
-0.9896000598581809,1.7322274308364525,-5.848981884271571,3.982888513516627,-0.4644548616729033,1.990031699240002
-0.9871796510841921,1.7321142272516692,-5.849896217893396,3.980063398480004,-0.4642284545033367,1.9894580062910128
-0.9859246624886939,1.7310338942950934,-5.852253741733912,3.9789160125820255,-0.4620677885901848,1.9873194990925316
-0.9859213011210306,1.7306099012977132,-5.853645866213676,3.974638998185063,-0.46121980259542456,1.9850898985812775
-0.9915323358625754,1.7307890967468875,-5.854122827462275,3.970179797162555,-0.4615781934937731,1.985163217719634
-1.0025272060677564,1.731067698838918,-5.854425250281039,3.970326435439268,-0.4621353976778341,1.98648129901987
-1.0140474209881418,1.7302102039002698,-5.856478295981241,3.97296259803974,-0.4604204078005378,1.984058978975802
-1.0221033433653517,1.7308850186999611,-5.856171363808028,3.968117957951604,-0.46177003739992023,1.9867732132264315
-1.0385344610989202,1.7310039512762538,-5.856723948555513,3.973546426452863,-0.4620079025525057,1.986977295676484
-1.0543780008507122,1.731318861720696,-5.856956638716523,3.973954591352968,-0.4626377234413899,1.9870277331445336
-1.0663702654520257,1.7319451281048959,-5.8567174929771495,3.9740554662890673,-0.46389025620978963,1.9871420937952244
-1.077231846418833,1.7319530153827767,-5.857388704949629,3.974284187590449,-0.4639060307655511,1.988196435142874
-1.088027159985244,1.732049099058998,-5.857966117331392,3.976392870285748,-0.4640981981179939,1.9884190102059072
-1.0971635161353612,1.7315692068023911,-5.859456056240008,3.9768380204118143,-0.4631384136047802,1.9874563030558543
-1.1048466453231836,1.7311079469812112,-5.8609112487583985,3.9749126061117086,-0.4622158939624202,1.9859361586600581
-1.1159826262334702,1.7310600405412946,-5.861717662171239,3.9718723173201163,-0.46212008108258706,1.985012266733475
-1.1347096380464174,1.7314829540099146,-5.861812616122953,3.97002453346695,-0.462965908019827,1.9854069871574134
-1.149034703882858,1.7310136319728244,-5.863243690479516,3.9708139743148267,-0.46202726394564686,1.9860785461272261
-1.1597433588004433,1.7304478801342615,-5.86485296776151,3.9721570922544522,-0.460895760268521,1.9850729838176335
-1.1714068720156838,1.7302478372528838,-5.865933396543672,3.970145967635267,-0.4604956745057657,1.9848602495348364
-1.1887557950594543,1.7295000846293311,-5.867787634802793,3.969720499069673,-0.4590001692586603,1.9834281553253268
-1.207715707155705,1.7296357533681537,-5.86831358895078,3.9668563106506536,-0.4592715067363054,1.983379416399048
-1.2280622275105868,1.7302548300346392,-5.868126312076719,3.966758832798096,-0.4605096600692765,1.9835740305665883
-1.247846126097163,1.7306266981952643,-5.868258183614097,3.9671480611331766,-0.4612533963905265,1.985148370627876
-1.2581231839781184,1.7288784153157417,-5.871650661736084,3.970296741255752,-0.45775683063148154,1.981273751444044
-1.258339548464165,1.727856756986481,-5.873968514569624,3.962547502888088,-0.45571351397296006,1.9798582712676787
-1.2684018425670551,1.7275332873369222,-5.875193428896255,3.9597165425353573,-0.455066574673843,1.980078777369821
-1.2858909655185276,1.7270003744086482,-5.876705918854055,3.960157554739642,-0.454000748817295,1.97852840796253
-1.2998280635597803,1.7269406608051652,-5.877511169358091,3.95705681592506,-0.453881321610329,1.9782918282834674
-1.3206394226376919,1.7280355282531434,-5.876567851697884,3.956583656566935,-0.45607105650628554,1.9801825597963152
-1.3446931289513415,1.7271351269863866,-5.8786562141670435,3.9603651195926304,-0.45427025397277204,1.9791164922818283
-1.3584542496786698,1.727278143031791,-5.879193237482989,3.9582329845636566,-0.4545562860635809,1.979267633507266
-1.3818938419659794,1.7271717092077772,-5.880097643719141,3.958535267014532,-0.45434341841555353,1.979250735670453
-1.4033985659413917,1.7266992675130488,-5.881529361031704,3.958501471340906,-0.4533985350260966,1.9787665692563836
-1.4244008881922507,1.7271975669986395,-5.881505082567108,3.9575331385127672,-0.4543951339972778,1.979050500729977
-1.4471029958914112,1.7267990839734872,-5.882874036109842,3.958101001459954,-0.4535981679469735,1.9788633646960887
-1.4617913455849099,1.7267935000776777,-5.883591627223301,3.9577267293921774,-0.45358700015535447,1.9806157155963369
-1.478494948837703,1.7267066367861335,-5.884462058689163,3.9612314311926737,-0.45341327357226574,1.9813479026647858
-1.4965365249497733,1.72698028019421,-5.884788818169782,3.9626958053295716,-0.45396056038841875,1.9816957081691506
-1.5128348607465538,1.7275367522304237,-5.884672466308255,3.9633914163383013,-0.4550735044608461,1.9819760025308197
-1.52481273586573,1.7272609985280976,-5.885829019380394,3.9639520050616395,-0.4545219970561937,1.9833703051662446
-1.5297930958250934,1.7268035843356169,-5.887277929854912,3.966740610332489,-0.4536071686712326,1.9827161839851195
-1.531230781413071,1.7270457729124653,-5.887654445933648,3.965432367970239,-0.4540915458249294,1.9846760412414095
-1.536668496814606,1.727415769546741,-5.887843613804088,3.969352082482819,-0.4548315390934807,1.9838391424039072
-1.5438584275298943,1.727460273169864,-5.888504708007354,3.9676782848078145,-0.454920546339727,1.9833803300826924
-1.5495960166347382,1.7276983873738962,-5.8888798697011415,3.966760660165385,-0.45539677474779133,1.983830931693382
-1.5469214276449499,1.7279243763319265,-5.88927449804127,3.967661863386764,-0.4558487526638518,1.9844098473548508
-1.537350941509855,1.7273430569342847,-5.8909214940771335,3.9688196947097016,-0.45468611386856794,1.9823011197703442
-1.5222157413462432,1.7263131657975628,-5.893222667251799,3.9646022395406884,-0.45262633159512394,1.9806927573658537
-1.5056019848660043,1.7263126389404013,-5.893982616608928,3.9613855147317074,-0.45262527788080104,1.982733163092683
-1.4956267982884226,1.7263060857590293,-5.894709991775335,3.965466326185366,-0.4526121715180569,1.9839274389507198
-1.4916728620268982,1.7263868811633691,-5.895339463429321,3.9678548779014395,-0.45277376232673633,1.9844630994517563
-1.4832591737351288,1.7264456007193467,-5.895989972258862,3.9689261989035125,-0.45289120143869155,1.9847843697816965
-1.474831017048893,1.7263529332763072,-5.896862296160509,3.969568739563393,-0.45270586655261236,1.985830436860296
-1.464957098861924,1.7259479020128654,-5.8982253764449455,3.971660873720592,-0.45189580402572865,1.9850196625260548
-1.4522623882770667,1.7260789274370627,-5.898775369451571,3.9700393250521095,-0.4521578548741232,1.9853183289687888
-1.4455688504011404,1.7260849527527315,-5.899507860047796,3.9706366579375776,-0.4521699055054611,1.985995278685471
-1.4359154899074529,1.725883554107489,-5.900563891969291,3.971990557370942,-0.45176710821497595,1.9867007593653971
-1.4257399099627488,1.7259476097866966,-5.901211912827366,3.9734015187307943,-0.45189521957339096,1.9874363721833022
-1.4169411878344338,1.7259971935442537,-5.9018767395965375,3.9748727443666043,-0.45199438708850515,1.9875471344446232
-1.4094261092150369,1.724901684633509,-5.904311767605631,3.9750942688892463,-0.44980336926701575,1.9859901409090814
-1.4020318775951575,1.724663766635018,-5.905448569675587,3.971980281818163,-0.44932753327003366,1.9847102679679565
-1.4008651861386934,1.7246976077034555,-5.9061445134973445,3.969420535935913,-0.44939521540690874,1.9845868365630726
-1.3996874163599795,1.724283800800706,-5.907490845867641,3.969173673126145,-0.44856760160140957,1.9858686428381107
-1.398858112853607,1.724936602352326,-5.907247819228853,3.9717372856762214,-0.44987320470464964,1.9882988873138927
-1.40506751671934,1.7249887031654583,-5.907916128711774,3.9765977746277854,-0.44997740633091426,1.9886534121478088
-1.4068052233306796,1.7252183338022318,-5.908303325496376,3.9773068242956175,-0.45043666760446127,1.990185697697824
-1.4103775888701042,1.7258153880695168,-5.908134821100039,3.980371395395648,-0.45163077613903163,1.9906719381599078
-1.4152391512529343,1.7257636433460382,-5.908929898144676,3.9813438763198157,-0.45152728669207404,1.9907359167569698
-1.4127317258439636,1.7255833814102188,-5.909956604264821,3.9814718335139396,-0.45116676282043533,1.991298259933304
-1.405550193237664,1.7254607519987635,-5.910881909016642,3.982596519866608,-0.45092150399752445,1.9927875665040786
-1.3996912581464835,1.7252827329225568,-5.911898239644603,3.9855751330081572,-0.4505654658451112,1.993985728231598
-1.3945215461839773,1.7258542585757854,-5.911783945577686,3.987971456463196,-0.4517085171515684,1.9953884528541075
-1.392801556771043,1.7252478951414671,-5.913479665549846,3.990776905708215,-0.45049579028293196,1.9942781365714455
-1.3855424162152818,1.7247789750474076,-5.914966228981745,3.988556273142891,-0.4495579500948131,1.9934912724578193
-1.381337538329947,1.7250052699071137,-5.915343196772074,3.9869825449156386,-0.45001053981422534,1.9946472827193242
-1.3794600042348133,1.7239790987097448,-5.91767845672711,3.9892945654386485,-0.44795819741948745,1.9921035144013164
-1.3740722488531407,1.7241775590277884,-5.918120343461828,3.9842070288026328,-0.44835511805557476,1.9957506780607854
-1.3768565606749608,1.7246919381433965,-5.918112350449695,3.991501356121571,-0.44938387628679094,1.9958263942242893
-1.3785435874570018,1.7251998608866583,-5.918102265187176,3.9916527884485786,-0.45039972177331444,1.9970198851005256
-1.3779425967256005,1.724445676264416,-5.919990705015287,3.9940397702010513,-0.4488913525288297,1.9965124787064121
-1.371827376788171,1.7243473167118275,-5.920937901583298,3.9930249574128243,-0.44869463342365246,1.994713596190736
-1.3658978042887773,1.724046780708425,-5.922135360748464,3.989427192381472,-0.4480935614168472,1.996405312509288
-1.3589238157673043,1.7237402090418519,-5.923344835005123,3.992810625018576,-0.44748041808370115,1.9955405006586966
-1.3537123134454587,1.7244849631444836,-5.922980960640529,3.991081001317393,-0.4489699262889648,1.9984617097296544
-1.350738522734896,1.724805126924729,-5.9232513067280745,3.996923419459309,-0.44961025384945574,1.9989249035546148
-1.3463080260377192,1.7249914953933523,-5.9237288358050595,3.9978498071092297,-0.4499829907867021,1.9980621101521558
-1.3402801634452217,1.7241820121771532,-5.925733055380667,3.9961242203043117,-0.448364024354304,1.9969018395810538
-1.3321356298877367,1.7249714758588364,-5.925293656719578,3.9938036791621077,-0.4499429517176703,1.9979163726672635
-1.3353227768374554,1.725727547761202,-5.924893393683442,3.995832745334527,-0.45145509552240165,1.9995474168692686
-1.3340380942674201,1.725998179449655,-5.925214221344948,3.9990948337385372,-0.45199635889930795,1.9999905346616145
-1.3266868292394074,1.7264912235806287,-5.925239328861047,3.999981069323229,-0.45298244716125535,1.999646982912451
-1.318015875838988,1.7259347451161833,-5.926813129590916,3.999293965824902,-0.4518694902323646,1.9984350192775413
-1.3034154140926768,1.7258504378897062,-5.927653479368498,3.9968700385550826,-0.45170087577941054,1.9992785179094106
-1.295997318473363,1.7263786167250488,-5.927590010318098,3.998557035818821,-0.4527572334500956,1.9999748796415309
-1.2878204917646343,1.7262484858184632,-5.928555341050658,3.9999497592830617,-0.45249697163692437,2.000035721835199
-1.2730753429513504,1.726463868150612,-5.928969021623034,4.000071443670398,-0.4529277363012218,2.001713545892921
-1.2612930337481316,1.7260011588678004,-5.930464441875771,4.003427091785842,-0.45200231773559846,2.0008104595950913
-1.2421292941353572,1.7266679341682365,-5.930177687664289,4.001620919190183,-0.4533358683364706,2.0020562451981654
-1.2294392528835898,1.7264556328936222,-5.931236225591465,4.004112490396331,-0.45291126578724195,2.0013702884014597
-1.2139924547384338,1.7260321249778035,-5.932663736334478,4.002740576802919,-0.45206424995560446,2.0001824105006176
-1.2020822117936651,1.7255340804651065,-5.934156564892978,4.000364821001235,-0.45106816093021046,2.0005029147730884
-1.1889243239114595,1.7248949259723159,-5.935876508579432,4.001005829546177,-0.44978985194462945,1.9994648422460546
-1.1777216786514906,1.72473360240812,-5.9368944160147965,3.998929684492109,-0.4494672048162376,1.9992152368097473
-1.169705241600636,1.724175701810895,-5.938478501670537,3.9984304736194947,-0.4483514036217876,1.9997452726128766
-1.160467217000229,1.7236550369063601,-5.939997044026881,3.999490545225753,-0.447310073812718,1.9999320106393343
-1.158488438400604,1.7238542862375308,-5.940429836431694,3.9998640212786687,-0.44770857247505913,2.000448357063407
-1.1629410565255123,1.7232290803121562,-5.942102999070724,4.000896714126814,-0.4464581606243098,2.000313797809698
-1.1657363615563368,1.721858999272305,-5.9450096737372,4.000627595619396,-0.4437179985446075,1.9967738902812902
-1.1661744026617233,1.722055545570781,-5.945481733602634,3.9935477805625803,-0.4441110911415596,1.9976329629358947
-1.1815367982653173,1.721082359107788,-5.947723961041524,3.9952659258717893,-0.4421647182155733,1.9956338545642913
-1.1975442800890654,1.7204595438941874,-5.9494609843456185,3.9912677091285826,-0.4409190877883721,1.993243244349512
-1.2207865134550033,1.7203002280645467,-5.950427803643194,3.986486488699024,-0.4406004561290907,1.9934614718883847
-1.2512951412697486,1.719960156032695,-5.95167110703161,3.9869229437767695,-0.43992031206538695,1.993312681860553
-1.2798226845266223,1.7203598706073038,-5.951791860266536,3.986625363721106,-0.4407197412146045,1.9962689064642438
-1.3117227562698188,1.7202370180259605,-5.952737831445936,3.9925378129284876,-0.44047403605191804,1.9966436857950822
-1.34318853865289,1.7204150436806271,-5.9532106124221,3.9932873715901644,-0.4408300873612511,1.9992102008708752
-1.37548160520722,1.7201625688397368,-5.954351641686015,3.9984204017417504,-0.44032513767947057,1.9996414263303528
-1.4068592957010146,1.719896281573374,-5.955498558816975,3.9992828526607056,-0.43979256314674486,2.0016248930001086
-1.4370632075356466,1.720011924906619,-5.95612140193672,4.003249786000217,-0.4400238498132347,2.0009584984900206
-1.4729478481700182,1.7196007418328683,-5.957509983949019,4.001916996980041,-0.43920148366573325,2.0010827595234035
-1.5055256805718047,1.7193752852317377,-5.958654611550383,4.002165519046807,-0.43875057046347227,1.9999854579214424
-1.5379887368665832,1.7198395252378462,-5.958731450015523,3.999970915842885,-0.43967905047568934,1.9997383982390489
-1.5702783953841246,1.720403725079527,-5.958658819459916,3.9994767964780977,-0.4408074501590507,2.000917277142607
-1.5964028382032085,1.719589745643108,-5.960670365699544,4.001834554285214,-0.43917949128621253,1.9992193177925452
-1.6142505903806637,1.7192333510548339,-5.961997039236915,3.9984386355850905,-0.4384667021096644,1.9995158898735979
-1.6334435494531432,1.7189081430447337,-5.963258226676509,3.9990317797471957,-0.43781628608946394,1.9986750359004424
-1.650872941606445,1.7196730036719683,-5.962887153420212,3.9973500718008848,-0.43934600734393287,2.0017777914019965
-1.6726351046573003,1.7196599992730566,-5.963691185629577,4.003555582803993,-0.43931999854610954,2.0046801829985808
-1.6838479921965783,1.7174405522649157,-5.967896078242167,4.0093603659971615,-0.4348811045298277,1.999196489746062
-1.681822379014248,1.717608060126398,-5.9684152523247525,3.998392979492124,-0.4352161202527927,1.9992565158979039
-1.695596899942406,1.717770261800261,-5.968952050945963,3.9985130317958077,-0.4355405236005188,2.0011814670930272
-1.7025322145502262,1.7178865372235725,-5.969559267443715,4.0023629341860545,-0.43577307444714203,2.001792660157001
-1.70417699660677,1.7176151810256637,-5.97075673174913,4.003585320314002,-0.4352303620513244,2.002044182253051
-1.7022427635373987,1.718557280468586,-5.970060610521819,4.004088364506102,-0.43711456093716905,2.004217571016475
-1.7019811353383067,1.718607635849536,-5.970771227652483,4.00843514203295,-0.43721527169906876,2.005733234225267
-1.6951478737991366,1.7189123661642876,-5.971081517535246,4.011466468450534,-0.4378247323285719,2.0061011635567647
-1.6871356848861119,1.7190738302496842,-5.971612592079059,4.012202327113529,-0.4381476604993654,2.006643829321425
-1.677238472137219,1.7194096696850296,-5.971854911100766,4.01328765864285,-0.4388193393700564,2.00970294318717
-1.6649199160317982,1.719663308632564,-5.972220320430999,4.01940588637434,-0.43932661726512495,2.0104700729839347
-1.6485956883607127,1.7201718972745739,-5.972257386897553,4.020940145967869,-0.4403437945491448,2.0104129804169837
-1.63159548349552,1.7194130045617604,-5.974201871588591,4.020825960833967,-0.43882600912351766,2.00855050681875
-1.6061865761564835,1.720302622643285,-5.973616194831388,4.0171010136375,-0.44060524528656675,2.0104143625586945
-1.5872578405869389,1.7207919977111985,-5.9736248433082295,4.020828725117389,-0.4415839954223941,2.011676570952894
-1.5646844010310215,1.7206376789873157,-5.974670767837275,4.023353141905788,-0.44127535797462836,2.011699181089193
-1.540889477298638,1.7203015122526193,-5.9759880158776975,4.023398362178386,-0.4406030245052356,2.011322749389586
-1.5136293844939885,1.720812592359853,-5.9760298409952295,4.022645498779172,-0.4416251847197028,2.0104024981183266
-1.4886415342498749,1.720111188204672,-5.977876001564174,4.020804996236653,-0.44022237640934087,2.0088767064372157
-1.4566088512682915,1.7197081716730909,-5.979296789090494,4.017753412874431,-0.43941634334617874,2.0078424649614246
-1.4334117820993901,1.7192918893546387,-5.980714769038078,4.015684929922849,-0.4385837787092743,2.0069488904137986
-1.4127035269142212,1.7195546473017471,-5.981043854262352,4.013897780827597,-0.43910929460349124,2.008415847790307
-1.386775619906822,1.7195253601297533,-5.981873401145898,4.016831695580614,-0.4390507202595037,2.008545053097983
-1.3602543153444735,1.7193007881108882,-5.983003321856082,4.017090106195966,-0.43860157622177326,2.007709988312314
-1.335022994996013,1.7194562376101856,-5.983550623022161,4.015419976624628,-0.4389124752203683,2.0092162345013147
-1.3133380568096937,1.7189607936169065,-5.985089623595322,4.018432469002629,-0.43792158723381014,2.0068423296573314
-1.2887941388171669,1.718447352932037,-5.986652239081181,4.013684659314663,-0.4368947058640711,2.0054438045768
-1.2728436753968895,1.7182841673953686,-5.987607040974862,4.0108876091536,-0.43656833479073415,2.0068346671147412
-1.2616000291851694,1.7183430362864247,-5.988290824983108,4.0136693342294825,-0.43668607257284625,2.0062884636865412
-1.2542700662024222,1.718269885517128,-5.989196276472605,4.0125769273730825,-0.43653977103425246,2.0067591006748327
-1.2481500566539712,1.7190503526319607,-5.9887928584224,4.013518201349665,-0.43810070526391826,2.00712316951105
-1.247335498724838,1.7197850959479113,-5.988479496891898,4.0142463390221,-0.4395701918958193,2.006932255149199
-1.244444308335682,1.7199031922066097,-5.989089486784276,4.013864510298398,-0.43980638441321596,2.0068039934078885
-1.2396867230908475,1.7202402723140118,-5.989376003348097,4.013607986815777,-0.44048054462802005,2.006371627773376
-1.2322068067059426,1.7203978228328631,-5.989871952611628,4.012743255546752,-0.44079564566572266,2.0079331066603
-1.228383124272999,1.7210960287622845,-5.989598451401844,4.0158662133206,-0.4421920575245653,2.0081163716380996
-1.2285019461726323,1.7206659441790038,-5.991034324544219,4.016232743276199,-0.44133188835800385,2.0078986968080907
-1.2220517359673453,1.7219911153328207,-5.989813602270132,4.0157973936161815,-0.4439822306656377,2.0082438207141253
-1.221201044758332,1.7219688681375855,-5.990623206208081,4.016487641428251,-0.4439377362751675,2.009977746233044
-1.212620123173573,1.721617050729442,-5.991940889129627,4.019955492466088,-0.4432341014588802,2.008768971165315
-1.2006217137414925,1.7209873865654255,-5.993734191750548,4.01753794233063,-0.44197477313084743,2.00678041380294
-1.1882124863826142,1.7217748931805115,-5.993317880119797,4.01356082760588,-0.4435497863610194,2.0075563253877236
-1.1809673741401765,1.721433522773088,-5.994587465723231,4.015112650775447,-0.44286704554617234,2.0094403655220634
-1.1685109835186456,1.7220935200254235,-5.994367845408797,4.018880731044127,-0.4441870400508435,2.0109452435235453
-1.1605447566349705,1.7223428344171163,-5.994736554151049,4.021890487047091,-0.4446856688342292,2.0110668270224217
-1.1474047289206917,1.7229260444867878,-5.994605947762871,4.022133654044843,-0.4458520889735722,2.0128623032650137
-1.1350274893267267,1.7226772976070437,-5.995775153143566,4.025724606530027,-0.4453545952140842,2.011982044849823
-1.1154585417784126,1.7228949196981775,-5.996189763212645,4.023964089699646,-0.44578983939635203,2.013053091399685
-1.0962519463521554,1.7233403208083404,-5.99631851173242,4.02610618279937,-0.44668064161667803,2.0126650278874147
-1.0760414039612396,1.7240557392239935,-5.996005586888878,4.0253300557748295,-0.4481114784479842,2.0136977344610445
-1.0549342640680095,1.7249696051956154,-5.995363809668287,4.027395468922089,-0.4499392103912282,2.015072468171588
-1.0306259233625115,1.724961798788261,-5.996135752317967,4.030144936343176,-0.4499235975765197,2.0142603198440927
-1.003665832181957,1.724344903410643,-5.997822772900536,4.028520639688185,-0.4486898068212838,2.014859295161467
-0.9796602882881009,1.7240624993960245,-5.999062839884641,4.029718590322934,-0.44812499879204654,2.014034998305257
-0.9604945727788383,1.7240887743544653,-5.999819100169495,4.028069996610514,-0.448177548708928,2.0143664234840752
-0.9458123400305771,1.7244974335822827,-5.999967615028817,4.0287328469681505,-0.448994867164563,2.014683555718161
-0.9334261101072157,1.723778982890027,-6.001857613153864,4.029367111436322,-0.44755796578005147,2.0125337461527875
-0.9204298846039194,1.7241173140554853,-6.002099720440105,4.025067492305575,-0.44823462811096804,2.012384064597607
-0.9121260200175048,1.7243638426948082,-6.002512821794085,4.024768129195214,-0.4487276853896138,2.0132573078661844
-0.9101003752180548,1.7242890671548867,-6.003344662977787,4.026514615732369,-0.4485781343097708,2.015445654589243
-0.906723590346548,1.7252038025099905,-6.002745482656899,4.030891309178486,-0.4504076050199784,2.015634886674495
-0.9051745936297326,1.7258687405728477,-6.0025293446592185,4.03126977334899,-0.4517374811456926,2.015237882553161
-0.8958434737188323,1.7263403477403905,-6.002622960931607,4.030475765106322,-0.45268069548077805,2.016041526678412
-0.8873711743734765,1.726928002470728,-6.002509733307151,4.032083053356824,-0.4538560049414533,2.0155495290051135
-0.8758625452685447,1.7277613839847032,-6.002015465021528,4.031099058010227,-0.4555227679694036,2.015763517367917
-0.8660330627083201,1.727891798061365,-6.002598147633157,4.031527034735834,-0.4557835961227272,2.0159710212916475
-0.8518958453328933,1.7287144574847992,-6.002110083610473,4.031942042583295,-0.45742891496959553,2.016395670759771
-0.8425351208814718,1.7288545691344053,-6.00268782720977,4.032791341519542,-0.45770913826880777,2.0151025359070416
-0.8265363401443224,1.728618150154133,-6.003850744741637,4.030205071814083,-0.4572363003082628,2.013580972296036
-0.8105940650522419,1.728412996467467,-6.004931166615596,4.027161944592072,-0.4568259929349312,2.0128671255826966
-0.7987583833849108,1.7282776913926565,-6.00591591027333,4.025734251165393,-0.4565553827853101,2.012338714172535
-0.7923910868562487,1.7279230367390583,-6.007248724439767,4.02467742834507,-0.4558460734781139,2.012176308414172
-0.7915541067855232,1.727358440644638,-6.008868889629207,4.024352616828344,-0.45471688128927334,2.0107440484324957
-0.7923901908653948,1.726183645072593,-6.011421124063824,4.021488096864991,-0.4523672901451832,2.0082554621935405
-0.7919387071785193,1.7266003920935609,-6.011546766248509,4.016510924387081,-0.4532007841871191,2.009788927945501
-0.7997833033462944,1.7270813949381763,-6.0115806452666405,4.019577855891002,-0.4541627898763497,2.0103009261744553
-0.8061888443893857,1.7271445523198037,-6.0122790448306835,4.020601852348911,-0.4542891046396048,2.0105214423227347
-0.8114523543576642,1.7267120658896342,-6.013701630409635,4.021042884645469,-0.45342413177926577,2.009164897721543
-0.8121795302150554,1.726354040892059,-6.015033965194574,4.018329795443086,-0.4527080817841152,2.008149476516975
-0.8170243055364335,1.7265928111397986,-6.015443222081051,4.01629895303395,-0.45318562227959414,2.0088154400562384
-0.8265211740311829,1.7278185160116442,-6.014375227744155,4.017630880112477,-0.4556370320232852,2.008834722623064
-0.8371385940866771,1.7286031152373806,-6.0139498211096925,4.017669445246128,-0.4572062304747583,2.009149137564565
-0.8448944803051672,1.729152277269795,-6.013894634590798,4.01829827512913,-0.4583045545395868,2.0089240984491337
-0.8514929728493383,1.7298816324867257,-6.013516214686953,4.017848196898267,-0.45976326497344827,2.0103256225735477
-0.858262788595237,1.730172019285991,-6.013888265127377,4.0206512451470955,-0.4603440385719792,2.0097018087374487
-0.8630954414439076,1.7303203840148949,-6.014455930724465,4.0194036174748975,-0.4606407680297866,2.00967152925496
-0.8705778792429877,1.729638671948094,-6.016280588397901,4.01934305850992,-0.45927734389618513,2.008009248840883
-0.8758605073142061,1.7293832435372687,-6.017429301611249,4.016018497681766,-0.4587664870745342,2.0087541564092186
-0.8897141748824442,1.7295039625699327,-6.017995983806439,4.017508312818437,-0.4590079251398621,2.008574362480639
-0.9063637286208888,1.730198251954806,-6.017669077108384,4.017148724961278,-0.4603965039096089,2.0100236113120022
-0.9225959117071563,1.7300108705154396,-6.018718336928555,4.0200472226240045,-0.4600217410308759,2.0114054754632735
-0.931679660177287,1.7297200478501147,-6.019943667109132,4.022810950926547,-0.45944009570022604,2.0099721375529374
-0.9404139234130398,1.7298394869581555,-6.020552548441513,4.019944275105875,-0.45967897391630785,2.0093108012507925
-0.9495230474923178,1.7295484888012755,-6.021795445128425,4.018621602501585,-0.4590969776025479,2.0080054456335352
-0.9539555737897505,1.7299595152263325,-6.021922716225958,4.0160108912670704,-0.45991903045266197,2.0084600352446533
-0.9559127146338344,1.7300911475033232,-6.022512465402388,4.016920070489307,-0.46018229500664337,2.0088383740109186
-0.956724469610462,1.7305468701316784,-6.022622295101234,4.017676748021837,-0.46109374026335376,2.008796028411543
-0.9597480331833825,1.7313089876634276,-6.022247252753916,4.017592056823086,-0.46261797532685195,2.008451460850608
-0.9611221825354255,1.7315081026273744,-6.022710868649961,4.016902921701216,-0.4630162052547458,2.008948603269428
-0.9545726140323536,1.7311448544321926,-6.023989643538743,4.017897206538856,-0.46228970886438225,2.0102763637808727
-0.943526790895393,1.7312230449600732,-6.0246634007757836,4.020552727561745,-0.4624460899201436,2.010430260929173
-0.9360827790402304,1.7312942847094908,-6.025364626064159,4.020860521858346,-0.4625885694189787,2.0089229212035615
-0.9348038052008585,1.7318800682967606,-6.025272856224412,4.017845842407123,-0.46376013659351817,2.00885737182224
-0.9383924188485491,1.7314289061714168,-6.0267489906215195,4.01771474364448,-0.4628578123428305,2.0065864480218605
-0.9389260147159728,1.7315200667334796,-6.0274289579241564,4.013172896043721,-0.46304013346695605,2.00543612511896
-0.9465710413541322,1.7313237379929955,-6.028479572196079,4.01087225023792,-0.46264747598598815,2.005831690579457
-0.9543631927043386,1.7320082847566567,-6.028206575525476,4.011663381158914,-0.46401656951331033,2.007252101871649
-0.9658367206121703,1.732143676073057,-6.028774272798137,4.014504203743298,-0.4642873521461113,2.0069568578405534
-0.968896739126559,1.7316495962982008,-6.03027450612333,4.013913715681107,-0.4632991925963985,2.005905811333751
-0.9682373070324966,1.7320880149376627,-6.030368951707373,4.011811622667502,-0.4641760298753225,2.0057859827933644
-0.9726355938958733,1.732773879091607,-6.030049599988101,4.011571965586729,-0.46554775818321115,2.007096581078008
-0.9789398355233327,1.7331200828528046,-6.030300709374354,4.014193162156016,-0.4662401657056065,2.0066637914800123
-0.9796373639550078,1.7335012372840046,-6.0305172519574874,4.013327582960025,-0.4670024745680066,2.0062049167139935
-0.9770802278391972,1.7339105433286766,-6.030665993752016,4.012409833427987,-0.4678210866573503,2.0065009112572256
-0.9731247782221626,1.733507477189881,-6.032045276490737,4.013001822514451,-0.46701495437975926,2.004866883898005
-0.9635122121040718,1.733016900106551,-6.033517434385144,4.00973376779601,-0.4660338002130989,2.004605886550689
-0.9576658368961226,1.734255433088792,-6.032361922375033,4.009211773101378,-0.46851086617758125,2.0071428200314623
-0.9590981231028097,1.734244436884738,-6.033162216989512,4.0142856400629245,-0.46848887376947335,2.006004063706573
-0.9526083039915001,1.7344185230513238,-6.033654607363288,4.012008127413146,-0.468837046102645,2.0065679810747095
-0.9506952240829696,1.7344813230394434,-6.034308338205148,4.013135962149419,-0.468962646078884,2.0070066412761634
-0.9486244525979366,1.7343630323756913,-6.035256513197004,4.014013282552327,-0.46872606475138007,2.0057271530893668
-0.9440065719822615,1.734845719440296,-6.035284170450876,4.0114543061787336,-0.46969143888058956,2.0060008570069243
-0.9418254137756454,1.7339685219903336,-6.037382575627578,4.012001714013849,-0.46793704398066466,2.003830426723254
-0.9340123265359113,1.7339225651484536,-6.038195564962454,4.007660853446508,-0.46784513029690444,2.0044104530881977
-0.9353456661667519,1.733280091517062,-6.039969477226102,4.008820906176395,-0.4665601830341216,2.002195656521306
-0.9331883167215862,1.7333175175038966,-6.040652993820885,4.004391313042612,-0.46663503500779063,2.0027172645779414
-0.9362360493508222,1.7337120618809938,-6.040808617246878,4.005434529155883,-0.46742412376198494,2.003019095080552
-0.9390423393597107,1.7341403990868849,-6.040894258733714,4.006038190161104,-0.46828079817376733,2.0035109580249846
-0.943568978194743,1.733661499408562,-6.042422370175641,4.007021916049969,-0.4673229988171216,2.0009748924525215
-0.9442609503131516,1.7337148229906008,-6.04310546939677,4.001949784905043,-0.46742964598119907,2.0006708950329273
-0.9462975754578746,1.7345564877658612,-6.042565898312136,4.0013417900658546,-0.4691129755317202,2.0014435740354233
-0.9523695763966362,1.7351156039191007,-6.042451119721104,4.002887148070847,-0.4702312078381989,2.003418044869987
-0.9568685537568777,1.7355279261471788,-6.042537506702028,4.006836089739974,-0.471055852294355,2.0048217278370903
-0.9599049220814564,1.7356493300296956,-6.043092970784587,4.009643455674181,-0.4712986600593885,2.0047422003861626
-0.9620450272677106,1.735387943319501,-6.044304732291104,4.009484400772325,-0.47077588663899905,2.0029314967243934
-0.9646657644897179,1.734404389326185,-6.046527128160847,4.005862993448787,-0.4688087786523671,2.0016076723721157
-0.964899287310951,1.734064570938671,-6.047810329763504,4.003215344744231,-0.46812914187733945,2.0001568630784057
-0.9688590920947027,1.7340900243903836,-6.048554593604739,4.000313726156811,-0.46818004878076463,1.9991059056120317
-0.9823768891216034,1.7342280813003397,-6.049144197357866,3.9982118112240634,-0.46845616260067674,1.9985573798742053
-0.9959644030302703,1.7342212566286848,-6.049935211368841,3.9971147597484107,-0.46844251325736697,1.997484102252571
-1.0093245332497762,1.7341868188634646,-6.050722177250949,3.994968204505142,-0.46837363772692653,1.9987361532738386
-1.0229034311012608,1.7341897014755554,-6.051475951080341,3.997472306547677,-0.4683794029511079,1.9977737910200972
-1.0359944458504593,1.7346048813250892,-6.051604028549365,3.9955475820401944,-0.46920976265017567,1.9986675873961401
-1.0524475036534762,1.7351468782319628,-6.051533217980732,3.9973351747922803,-0.4702937564639228,2.000197982211557
-1.0627697239224236,1.7356772966575114,-6.051468156111401,4.000395964423114,-0.4713545933150201,2.0016615366184833
-1.0696898153809027,1.7354579284275107,-6.052564667458268,4.003323073236967,-0.4709158568550189,2.0033407996242873
-1.0685318490814577,1.7342843793174316,-6.055138813889247,4.006681599248575,-0.4685687586348607,1.9998592136852429
-1.065843584369249,1.7347382602382446,-6.05519679296872,3.9997184273704858,-0.4694765204764866,2.0010953711933106
-1.0743455510326827,1.7341687046848673,-6.056791330287457,4.002190742386621,-0.4683374093697318,2.0000887777276
-1.0798324687406913,1.733677697951223,-6.058264090336142,4.0001775554552,-0.4673553959024432,2.000081805635072
-1.085605261804238,1.7332951014236018,-6.059622989480246,4.000163611270144,-0.46659020284720076,1.9994073495526827
-1.0938903562305349,1.733922409302317,-6.059428231881949,3.9988146991053655,-0.4678448186046309,2.00050197863727
-1.1108694008417537,1.7337444684310492,-6.060505363709724,4.00100395727454,-0.46748893686209575,1.9990473185129347
-1.1250757334375852,1.7347599891076688,-6.059735511822131,3.9980946370258694,-0.469519978215335,2.0019679716282166
-1.1450126091155006,1.734625749164392,-6.06071131537091,4.003935943256433,-0.4692514983287814,2.0015607637785724
-1.1566034623720416,1.7344056223441866,-6.0617959388989275,4.003121527557145,-0.46881124468837054,2.0017750414299895
-1.1669438767169433,1.7354121045756168,-6.061035806989748,4.003550082859979,-0.4708242091512309,2.003916724579592
-1.1763970820575738,1.7350539415764592,-6.062342363581029,4.007833449159184,-0.47010788315291563,2.004732107348229
-1.1746074046100672,1.7346136212764116,-6.063827859916643,4.009464214696458,-0.4692272425528204,2.0030380139920756
-1.1739176583615496,1.734989072251941,-6.064035685926846,4.006076027984151,-0.46997814450387926,2.003120659461167
-1.1776926927768212,1.7350230311457708,-6.0647194710509496,4.006241318922334,-0.47004606229153884,2.0039828200388343
-1.178219945679082,1.7347606971705154,-6.065919311548991,4.007965640077669,-0.46952139434102774,2.0028573171635538
-1.177178096184461,1.7347779253544562,-6.066673526828744,4.0057146343271075,-0.4695558507089092,2.0022134415765334
-1.177788388220101,1.7352963889327992,-6.066632373395501,4.004426883153067,-0.47059277786559545,2.002978741864828
-1.1814489296344641,1.735070308185489,-6.0677682496842555,4.005957483729656,-0.47014061637097515,2.0011152958771516
-1.1830237108272597,1.7349927877486733,-6.068672866161059,4.002230591754303,-0.4699855754973435,2.000612791246711
-1.1886369700839072,1.735304671873403,-6.068996325318846,4.001225582493422,-0.47060934374680324,1.9995656329359328
-1.1942511804580285,1.7361938662956742,-6.068401825001214,3.9991312658718656,-0.47238773259134553,2.0008697240158075
-1.194032961327931,1.7364014836289257,-6.068876716676598,4.001739448031615,-0.4728029672578486,2.0005735894355707
-1.1892085480542107,1.7358769712488484,-6.070404207266863,4.0011471788711415,-0.4717539424976941,2.00001264985986
-1.1784820073303672,1.7360287658106266,-6.070897191020097,4.00002529971972,-0.47205753162125064,2.0008402659930176
-1.169337964966366,1.7365553158078,-6.070852977338336,4.001680531986035,-0.47311063161559747,2.0006989973464293
-1.1582228151329668,1.7371184349816358,-6.070764479767823,4.001397994692859,-0.4742368699632689,2.0019728439522027
-1.147562245517566,1.7375798544132561,-6.070802935353755,4.003945687904405,-0.47515970882650976,2.0021345163707283
-1.1326702376322446,1.738164850957444,-6.070658432116222,4.0042690327414565,-0.4763297019148855,2.002613892530472
-1.121281854463664,1.7386045270835515,-6.070774866738046,4.005227785060944,-0.47720905416710013,2.002166347667731
-1.1057284599683772,1.738542166121336,-6.071647934239183,4.004332695335462,-0.4770843322426694,2.0016516272109146
-1.085614109209649,1.7379624913938254,-6.0732842589960825,4.003303254421829,-0.47592498278764817,2.0002674460883614
-1.070269270678489,1.7386941069621613,-6.072906967471815,4.000534892176723,-0.4773882139243198,2.0024628035040863
-1.0594750093639007,1.738359899324829,-6.07416236480386,4.004925607008173,-0.47671979864965536,2.001727845471629
-1.0401663957001377,1.7390878937878251,-6.07386168983935,4.003455690943258,-0.4781757875756474,2.0017476266905967
-1.0272946756711425,1.7394395738437436,-6.074071858519196,4.003495253381193,-0.47887914768748446,2.001761529375096
-1.0101213981709165,1.7394999277049294,-6.07472667760819,4.003523058750192,-0.47899985540985623,2.003268178206011
-0.9894836231844293,1.7387674551234378,-6.076603679144696,4.006536356412022,-0.4775349102468728,2.0028437123681773
-0.9670089510423852,1.7387446487695928,-6.077381971236657,4.0056874247363545,-0.4774892975391827,2.0031418795623424
-0.9528963425805879,1.7383851201435396,-6.078736053085254,4.006283759124685,-0.4767702402870765,2.0019552413931447
-0.9373904431956825,1.7386271315369304,-6.079142385892759,4.0039104827862895,-0.4772542630738582,2.001309759518149
-0.925315894692849,1.7380723317936109,-6.0807514900052775,4.002619519036298,-0.47614466358721913,1.9996374929643013
-0.9121925846611809,1.7384105340701081,-6.08100561539736,3.9992749859286025,-0.4768210681402137,1.999673677277609
-0.9093593528403501,1.7387693776584017,-6.081243617294235,3.999347354555218,-0.47753875531680073,1.999076392710966
-0.906545322374579,1.7384868083727867,-6.082408615964004,3.998152785421932,-0.476973616745571,1.9984866018031406
-0.8985195059603663,1.7385351599309038,-6.083072790198814,3.9969732036062813,-0.47707031986180515,1.9986658803330546
-0.8940700068785237,1.73841887161897,-6.084020156858079,3.997331760666109,-0.4768377432379374,1.9979761729546677
-0.8922876103924136,1.7390050300977502,-6.083881507086132,3.9959523459093353,-0.47801006019549774,1.9981122299712084
-0.8964051295264204,1.739992889186911,-6.083149238661306,3.996224459942417,-0.4799857783738192,1.9981326853053898
-0.9014335565938323,1.740161152499832,-6.083658040744435,3.9962653706107796,-0.48032230499966094,1.9999315199610699
-0.9025997628104845,1.7411023689247433,-6.083001863578386,3.9998630399221398,-0.4822047378494838,1.9998628222235173
-0.9076292310571992,1.7418899481513928,-6.082573572477378,3.9997256444470346,-0.48377989630278273,1.9993867007664388
-0.9073193718146708,1.742426280314783,-6.0825065062219,3.9987734015328775,-0.48485256062956317,1.9994784857518557
-0.8998709613819331,1.7425966784075975,-6.08298328040467,3.9989569715037114,-0.48519335681519216,2.0015432241558817
-0.8929658396140647,1.7426986350049902,-6.083571890741263,4.003086448311763,-0.4853972700099777,2.001757588073457
-0.883780363624032,1.7423414848493792,-6.084881996347218,4.003515176146914,-0.48468296969875585,2.0002392413787375
-0.8770826069881235,1.741974721070989,-6.0861946670241505,4.000478482757475,-0.48394944214197555,1.9996633020099264
-0.8741794148368243,1.74275549604954,-6.085775780375661,3.9993266040198527,-0.4855109920990772,2.000726059517167
-0.8764938532586379,1.7439945145307856,-6.084656215229325,4.001452119034334,-0.4879890290615684,2.0016232896179074
-0.8726679815386325,1.7439603590554305,-6.085450381239108,4.003246579235815,-0.48792071811085796,2.0014405095869248
-0.8587263108244771,1.7441423888700776,-6.085947652720183,4.0028810191738495,-0.48828477774015233,2.0000924159231928
-0.8439151976731827,1.7443426454306945,-6.086407134771336,4.0001848318463855,-0.4886852908613861,2.0004082069214606
-0.8296195755713001,1.7431095249397228,-6.089048607833084,4.000816413842921,-0.4862190498794427,1.9971918510817557
-0.8082855802514972,1.7426837130465676,-6.090469807057075,3.9943837021635114,-0.48536742609313194,1.9968412810671494
-0.7963199482941281,1.7431572092211205,-6.090529965246441,3.993682562134299,-0.486314418442238,1.9967732577313273
-0.7906338498201135,1.7437063222917575,-6.090433095721629,3.9935465154626546,-0.4874126445835119,1.9968509293005254
-0.7816472585665162,1.7444753159764161,-6.089972121052074,3.993701858601051,-0.48895063195282923,1.99786679337907
-0.770877729522419,1.7453719326757735,-6.089364932283809,3.99573358675814,-0.49074386535154374,1.9981410570229354
-0.7560051750763792,1.7460896666079786,-6.089057756187877,3.996282114045871,-0.4921793332159538,1.9975463261933881
-0.7391383921670744,1.7464691773219965,-6.089226993141491,3.9950926523867762,-0.4929383546439898,1.9977042202695312
-0.7233312620525032,1.7467810391831267,-6.089489741249508,3.9954084405390624,-0.4935620783662502,1.997735539942191
-0.70663872091448,1.7466237141336312,-6.090452662095602,3.995471079884382,-0.49324742826725926,1.9961264790803421
-0.6926372003248495,1.7465717261619318,-6.091319278266613,3.9922529581606843,-0.4931434523238606,1.9951032615640978
-0.6841540095332306,1.747060842064106,-6.09135881372006,3.9902065231281956,-0.49412168412820917,1.9939097262002374
-0.6804922091976939,1.7480964770067098,-6.090525872612642,3.987819452400475,-0.49619295401341645,1.9941371331547513
-0.677078521686794,1.7475903206600323,-6.092041100249544,3.9882742663095025,-0.4951806413200615,1.9933081778908077
-0.6651297572357135,1.747416753366015,-6.09303442302295,3.9866163557816154,-0.4948335067320268,1.9929794881662717
-0.6551516681068197,1.7474175309739222,-6.093764188351117,3.9859589763325434,-0.49483506194784127,1.9917748957062558
-0.6451831023404946,1.747596998704204,-6.094244817771153,3.9835497914125115,-0.49519399740840475,1.9914360501325465
-0.6401791519895124,1.7473155733514063,-6.095382303600931,3.982872100265093,-0.49463114670280967,1.991767586447752
-0.6405269597196988,1.7478334036571468,-6.095292818875214,3.983535172895504,-0.4956668073142907,1.992142033799866
-0.6445703488503813,1.7481365012241332,-6.095560264954486,3.984284067599732,-0.49627300244826367,1.9924992161388058
-0.6467832284391779,1.7483630687691518,-6.095985701223941,3.9849984322776115,-0.496726137538301,1.9913135525179955
-0.6486718928764947,1.7489828752140435,-6.095778059317469,3.982627105035991,-0.4979657504280845,1.991665327256016
-0.6454725425915102,1.749349346762343,-6.095948099288738,3.983330654512032,-0.4986986935246838,1.9920925804413117
-0.6368132753045623,1.749547406393223,-6.096410631402161,3.9841851608826233,-0.49909481278644385,1.991549345963075
-0.6285493758840497,1.749117719576347,-6.097828299204357,3.98309869192615,-0.49823543915269186,1.9900153906303202
-0.6208261578552436,1.7498384178591846,-6.097445686232837,3.9800307812606404,-0.49967683571836696,1.9905750291977613
-0.6223529865015136,1.7495743207693064,-6.098581534828288,3.9811500583955226,-0.4991486415386108,1.9889114023893115
-0.6226798209646693,1.7499338800910786,-6.098777388201047,3.977822804778623,-0.49986776018215545,1.9881729146569695
-0.6297976171404205,1.7490842036341585,-6.100800099430973,3.976345829313939,-0.4981684072683153,1.9864857017444884
-0.6342182905724396,1.7497316811243513,-6.100571546458458,3.9729714034889767,-0.49946336224870097,1.9869343921150757
-0.6479449971896196,1.7499861339614888,-6.100943374454191,3.9738687842301514,-0.499972267922976,1.9860668681464795
-0.6567356992130211,1.7498722377565719,-6.1018483519225075,3.972133736292959,-0.499744475513142,1.9863470304782325
-0.6631826826075233,1.7505058766795416,-6.1016322098374545,3.972694060956465,-0.5010117533590815,1.9859321802889387
-0.6745494923789712,1.7509099140180382,-6.1017143889442815,3.9718643605778774,-0.5018198280360745,1.9873754930281269
-0.6877386446951066,1.7506751444279904,-6.102802536744433,3.9747509860562538,-0.501350288855979,1.9854131642897015
-0.6948731746802483,1.7504992230789889,-6.103818665771729,3.970826328579403,-0.5009984461579757,1.9843802544155524
-0.7023340346576576,1.750719705489727,-6.104219527503987,3.968760508831105,-0.5014394109794519,1.9838689885552603
-0.7115160760969781,1.7514823639837886,-6.103838107623973,3.9677379771105206,-0.5029647279675752,1.9835227292920548
-0.7216381751899474,1.751672656626247,-6.104281395512529,3.9670454585841095,-0.503345313252492,1.982818823451441
-0.724794636618558,1.7519802684678867,-6.104560075544936,3.965637646902882,-0.5039605369357714,1.9838525849269915
-0.7296866653745866,1.752325395556841,-6.10477142402097,3.967705169853983,-0.50465079111368,1.9831678508567243
-0.7344076795461421,1.7513774752167954,-6.106930453746963,3.9663357017134486,-0.502754950433589,1.9802069696399631
-0.7350189527222115,1.7505441216988207,-6.1089090540169755,3.9604139392799262,-0.5010882433976394,1.978282325657297
-0.7431612564065722,1.7514175086581245,-6.108303638790189,3.956564651314594,-0.502835017316247,1.9797792138064547
-0.7609972484350163,1.7515019623074652,-6.108919981416377,3.9595584276129094,-0.5030039246149286,1.9806603141775323
-0.7728477941718754,1.7515870701787686,-6.1095318242441365,3.9613206283550646,-0.5031741403575355,1.980463384698126
-0.7819049635785067,1.752842860752297,-6.108354055725011,3.960926769396252,-0.5056857215045923,1.9803685845837171
-0.7968983875939744,1.7526536646101654,-6.109343642516016,3.9607371691674342,-0.5053073292203291,1.9798037386186829
-0.7994845580571681,1.7524452632650653,-6.110404821368054,3.9596074772373657,-0.5048905265301291,1.9783779755635313
-0.8042438098887503,1.752126895816772,-6.111604235439162,3.9567559511270627,-0.5042537916335426,1.9776243587267694
-0.8054110060156239,1.75169993263647,-6.112987473129481,3.955248717453539,-0.5033998652729387,1.9765345879960088
-0.8107355419528952,1.7511744287065587,-6.114518662232846,3.9530691759920176,-0.5023488574131162,1.9746325090516796
-0.8186941465874185,1.7520097537075294,-6.113956780631051,3.9492650181033593,-0.5040195074150575,1.975296748185799
-0.8316188837555494,1.7526004230425547,-6.113753528350659,3.950593496371598,-0.505200846085108,1.9759045927872303
-0.8423702857155657,1.752754964020447,-6.114263103943222,3.9518091855744606,-0.5055099280408925,1.9751314629552206
-0.8505401511674338,1.7525182015068694,-6.115346093461281,3.950262925910441,-0.5050364030137374,1.9738609099421114
-0.8554220221942774,1.7524317713146893,-6.11619194945477,3.9477218198842228,-0.504863542629377,1.9736880911655383
-0.8605605311135118,1.752391419811536,-6.116968537124753,3.9473761823310767,-0.5047828396230705,1.972856043020021
-0.8669366409538917,1.7523051971829626,-6.117781355457033,3.945712086040042,-0.5046103943659238,1.9743208290514682
-0.877113113239008,1.7516768454743226,-6.119511402301414,3.9486416581029364,-0.5033536909486438,1.973224953480942
-0.8868375561818871,1.7520922403655184,-6.119616859417556,3.946449906961884,-0.5041844807310353,1.9725062663410708
-0.9033721603576881,1.7519069041466777,-6.1206130637170295,3.9450125326821417,-0.5038138082933541,1.9729409290231585
-0.9176602133619554,1.7524351409431183,-6.120523931716481,3.945881858046317,-0.5048702818862351,1.9747978281411063
-0.9298734699233728,1.7519582669686746,-6.12196788895492,3.9495956562822125,-0.5039165339373478,1.9745998057611138
-0.9324487550938025,1.7511306677676401,-6.123961237428923,3.9491996115222276,-0.5022613355352787,1.9718536845322567
-0.9406850468695644,1.7508065696440425,-6.125138131419045,3.9437073690645135,-0.5016131392880833,1.97196582483336
-0.9540890602152361,1.750903723437049,-6.125728829489357,3.94393164966672,-0.5018074468740966,1.971585991139345
-0.9700933192188241,1.7512970636300507,-6.125853986124809,3.94317198227869,-0.5025941272600999,1.971636980740562
-0.9932120701667762,1.7508688659595937,-6.127189133125746,3.943273961481124,-0.5017377319191859,1.970938007163548
-1.010941293655975,1.7502246196009696,-6.128935479278628,3.941876014327096,-0.5004492392019378,1.9683390492613955
-1.0286384133682294,1.7504111402204874,-6.129351634283615,3.936678098522791,-0.5008222804409734,1.9692229970425943
-1.0495302954062717,1.750020123473674,-6.130665406453076,3.9384459940851886,-0.5000402469473467,1.9691144732665815
-1.0654050877437813,1.7495705328824454,-6.132039837917748,3.938228946533163,-0.49914106576488937,1.968393897842807
-1.0799635979694573,1.749534980057072,-6.13281119697587,3.936787795685614,-0.4990699601141428,1.967915796690661
-1.1017469210680977,1.749363998238507,-6.133825341736583,3.935831593381322,-0.49872799647701244,1.9664390927505255
-1.125951985943355,1.7492964823613688,-6.134635823086817,3.932878185501051,-0.498592964722736,1.966443741158766
-1.1515452049432664,1.7492210215607544,-6.135449035027061,3.932887482317532,-0.4984420431215071,1.966781313247897
-1.175683188204152,1.7487706094795754,-6.1368924443386685,3.933562626495794,-0.49754121895914893,1.9652821836052785
-1.1980977914018558,1.7488760873391298,-6.137477275637546,3.930564367210557,-0.4977521746782578,1.9660128769880472
-1.2232193015592063,1.7501829812087881,-6.136209945934575,3.9320257539760943,-0.5003659624175744,1.9673278624287736
-1.2496670283725715,1.7508736341325257,-6.135906484818494,3.934655724857547,-0.5017472682650495,1.9682652723496774
-1.2629176436879312,1.7503547772021915,-6.1374132018974095,3.936530544699355,-0.5007095544043808,1.966196323331155
-1.270689635486196,1.7493433512927803,-6.139666697485005,3.93239264666231,-0.4986867025855584,1.9638888371777279
-1.277949570913596,1.7484570459281457,-6.141744758362651,3.9277776743554558,-0.4969140918562894,1.9622843499359441
-1.2922964024001358,1.7493487565923551,-6.141117258424011,3.9245686998718883,-0.49869751318470845,1.964260911062166
-1.3121753958217601,1.7488103840518558,-6.142614175919318,3.928521822124332,-0.49762076810370975,1.963437268019716
-1.3186195593576748,1.7484376819614798,-6.143938658196044,3.926874536039432,-0.4968753639229578,1.9610648324379198
-1.3255096105071447,1.7473731007439806,-6.14626480157294,3.9221296648758397,-0.4947462014879594,1.958877033688829
-1.332175549035715,1.7469667196243144,-6.147577133699898,3.917754067377658,-0.4939334392486272,1.9584174160134227
-1.346797310869591,1.746963088003185,-6.148296258655166,3.9168348320268453,-0.49392617600636857,1.9580886785902887
-1.3615002029252175,1.746619185070771,-6.149519394282888,3.9161773571805774,-0.4932383701415409,1.959302316097525
-1.3714176816836101,1.746165025875854,-6.1509748967110385,3.91860463219505,-0.49233005175170685,1.9590496820942376
-1.3829026090764547,1.7463997588394684,-6.151325464142507,3.918099364188475,-0.4927995176789353,1.9605934975671357
-1.3957165724237912,1.7471714174551074,-6.150892303341314,3.9211869951342715,-0.4943428349102133,1.9615513063997625
-1.405610037667615,1.747101526336772,-6.15172568892033,3.923102612799525,-0.49420305267354236,1.9603473897978305
-1.4081300973413384,1.7467210825252506,-6.153028681778023,3.920694779595661,-0.4934421650504997,1.9599391375682593
-1.4086170919348584,1.7464025940891326,-6.1542695679001875,3.9198782751365187,-0.49280518817826385,1.9589741406439642
-1.410102517234285,1.7466160522521592,-6.15464294378347,3.9179482812879285,-0.4932321045043169,1.9603722600604567
-1.4135844321000857,1.7464800884418135,-6.1555648228487225,3.9207445201209135,-0.4929601768836254,1.9596356797004189
-1.4122271390680003,1.7463935481967887,-6.156432828350709,3.9192713594008377,-0.4927870963935758,1.9590557491495717
-1.4117058600665926,1.7470176873751921,-6.156207133589595,3.9181114982991434,-0.49403537475038245,1.9602993371768678
-1.4208646976126262,1.7464144255147895,-6.157848941049817,3.9205986743537355,-0.49282885102957713,1.9589077425428227
-1.4269720210996155,1.7467671360061032,-6.158037615596943,3.9178154850856455,-0.4935342720122043,1.9599443671430443
-1.4355238796394003,1.7462256520336945,-6.1595414948491385,3.9198887342860886,-0.49245130406738674,1.9615128180994268
-1.4347668514172742,1.745977536551792,-6.160651289748281,3.9230256361988536,-0.49195507310358155,1.9611223615230504
-1.4327247402081307,1.7461648141787394,-6.161075641295323,3.922244723046101,-0.49232962835747635,1.9633401834080613
-1.4378323154183352,1.7458714770608281,-6.162196814500785,3.9266803668161225,-0.4917429541216537,1.9649248449388002
-1.4378327285190773,1.7462799164015899,-6.162304709860741,3.9298496898776003,-0.4925598328031771,1.9673018732774237
-1.4388907655070495,1.746976364455756,-6.161989026094705,3.9346037465548473,-0.49395272891150954,1.967763419353064
-1.4331313050759125,1.7471432561353941,-6.162441764083915,3.935526838706128,-0.49428651227078546,1.9693461666706442
-1.4199377238366617,1.7478784798979974,-6.162016868668611,3.9386923333412884,-0.4957569597959918,1.9731488692824821
-1.4071167581872643,1.7480506208530155,-6.162504558249776,3.9462977385649642,-0.4961012417060283,1.9726853133515334
-1.3868946887180114,1.7480835582132541,-6.163161669648826,3.945370626703067,-0.49616711642650535,1.9728747596334442
-1.3631677285897776,1.7478745643446523,-6.164180716299822,3.9457495192668883,-0.49574912868930165,1.9740403079859228
-1.3399473354093896,1.7474134059260171,-6.16558155490461,3.9480806159718456,-0.49482681185203115,1.9729974180058467
-1.3215704241040633,1.7476101514561637,-6.166062608135439,3.9459948360116934,-0.49522030291232455,1.9722532187890307
-1.3068906924613364,1.7477670396921474,-6.166560022720006,3.9445064375780614,-0.49553407938429206,1.9723415427391757
-1.289489019318216,1.7477241073719196,-6.167364155167868,3.9446830854783514,-0.4954482147438367,1.9721335367380732
-1.2694672922282573,1.7468951154243306,-6.169365843133053,3.9442670734761465,-0.4937902308486588,1.9702834990962887
-1.2491306844858077,1.7472785644126507,-6.169488167692505,3.9405669981925775,-0.494557128825299,1.9715683396844208
-1.2355391190058818,1.7471615076016316,-6.1704010061474195,3.9431366793688416,-0.49432301520326066,1.9710855797980262
-1.2186217610780465,1.7472035567907223,-6.17106789169344,3.9421711595960525,-0.4944071135814422,1.972347716284659
-1.2065450635618182,1.7473573369216524,-6.171564494110398,3.944695432569318,-0.49471467384330253,1.973097195107727
-1.1921384953761383,1.7468975549759242,-6.17296273189578,3.946194390215454,-0.49379510995184617,1.9738110528794923
-1.1778465917035001,1.7469707591720123,-6.173581144486774,3.9476221057589846,-0.4939415183440224,1.9736126085956478
-1.1651042484179266,1.74681734735824,-6.174561575280944,3.9472252171912956,-0.4936346947164779,1.9736067637748194
-1.1508201574189858,1.7466781986286402,-6.1754755751209,3.9472135275496387,-0.4933563972572782,1.9741337160897607
-1.1390211635358423,1.7463885829847992,-6.1766673350215875,3.9482674321795215,-0.49277716596959614,1.9725027258901788
-1.1267579033772464,1.745874609323884,-6.178159736160066,3.9450054517803577,-0.49174921864776566,1.9729845098888463
-1.1182801514406835,1.7462046284130202,-6.178377599933332,3.9459690197776927,-0.4924092568260382,1.97424184492665
-1.1189414734978786,1.745870247562828,-6.179644857807045,3.9484836898533,-0.49174049512565393,1.9731827407462372
-1.117809168431533,1.7459029965600232,-6.180354888477391,3.9463654814924745,-0.4918059931200444,1.9727624815524076
-1.1239912257536142,1.7461130512186633,-6.180777711008436,3.9455249631048153,-0.49222610243732445,1.9733149301912893
-1.1320825703728339,1.7455883865562256,-6.182324649144203,3.9466298603825787,-0.4911767731124489,1.9723893729434172
-1.138065656899438,1.7449678587673898,-6.183961606769357,3.9447787458868344,-0.48993571753477716,1.9732428613574666
-1.1459502992361053,1.7440437546595153,-6.186088902254689,3.9464857227149333,-0.48808750931902806,1.9720119378412486
-1.1542955954710594,1.7441509369195216,-6.186645721754452,3.9440238756824972,-0.48830187383904067,1.9718739669168217
-1.1710725646588473,1.7440542097775873,-6.187522483214217,3.9437479338336434,-0.48810841955517204,1.972507544333722
-1.1880225453237898,1.743147810593809,-6.189626725948488,3.945015088667444,-0.48629562118761543,1.9707647936351222
-1.2035599985387302,1.74360259643141,-6.189668949289641,3.9415295872702445,-0.48720519286281716,1.971197239907393
-1.2231225202834919,1.7433587893067393,-6.190810189267967,3.942394479814786,-0.4867175786134761,1.9705975814802235
-1.2406856598174807,1.7430477162741171,-6.191971083909434,3.941195162960447,-0.48609543254823173,1.9710374297182
-1.258887737932234,1.7417408877735112,-6.194685758693365,3.9420748594364,-0.4834817755470199,1.9677496759037678
-1.2763249336004243,1.7403344730020969,-6.1975694962657055,3.9354993518075356,-0.480668946004191,1.9652857271502184
-1.3003015848871469,1.739309870011687,-6.199853251171029,3.930571454300437,-0.47861974002337104,1.9639447847869425
-1.3293777210912543,1.7394590302184172,-6.200349524766517,3.927889569573885,-0.4789180604368315,1.9649163679992612
-1.3664999320616245,1.738265250098763,-6.202923326990188,3.9298327359985223,-0.4765305001975233,1.9619317628715152
-1.3984130343604289,1.737278475713178,-6.2051619694166416,3.9238635257430303,-0.4745569514263535,1.9596599661635092
-1.4354197919597294,1.7371184147300247,-6.2061342109513795,3.9193199323270185,-0.474236829460047,1.9590930955035661
-1.4773403637036564,1.737752798701294,-6.205917537672604,3.9181861910071323,-0.4755055974025856,1.9591116105240611
-1.5189462333160302,1.736722045793315,-6.208179454676675,3.9182232210481223,-0.4734440915866277,1.9576893379411167
-1.5539821278970205,1.7363264784639476,-6.209534800951511,3.9153786758822333,-0.47265295692789294,1.9572408121172447
-1.5930104036864066,1.736073051587601,-6.210644674911792,3.9144816242344893,-0.4721461031751997,1.9595142059343755
-1.6337242635588458,1.7357577785627873,-6.211835352295472,3.919028411868751,-0.4715155571255724,1.9600136810243836
-1.6757826570555157,1.735656502775865,-6.2127415319898205,3.920027362048767,-0.47131300555172784,1.9592221354287611
-1.7162651474752302,1.7355616743074007,-6.213584435993117,3.9184442708575222,-0.47112334861479915,1.9603064563333512
-1.753071990082331,1.7364273893077555,-6.213014301209851,3.9206129126667024,-0.47285477861550895,1.961614916432384
-1.7869136279410283,1.736474005470636,-6.213667298877273,3.923229832864768,-0.4729480109412699,1.9639541731014931
-1.8129077260825275,1.736595910730862,-6.214232371124894,3.9279083462029862,-0.4731918214617216,1.964312832434982
-1.8368725898976264,1.7363036098818503,-6.215425786516093,3.928625664869964,-0.47260721976369824,1.9644420033220302
-1.8531462224218975,1.7357262292146158,-6.217058251832461,3.9288840066440605,-0.47145245842922934,1.9628075339545332
-1.871272726068975,1.734740162330691,-6.219251939333092,3.9256150679090664,-0.46948032466138,1.9618646575778143
-1.888609224397471,1.7347096897543242,-6.220048172971604,3.9237293151556285,-0.4694193795086461,1.9639641413170679
-1.9100766286233162,1.7340017162427874,-6.221892770542493,3.9279282826341357,-0.4680034324855728,1.962144493179313
-1.9221230834235286,1.733806660939153,-6.222940524025793,3.924288986358626,-0.46761332187830384,1.9647165082330522
-1.9307362610839895,1.7334805768844752,-6.224215187150603,3.9294330164661044,-0.46696115376894826,1.9646633238798703
-1.9334296044752826,1.733209463058985,-6.225363130787845,3.9293266477597406,-0.4664189261179678,1.9657095421304538
-1.9373861936063328,1.7326328821113843,-6.2269233633103385,3.9314190842609076,-0.4652657642227665,1.966117568514083
-1.9348220440986417,1.732529795366299,-6.227845667742978,3.932235137028166,-0.4650595907325961,1.9671202926083207
-1.9301169957524271,1.7323901289835084,-6.228826422653448,3.9342405852166413,-0.46478025796701483,1.9680122856448652
-1.9238382361681277,1.7318532379342955,-6.2303883363172545,3.9360245712897304,-0.4637064758685891,1.9695294451515004
-1.9199051667158402,1.7311099807377037,-6.232271026990255,3.939058890303001,-0.4622199614754056,1.967730774993687
-1.9121513548058626,1.7308097635215456,-6.233453079192102,3.935461549987374,-0.4616195270430894,1.9675395170439038
-1.9064060155786935,1.7310904977713075,-6.2337959587531895,3.9350790340878077,-0.46218099554261327,1.96704324783803
-1.9016065858239823,1.7299406562800697,-6.236309878486282,3.93408649567606,-0.45988131256013737,1.9640955014695043
-1.889422296078223,1.7299331736119108,-6.237105927307162,3.9281910029390086,-0.4598663472238195,1.9647136065484536
-1.8847012190981127,1.7304623065425175,-6.237061688232855,3.9294272130969072,-0.4609246130850329,1.966279202682279
-1.8805440450159114,1.7298675205913545,-6.238754981613235,3.932558405364558,-0.4597350411827068,1.9642456610480128
-1.8753789972315378,1.7302656598623614,-6.238856866473369,3.9284913220960256,-0.46053131972472067,1.9660659049823954
-1.8759238960380458,1.7306257183226463,-6.2390431395329475,3.932131809964791,-0.4612514366452904,1.9672127079503705
-1.8747273567548266,1.7298926207546115,-6.240894301193641,3.934425415900741,-0.4597852415092207,1.9677860182620084
-1.8672395442316692,1.729650936389817,-6.242039846335332,3.9355720365240168,-0.4593018727796315,1.9685591983936457
-1.8617057778336017,1.7298257799228742,-6.242571886659075,3.9371183967872914,-0.4596515598457459,1.9680687668866625
-1.8536673406516204,1.7294014519429701,-6.243965792958075,3.936137533773325,-0.4588029038859376,1.9675600518459122
-1.8432028046344637,1.7287461510111568,-6.245677761333123,3.9351201036918244,-0.4574923020223111,1.9673066311790848
-1.831005825819216,1.729034324016302,-6.246005358944828,3.9346132623581695,-0.4580686480326013,1.9684111552808246
-1.8236797850855488,1.7292105757108402,-6.246539095869347,3.936822310561649,-0.4584211514216779,1.9687896172435815
-1.8130848920705152,1.7282601222417133,-6.248736702694002,3.937579234487163,-0.4565202444834241,1.9667773896940461
-1.7976735029890447,1.728448806953014,-6.249250720240677,3.9335547793880923,-0.45689761390602546,1.9688363093649415
-1.7872022580400175,1.7282171072819055,-6.250396925621956,3.937672618729883,-0.4564342145638085,1.9683710175814744
-1.7745136772647436,1.7272226311930965,-6.25262937665304,3.9367420351629487,-0.4544452623861905,1.9681063071893217
-1.7608532257729799,1.7275474511884807,-6.252922779779209,3.9362126143786433,-0.45509490237695904,1.9704637685731818
-1.7530106664756504,1.7279386377433503,-6.253080927636847,3.9409275371463637,-0.4558772754866981,1.9726274802481738
-1.7403392668937148,1.72838922531876,-6.253140425150263,3.9452549604963476,-0.45677845063751754,1.9741932458070082
-1.724588146274467,1.7293886459183823,-6.2523977946942395,3.9483864916140163,-0.4587772918367619,1.9754851217694456
-1.709702471886187,1.7286247783924276,-6.254311452118759,3.950970243538891,-0.4572495567848527,1.9757059675235713
-1.6795369853049618,1.728750130468331,-6.254908931883556,3.9514119350471426,-0.4575002609366595,1.9751743931191716
-1.6558298861186493,1.7286537592622104,-6.255806214668064,3.9503487862383433,-0.45730751852441826,1.975387499314759
-1.6344317737143434,1.7280613495628698,-6.257464516403409,3.950774998629518,-0.4561226991257372,1.9755608294769582
-1.6099233781887836,1.7286559336663727,-6.257330703481933,3.9511216589539164,-0.4573118673327431,1.9764485605129367
-1.5941544882019887,1.7290746357016424,-6.257445288050609,3.9528971210258734,-0.4581492714032825,1.9779648792244837
-1.577336366868086,1.7294400337097109,-6.2576877065879275,3.9559297584489674,-0.45888006741941934,1.9776521421444562
-1.5552130440967584,1.7297303501128312,-6.258017563049464,3.9553042842889123,-0.45946070022566005,1.978096513485571
-1.530504238514693,1.729489729012222,-6.2591731035853035,3.956193026971142,-0.45897945802444184,1.977409151229398
-1.504624630814992,1.7302951873098336,-6.258708330289348,3.954818302458796,-0.460590374619665,1.9794135354329376
-1.4813578753880616,1.730720800579422,-6.258825204862491,3.9588270708658753,-0.4614416011588417,1.9805281322408137
-1.450307736675863,1.7312098445185242,-6.2588443151019755,3.9610562644816274,-0.4624196890370462,1.98124987793122
-1.4195919281409184,1.7311807462859428,-6.259641551321656,3.96249975586244,-0.46236149257188336,1.9814965725991123
-1.3868542457409179,1.7311281331721735,-6.260492387510975,3.9629931451982245,-0.46225626634434497,1.9824674230648869
-1.3507041798216193,1.7304154768138733,-6.262374830015353,3.9649348461297738,-0.46083095362774473,1.9796392364680282
-1.3151931158594925,1.7297740890325166,-6.26411046009843,3.9592784729360564,-0.45954817806503145,1.9787202833232735
-1.283301506698761,1.7302654884871314,-6.264094606132151,3.957440566646547,-0.460530976974261,1.9821063954202558
-1.2538848460881464,1.730248777993827,-6.2649357193578235,3.9642127908405116,-0.46049755598765224,1.9813571537420973
-1.223401827214298,1.7304604516676452,-6.265394925268898,3.9627143074841946,-0.4609209033352885,1.9818699978126004
-1.1969187226687144,1.730536831731588,-6.266030619621149,3.963739995625201,-0.4610736634631738,1.982461906523909
-1.172687267121817,1.7307416939344085,-6.266513678787584,3.964923813047818,-0.4614833878688151,1.9815408224103732
-1.1552121841550331,1.7305877222680297,-6.2675455568461915,3.9630816448207464,-0.4611754445360577,1.9817306404731396
-1.133480049463789,1.730543547015354,-6.268409532380112,3.9634612809462793,-0.4610870940307063,1.9810574803806296
-1.1146991433021638,1.7300699063895923,-6.269875024423093,3.962114960761259,-0.4601398127791831,1.9827121955247624
-1.0958970238048682,1.7293069529411689,-6.271878891505585,3.965424391049525,-0.45861390588233597,1.9794113134298756
-1.0769798043261858,1.7303048632174336,-6.271131955643707,3.9588226268597513,-0.4606097264348652,1.9802853785874794
-1.0705396361625539,1.730715036501203,-6.271283446287696,3.960570757174959,-0.46143007300240374,1.980505158207344
-1.0605164018155717,1.7310033324502696,-6.271623333506392,3.961010316414688,-0.4620066649005372,1.9812024707725981
-1.0511549521670593,1.7304001700065514,-6.273308658407592,3.9624049415451963,-0.46080034001310105,1.980274398560654
-1.0407502049327455,1.7297848651494865,-6.275008684883524,3.960548797121308,-0.45956973029897114,1.9787983067879689
-1.033150761647442,1.730252308880602,-6.275085044413351,3.9575966135759377,-0.4605046177612023,1.9788702718418012
-1.0366234922405537,1.7305582561192043,-6.275416443508095,3.9577405436836024,-0.4611165122384069,1.9798748627253138
-1.0405361548722514,1.7299537770260496,-6.277127843603913,3.9597497254506275,-0.45990755405209754,1.978197175543587
-1.0441424157922397,1.7304970901065486,-6.277076882699442,3.956394351087174,-0.4609941802130958,1.9800492026192642
-1.0543052874241274,1.7306320370317017,-6.277621119912381,3.9600984052385284,-0.4612640740634019,1.980619795630606
-1.0611914293743343,1.7313227265188749,-6.277312227827057,3.961239591261212,-0.4626454530377483,1.981803446906274
-1.0661649365825605,1.7320277322621505,-6.277067447456086,3.963606893812548,-0.46405546452429963,1.982001390493141
-1.064976681997062,1.7322293040592809,-6.277571602320831,3.964002780986282,-0.4644586081185607,1.9810342509736354
-1.0618545988963053,1.7321361482167803,-6.278471301446922,3.962068501947271,-0.4642722964335596,1.9810319876966134
-1.0573759255373467,1.7322242377066641,-6.279067482293335,3.9620639753932267,-0.46444847541332707,1.981746306447177
-1.0552930611928533,1.7331043953031855,-6.278508641535784,3.963492612894354,-0.46620879060636966,1.9820122832913682
-1.055419591286456,1.7336104562296433,-6.278477683353802,3.9640245665827365,-0.46722091245928515,1.9835601884216245
-1.05115980870546,1.7337897931227833,-6.279026985351233,3.967120376843249,-0.467579586245565,1.982797346107489
-1.0428115009911787,1.7350657555152043,-6.27783911959428,3.965594692214978,-0.47013151103040696,1.9849629943732392
-1.0363494095116854,1.7354854278519087,-6.277953602548978,3.9699259887464784,-0.4709708557038161,1.9851624663845628
-1.0183316990511706,1.7355894103589249,-6.2785517794726315,3.9703249327691257,-0.4711788207178484,1.9848747597995715
-0.9939150960065675,1.7360232708315608,-6.278665341798871,3.969749519599143,-0.47204654166312005,1.9856687893632452
-0.9754024126559191,1.7362139641957222,-6.279158057122665,3.9713375787264904,-0.4724279283914429,1.9853457163377062
-0.9563115440030154,1.7365573536847143,-6.279409387110045,3.9706914326754124,-0.4731147073694273,1.986527046426027
-0.9383127262325166,1.7366628375191087,-6.279997859833135,3.973054092852054,-0.4733256750382158,1.9868573388014088
-0.9153764006658491,1.7365255563460888,-6.280998079615694,3.9737146776028176,-0.47305111269217637,1.9865738484541082
-0.8886305931604088,1.7363144204240273,-6.28212094015407,3.9731476969082165,-0.4726288408480532,1.984951618323037
-0.8650408481795457,1.7372128270049096,-6.281524193982197,3.969903236646074,-0.4744256540098178,1.9859083055447675
-0.8471931808098647,1.73722438124948,-6.282292822370927,3.971816611089535,-0.47444876249895857,1.9859396813897405
-0.8198832633374593,1.7369396425784243,-6.283520853563693,3.971879362779481,-0.47387928515684674,1.9841271818718604
-0.7950299601735944,1.7372108252891674,-6.283868733586744,3.968254363743721,-0.47442165057833297,1.985861329023263
-0.7741921189691494,1.7373377200829683,-6.284430368137718,3.971722658046526,-0.47467544016593477,1.9869258444322162
-0.7558527348936241,1.7372152380887802,-6.2854044659293145,3.9738516888644324,-0.4744304761775585,1.9856609883472347
-0.7405692273988116,1.7368337866817232,-6.286736617128966,3.9713219766944694,-0.4736675733634446,1.9852343064206708
-0.7269709954100207,1.7368664851354487,-6.287452915397366,3.9704686128413416,-0.4737329702708956,1.9842827467034376
-0.7164929622231195,1.7365971308254813,-6.288678496368049,3.9685654934068753,-0.4731942616509605,1.982642135964869
-0.7062399273261661,1.7376777157321122,-6.287772795685236,3.965284271929738,-0.4753554314642225,1.9841349295473525
-0.7061677130977815,1.7387652248063086,-6.286887372546012,3.968269859094705,-0.4775304496126152,1.984773413587349
-0.7036041994972715,1.739122738243262,-6.287092788521116,3.969546827174698,-0.47824547648652205,1.9859741006625422
-0.6950007003949965,1.7395733687796329,-6.287153064370626,3.9719482013250844,-0.4791467375592639,1.9871442199512832
-0.6926928480936079,1.7402422971438452,-6.286881339735786,3.9742884399025664,-0.48048459428768836,1.9875777371111099
-0.6915538481447401,1.7408904155217182,-6.286643031217299,3.9751554742222197,-0.48178083104343467,1.9881645181770191
-0.6881634687789626,1.7414026626267223,-6.286650811117545,3.9763290363540382,-0.4828053252534426,1.9876971573204671
-0.6839254795868408,1.741740288973421,-6.286834776785055,3.9753943146409343,-0.4834805779468401,1.9887768473210845
-0.6783254263043696,1.7408855114777964,-6.28892820195021,3.977553694642169,-0.4817710229555906,1.9856600641903563
-0.670264257212799,1.741181330201099,-6.289261654677485,3.9713201283807127,-0.4823626604021957,1.98585438468183
-0.6700713976352697,1.7416390340571757,-6.2893455571581836,3.97170876936366,-0.4832780681143489,1.9856538212496857
-0.6687164581281699,1.7425993428361075,-6.288658976521454,3.9713076424993714,-0.4851986856722126,1.9860983450789433
-0.6658094558065901,1.743459351246652,-6.288148871845793,3.9721966901578867,-0.4869187024933016,1.9873783474655489
-0.6626768271461039,1.7438643640885476,-6.288272625369761,3.9747566949310977,-0.4877287281770928,1.987631069468767
-0.654374141002461,1.7444243446532324,-6.2881474639125905,3.975262138937534,-0.48884868930646247,1.9882298961277565
-0.6434393204056459,1.7441187890317538,-6.2893620741710965,3.976459792255513,-0.4882375780635052,1.9877938215412023
-0.6290822294697147,1.7443897417354692,-6.289718907033932,3.9755876430824046,-0.4887794834709359,1.9880780438288952
-0.618477162628678,1.7445012365780939,-6.290319308866677,3.9761560876577904,-0.4890024731561852,1.9887757589174868
-0.6058073399948984,1.744045942520815,-6.29175162882737,3.9775515178349736,-0.48809188504162737,1.9892611050342797
-0.5896754022463258,1.7446188961108788,-6.2916306198039385,3.9785222100685593,-0.4892377922217549,1.9906976094569344
-0.5786310714925964,1.745134122734335,-6.291598434967414,3.981395218913869,-0.4902682454686673,1.9916416811164719
-0.5635465924921164,1.7453292312863178,-6.292057029097555,3.9832833622329438,-0.4906584625726326,1.9922455391676708
-0.5510992187391199,1.7455054638858898,-6.292554268047801,3.9844910783353416,-0.4910109277717767,1.9920909693107625
-0.5437529459585981,1.7466509133077641,-6.291570339056212,3.984181938621525,-0.49330182661552546,1.9951629451709634
-0.540089257033121,1.7469163384795539,-6.291896619004922,3.9903258903419268,-0.49383267695910504,1.9961567127875963
-0.5306209303185936,1.7472365822647256,-6.292141765193664,3.9923134255751926,-0.49447316452944823,1.9978285254005168
-0.5237146540150395,1.7474377013913929,-6.292607235620768,3.9956570508010336,-0.4948754027827827,1.9973452318170142
-0.5185271441935058,1.7476667694279224,-6.293024323965264,3.9946904636340284,-0.495333538855842,1.9975095480447476
-0.5153572599085026,1.7479495542719679,-6.293375828948903,3.995019096089495,-0.4958991085439329,1.9967872647421465
-0.5132120328345611,1.7482241691953633,-6.2937072120975435,3.993574529484293,-0.4964483383907237,1.9974520909571112
-0.5062519376208234,1.748524760096094,-6.2939915748927335,3.9949041819142224,-0.49704952019218523,1.9971798327931751
-0.49980725327227216,1.7494019233033415,-6.293418441863427,3.9943596655863502,-0.4988038466066803,1.9976123521667997
-0.49595118838348284,1.748585779221302,-6.295413466386975,3.9952247043335993,-0.4971715584426011,1.9949393370722595
-0.48867027666779883,1.7498137701633916,-6.294325182714482,3.989878674144519,-0.49962754032678014,1.9952402384589056
-0.4949814558036332,1.7500879169647237,-6.294604403802505,3.9904804769178113,-0.5001758339294443,1.9977655054946333
-0.49468365427027017,1.7498632590281398,-6.295717381056311,3.9955310109892666,-0.4997265180562764,1.9963635200598897
-0.49486806967069086,1.7503312785885274,-6.295781835260967,3.9927270401197794,-0.5006625571770519,1.9954945709794192
-0.4967531033735817,1.751355200423387,-6.294959604176068,3.9909891419588384,-0.5027104008467711,1.9958413784801168
-0.4993588314835966,1.7518015998446679,-6.294985208918526,3.9916827569602336,-0.503603199689333,1.9971694419849868
-0.49590052791055506,1.7521934331741624,-6.295149276790872,3.9943388839699736,-0.5043868663483221,1.9985887154990367
-0.48815623349689297,1.7524041167031719,-6.29563626820944,3.9971774309980734,-0.5048082334063411,1.9976443749849806
-0.48102204042568,1.7533298629991463,-6.29496328844876,3.995288749969961,-0.50665972599829,1.9984824261959218
-0.47747663559940445,1.7538662524342366,-6.2948883370767295,3.9969648523918435,-0.5077325048684704,1.9989020149782732
-0.46919176482273883,1.7543629595526335,-6.294897215642094,3.9978040299565465,-0.5087259191052643,1.9979112382677124
-0.4590714160580571,1.7543633821696598,-6.295593210050702,3.995822476535425,-0.5087267643393167,1.9991035750428123
-0.45154301073608316,1.7552782161130758,-6.294956220139963,3.9982071500856247,-0.5105564322261485,1.9993537238751915
-0.44768189353295984,1.7559416249331046,-6.294675241870262,3.998707447750383,-0.5118832498662061,1.9989671241211315
-0.4401381461266096,1.7556883479963985,-6.295774189455228,3.997934248242263,-0.511376695992794,1.9984681232022123
-0.42802814432579606,1.755421702906538,-6.296981833778858,3.9969362464044247,-0.5108434058130731,1.9966178488086324
-0.4182002469354531,1.7554722628455233,-6.297646709447799,3.9932356976172647,-0.5109445256910438,1.9953624519468227
-0.41198182727643307,1.7558695192853244,-6.297787814320369,3.9907249038936454,-0.5117390385706463,1.9942443216681391
-0.40788613417929476,1.7560816961716472,-6.298208076649692,3.9884886433362783,-0.5121633923432919,1.994162355361977
-0.4029920785540284,1.7559499089812063,-6.299153962282435,3.988324710723954,-0.51189981796241,1.9933261632324253
-0.40087616513580393,1.756764591159833,-6.298644818668283,3.9866523264648506,-0.5135291823196637,1.9938870168940095
-0.398330052507891,1.7573757245648893,-6.298439089166129,3.987774033788019,-0.514751449129776,1.9944343856684825
-0.3978468942997315,1.758022493405642,-6.298208579846976,3.988868771336965,-0.5160449868112815,1.9949198923856317
-0.3958497792599047,1.7577750969960624,-6.299326733275148,3.9898397847712634,-0.5155501939921222,1.9946305908525417
-0.38747499242307093,1.757363153152521,-6.3006845718091045,3.9892611817050834,-0.5147263063050393,1.9939865245385044
-0.3823109596802041,1.75753642175302,-6.301144260603532,3.987973049077009,-0.5150728435060375,1.993089597779035
-0.3860717532987641,1.7572332643006825,-6.302376399513435,3.98617919555807,-0.5144665286013623,1.9920655119352293
-0.3901745504827705,1.7578203911917256,-6.302230217433725,3.9841310238704586,-0.5156407823834488,1.9923294441012773
-0.4000727484364264,1.7587657415985964,-6.301532096605025,3.9846588882025546,-0.5175314831971904,1.9933099072278908
-0.40913933855273843,1.759745732334271,-6.300778114407242,3.9866198144557816,-0.5194914646685396,1.9932054532069166
-0.41831094318535644,1.7599175656791959,-6.301247648443106,3.986410906413833,-0.5198351313583898,1.9938885047671582
-0.42308588049322626,1.7606942760811921,-6.3008017231212685,3.9877770095343164,-0.5213885521623823,1.9938810869711794
-0.4310807201102351,1.7610834503279118,-6.300966658250192,3.9877621739423588,-0.5221669006558217,1.9941628493038337
-0.4341196002356096,1.761787131442264,-6.300615676827046,3.9883256986076674,-0.523574262884526,1.9944596905409522
-0.44081524902752633,1.761927562554661,-6.301137286885556,3.9889193810819044,-0.5238551251093204,1.994085026878559
-0.44581676092069955,1.7623294214827971,-6.301259344836938,3.988170053757118,-0.5246588429655923,1.9941642776752813
-0.44956107597209893,1.7626469250368202,-6.301503939409467,3.9883285553505625,-0.5252938500736384,1.9934995646918152
-0.4497611341007586,1.7640155151526424,-6.300143886157049,3.9869991293836304,-0.5280310303052828,1.9945226856939413
-0.45115308267454246,1.7638368826061828,-6.301098798432585,3.9890453713878826,-0.5276737652123636,1.9945328838108325
-0.4428707182319691,1.7643314542728255,-6.3010309046139,3.989065767621665,-0.528662908545649,1.9957850922964775
-0.43797141486277624,1.7649310489014576,-6.30088569693176,3.991570184592955,-0.529862097802913,1.9949695361619213
-0.43000167158468816,1.7648381998106744,-6.301748561666732,3.9899390723238426,-0.5296763996213464,1.9939988026487405
-0.42134153236127414,1.7640281492684606,-6.303725513155335,3.987997605297481,-0.5280562985369189,1.9918434524832556
-0.4142143374434797,1.7639626363118655,-6.304581136477769,3.983686904966511,-0.5279252726237286,1.9908161830791773
-0.4156966548394996,1.7637505972090175,-6.305626726475514,3.9816323661583546,-0.5275011944180327,1.9897398258735504
-0.4158966121678249,1.7638599310067744,-6.30620666071832,3.9794796517471007,-0.5277198620135467,1.9888301063251252
-0.41585202839441404,1.7641046422295585,-6.306601880567711,3.9776602126502505,-0.528209284459115,1.9876745412333123
-0.41628654115087205,1.7650483019859324,-6.305915893049939,3.9753490824666247,-0.5300966039718628,1.9890683305501908
-0.4157704006685039,1.765988006739289,-6.305196189956542,3.9781366611003817,-0.531976013478576,1.9898447931464212
-0.41314673450286854,1.7659318963305621,-6.305994653597183,3.9796895862928423,-0.5318637926611225,1.9897461417981896
-0.4079126281627392,1.765718723774184,-6.307065779048318,3.9794922835963793,-0.5314374475483663,1.9882258837989264
-0.4075724878414011,1.7664019748578752,-6.306816999333473,3.976451767597853,-0.5328039497157485,1.9868516322153755
-0.4112316305817725,1.7665428044472642,-6.30733562611924,3.973703264430751,-0.5330856088945263,1.9864100965249774
-0.4140600021045868,1.7664591465558825,-6.308210485458731,3.9728201930499547,-0.5329182931117629,1.9861214531760125
-0.417527745995554,1.7668541542080598,-6.308366156920513,3.972242906352025,-0.5337083084161175,1.9853899573121527
-0.4261589833977242,1.766968460156656,-6.308896212261984,3.9707799146243055,-0.5339369203133099,1.9844804371806652
-0.43286064543064295,1.766728721774,-6.309985576483516,3.9689608743613305,-0.5334574435479976,1.9831432129194129
-0.44007526974754985,1.766694232459701,-6.31077338977002,3.9662864258388257,-0.5333884649193998,1.9819467300861129
-0.4504629053001752,1.7664322437996367,-6.31189233201186,3.9638934601722258,-0.532864487599271,1.9808931603912174
-0.4680612083177733,1.766928889811955,-6.311867409798492,3.961786320782435,-0.5338577796239077,1.9804991977452515
-0.48793526707669344,1.7673840712784141,-6.311909645429397,3.960998395490503,-0.534768142556826,1.9798239929438821
-0.5076110037923529,1.7673974862328465,-6.312615832799893,3.9596479858877642,-0.5347949724656911,1.97854171787001
-0.526808875740441,1.7682991985840157,-6.311962213826902,3.95708343574002,-0.5365983971680296,1.978868392413052
-0.5475409258952508,1.767729855560241,-6.313592057054014,3.957736784826104,-0.5354597111204801,1.9755224423743136
-0.5557983581907395,1.7683665985698422,-6.313348733640393,3.9510448847486273,-0.5367331971396827,1.9761207140755337
-0.5690609865303191,1.7675935833804637,-6.315288378032625,3.9522414281510674,-0.5351871667609254,1.972372037090254
-0.5740463923013346,1.7677962891566918,-6.315693251090347,3.944744074180508,-0.5355925783133818,1.9723756896670344
-0.5851482444526441,1.7682995855190369,-6.315629606190473,3.9447513793340687,-0.536599171038072,1.9726584395987228
-0.5967835279405946,1.7688224133181254,-6.3155370222608935,3.9453168791974456,-0.5376448266362488,1.9730383841240873
-0.6104771034853407,1.769431236563632,-6.31531686543173,3.9460767682481745,-0.5388624731272621,1.9748543118440305
-0.626246955552821,1.7694370586131598,-6.316003715187694,3.949708623688061,-0.5388741172263175,1.9746608685507767
-0.636559488538353,1.7696673639093607,-6.316373955695102,3.9493217371015534,-0.5393347278187194,1.9740105120971325
-0.6457738024671054,1.7693803668314303,-6.317521090122712,3.948021024194265,-0.5387607336628586,1.9719327086171605
-0.6554879236678408,1.7699372013367025,-6.317415980939266,3.943865417234321,-0.5398744026734028,1.9716657562549247
-0.6687355405518876,1.7701871035960635,-6.317745105274959,3.9433315125098494,-0.5403742071921246,1.9720537070660222
-0.6773215505697108,1.7701411287735749,-6.318514848092813,3.9441074141320445,-0.5402822575471476,1.9706705001800262
-0.6852464297199852,1.7707518459249787,-6.3183237995207335,3.9413410003600524,-0.5415036918499553,1.9704867971219344
-0.6949043535700596,1.7712342516367527,-6.3183186049012665,3.940973594243869,-0.5424685032735033,1.970435004249567
-0.6992429295379496,1.771685369846549,-6.318327502971521,3.940870008499134,-0.5433707396930955,1.9723426373681878
-0.7001960813518977,1.771695382138405,-6.3190126588031905,3.9446852747363756,-0.5433907642768075,1.9711973132326932
-0.6957865941753241,1.771848549355955,-6.319525724068767,3.9423946264653864,-0.5436970987119079,1.9701161445716244
-0.6935519721334966,1.7727207206550164,-6.318899950963238,3.940232289143249,-0.5454414413100307,1.9699733581179997
-0.6941630961484417,1.7726432079132473,-6.319710768992832,3.9399467162359993,-0.5452864158264924,1.9695037192998885
-0.6872571383801995,1.7724005942178394,-6.320747917609128,3.939007438599777,-0.5448011884356765,1.9684326306890694
-0.6846993382574045,1.772505811747708,-6.321294156245106,3.9368652613781387,-0.5450116234954138,1.9676037603609857
-0.6810849921970492,1.7729830816105272,-6.321240698627324,3.9352075207219714,-0.5459661632210524,1.9681884549446915
-0.6808622609693762,1.773202066595832,-6.321640254556354,3.936376909889383,-0.5464041331916619,1.9680610138339603
-0.6736024553032376,1.7729978515368998,-6.322651538633567,3.9361220276679205,-0.5459957030737979,1.9673532202230783
-0.6649051564149895,1.7729495871614331,-6.323445967630123,3.9347064404461567,-0.5458991743228644,1.9659435135530583
-0.6598674562351583,1.7728662443782457,-6.324295036926956,3.9318870271061166,-0.5457324887564894,1.9639272424321303
-0.6574380892382621,1.7724640900229025,-6.325628404586367,3.9278544848642607,-0.5449281800458032,1.961326354943598
-0.6575912747276575,1.7719348463989593,-6.327106706587431,3.922652709887196,-0.5438696927979166,1.960655661854385
-0.6592708498543018,1.772677925782301,-6.326672670418539,3.92131132370877,-0.5453558515646002,1.9610044412498995
-0.6676564639066163,1.7729869019976492,-6.326928240683171,3.922008882499799,-0.5459738039952964,1.960396835485699
-0.669553628739795,1.7734821984845168,-6.326862958164973,3.920793670971398,-0.5469643969690317,1.9609817418192756
-0.6731932385941031,1.7728935310383516,-6.328478730749213,3.9219634836385513,-0.5457870620767011,1.9579295112497657
-0.6727216625917549,1.7735226124537258,-6.328201619110413,3.9158590224995313,-0.5470452249074497,1.9585707554432972
-0.6778395068438998,1.773549162504445,-6.328843350550196,3.9171415108865943,-0.5470983250088882,1.9580480159266016
-0.6813111826080931,1.774122035004284,-6.32866417619241,3.916096031853203,-0.5482440700085659,1.9579013451208709
-0.6884899046074375,1.774265362298799,-6.329176505367937,3.9158026902417418,-0.5485307245975961,1.9573678960266003
-0.6938851213676447,1.7745733411724522,-6.32938904235565,3.9147357920532007,-0.5491466823449028,1.9592310120087075
-0.6990613305288891,1.7730516180352103,-6.332426751001036,3.918462024017415,-0.5461032360704191,1.9525355115739262
-0.6987430100540939,1.7738711728417413,-6.331839169044704,3.9050710231478525,-0.5477423456834811,1.9542613793966168
-0.7156896434119817,1.7740814989597455,-6.332209183331148,3.9085227587932336,-0.5481629979194897,1.9552060404589195
-0.7262764105959336,1.774231401807178,-6.332695534457216,3.910412080917839,-0.5484628036143548,1.9547495342935302
-0.7343590939667681,1.7745153203637494,-6.332932725192034,3.9094990685870603,-0.5490306407274975,1.955408478046236
-0.7424623436389748,1.7750679593062106,-6.332788027332241,3.910816956092472,-0.5501359186124202,1.9556426613401363
-0.7520773970844346,1.77486606984312,-6.333790451563233,3.9112853226802726,-0.5497321396862389,1.9547656605436896
-0.7578293308587316,1.7740207870856566,-6.335760737319879,3.909531321087379,-0.548041574171312,1.9531657947312413
-0.7617293165131009,1.774599300140985,-6.33561391355194,3.9063315894624826,-0.5491986002819688,1.9527256198744591
-0.7725700567314542,1.7743818581466804,-6.3366243017828525,3.9054512397489183,-0.5487637162933594,1.9521472804567994
-0.777741059877842,1.7736559842935968,-6.338436293510998,3.904294560913599,-0.5473119685871922,1.9505747598679843
-0.7804170574313156,1.7743125795203023,-6.338144540304679,3.9011495197359687,-0.548625159040603,1.9513066495513756
-0.7871301416340675,1.7737949426580506,-6.3396356135893335,3.902613299102751,-0.5475898853160994,1.9494435340741338
-0.7910507023003115,1.7743531084076183,-6.339456722930063,3.8988870681482677,-0.5487062168152349,1.9511542975977636
-0.801427788562469,1.7738271849022071,-6.340915130999509,3.902308595195527,-0.5476543698044127,1.9506463202005784
-0.8084188001586181,1.772797419344657,-6.343182093958162,3.9012926404011568,-0.5455948386893122,1.9465131833174931
-0.8134765229451641,1.7726277067853313,-6.344127231835159,3.8930263666349862,-0.5452554135706609,1.9458079530111343
-0.8284138491302198,1.772058090988358,-6.345690680347803,3.8916159060222686,-0.5441161819767144,1.944218186334431
-0.8429722463649298,1.772400019823558,-6.345868719589391,3.888436372668862,-0.5448000396471143,1.9440629033192964
-0.8652126002100058,1.7722395724601754,-6.346801231003178,3.888125806638593,-0.5444791449203489,1.9426422923614077
-0.8848166569147802,1.7720893884993694,-6.3477449501761525,3.8852845847228155,-0.5441787769987367,1.9413929910458707
-0.9064123106389337,1.7718573776244408,-6.348797281955293,3.8827859820917414,-0.5437147552488797,1.939305569711524
-0.9213270773346869,1.7720346762922325,-6.349199239004252,3.878611139423048,-0.5440693525844631,1.9386767062427117
-0.9424267504633077,1.7724312376851548,-6.349264941000836,3.8773534124854234,-0.5448624753703074,1.9399678406645908
-0.963781302852154,1.7733214581104666,-6.34861393639689,3.8799356813291817,-0.546642916220931,1.9422753682466634
-0.9845322691312317,1.7735992386573174,-6.348868544299129,3.8845507364933267,-0.5471984773146327,1.9436536623267404
-0.9997679037083271,1.7735849353897624,-6.349552406079319,3.887307324653481,-0.5471698707795226,1.9439042527173043
-1.015205028376112,1.7731617819650762,-6.350902771986712,3.8878085054346085,-0.5463235639301502,1.9426836630714415
-1.0280352456881836,1.7730496054231504,-6.351776944726907,3.885367326142883,-0.5460992108462983,1.9413461705076303
-1.0390886630585383,1.7728420960140994,-6.352773160417763,3.8826923410152605,-0.5456841920281963,1.941424187377789
-1.052943392503268,1.7723948505016565,-6.354132582514636,3.882848374755578,-0.5447897010033104,1.939996249077933
-1.0654989732449023,1.7720024726651968,-6.355403218855863,3.879992498155866,-0.5440049453303909,1.9392165493354088
-1.0762360661743005,1.7727890734338283,-6.354896740771759,3.8784330986708175,-0.5455781468676536,1.940296514092747
-1.0947362123653424,1.7726119640204698,-6.3559025548526105,3.880593028185494,-0.5452239280409367,1.9386959759594726
-1.103198829767103,1.7726162081433792,-6.356559051626416,3.8773919519189453,-0.5452324162867555,1.940216406555679
-1.1153435898165673,1.7721218381204051,-6.3579499860560755,3.880432813111358,-0.5442436762408073,1.9395416751561527
-1.1229203903560308,1.772426325297705,-6.358169060580822,3.8790833503123054,-0.5448526505954072,1.939685146012364
-1.129275379486999,1.773016636745321,-6.357957868083918,3.879370292024728,-0.5460332734906391,1.9409449961280938
-1.133122060650459,1.772807193288929,-6.358965996016766,3.8818899922561876,-0.5456143865778553,1.9388757659681095
-1.1282250112180217,1.773575550158176,-6.358475525707847,3.877751531936219,-0.5471511003163492,1.9400501082398083
-1.1279284152069105,1.7740506697465668,-6.358468859931566,3.8801002164796166,-0.5481013394931308,1.940219461412282
-1.121146650700644,1.774322309393808,-6.3587425814508665,3.880438922824564,-0.5486446187876136,1.9419980422705152
-1.1099759802800495,1.77461023425059,-6.358997636281381,3.8839960845410304,-0.5492204685011777,1.9413150148846743
-1.09572349519466,1.7739484907662395,-6.360696427392433,3.8826300297693486,-0.5478969815324767,1.9394008817001684
-1.0780254854858722,1.7743898921614318,-6.360701677177734,3.878801763400337,-0.5487797843228615,1.9408470127774473
-1.068025693638904,1.7743392446892097,-6.361474675688416,3.8816940255548946,-0.5486784893784171,1.9404388684180824
-1.0591008253541094,1.7740715117494013,-6.362534313436279,3.880877736836165,-0.5481430234988001,1.941403563470806
-1.0511651295375293,1.7732656251585455,-6.364453099810826,3.882807126941612,-0.5465312503170883,1.9386556191134876
-1.0429328081715248,1.773257924703616,-6.365173663368114,3.877311238226975,-0.5465158494072292,1.9381865248119876
-1.0383580396507588,1.7732116913335692,-6.3659560125211625,3.876373049623975,-0.5464233826671355,1.936376485596956
-1.0331161183281612,1.7736216298748477,-6.366042556885842,3.872752971193912,-0.5472432597496928,1.9361958107009605
-1.0282230193766022,1.7736750086788022,-6.366648581025955,3.872391621401921,-0.5473500173576016,1.9356427905463574
-1.0181549535255163,1.7724080640279751,-6.369284999647813,3.8712855810927147,-0.5448161280559474,1.9314249603356985
-1.0026263509754685,1.7720569206827577,-6.370490483906132,3.862849920671397,-0.5441138413655126,1.930613668961758
-0.9996807401991195,1.7723083238489556,-6.370817651256576,3.861227337923516,-0.5446166476979083,1.930617648099689
-0.9992682522497995,1.7724133413373109,-6.37133209014482,3.861235296199378,-0.5448266826746186,1.93022773744141
-0.9974871640602032,1.7730957907107876,-6.371023584354604,3.86045547488282,-0.5461915814215721,1.930689552551817
-0.9944437452728812,1.7725716805542304,-6.372495808147569,3.861379105103634,-0.5451433611084578,1.9295900171784766
-0.986595370187791,1.772516457868591,-6.373218475011933,3.859180034356953,-0.5450329157371788,1.9294948505269722
-0.9859605776945592,1.7729803486871438,-6.373193690312129,3.8589897010539445,-0.5459606973742845,1.9307817594614791
-0.9861713496279298,1.7739743920244269,-6.3723733606701085,3.8615635189229582,-0.5479487840488507,1.9321121474889893
-0.989784600715951,1.7744182115645561,-6.372391852800145,3.8642242949779786,-0.5488364231291092,1.9330104185408215
-0.9892861324695454,1.7745206748651134,-6.372916103261936,3.866020837081643,-0.5490413497302239,1.9340486347293009
-0.9873156368579323,1.7744051315108622,-6.373769124836179,3.8680972694586018,-0.5488102630217212,1.9346253002107223
-0.9860468827778472,1.7735950197024564,-6.375657248357307,3.8692506004214446,-0.5471900394049096,1.933053392897252
-0.9807132089295534,1.773480068263022,-6.376518011736937,3.866106785794504,-0.5469601365260408,1.9323860565097934
-0.9834668371532196,1.7737364149183428,-6.376779556262745,3.864772113019587,-0.5474728298366824,1.9335815788703954
-0.9877190422802089,1.7748623738539466,-6.375758100982017,3.867163157740791,-0.5497247477078903,1.9344544202036882
-0.9916566945143961,1.774506885947686,-6.376983361092781,3.8689088404073764,-0.5490137718953689,1.9343044523185302
-0.9817837085105694,1.7744026480512,-6.37780553204776,3.8686089046370604,-0.5488052961023971,1.9342766784213143
-0.9743732442516855,1.7743079860538242,-6.378621425096281,3.8685533568426287,-0.5486159721076455,1.9345222740581498
-0.967389437591053,1.7749149973096081,-6.3783663747732575,3.8690445481162996,-0.549829994619213,1.935313290011412
-0.9649304074176328,1.7742311491677247,-6.380087904543326,3.870626580022824,-0.548462298335446,1.9336991929903702
-0.9563693527487329,1.774128707877084,-6.380944891939625,3.8673983859807404,-0.5482574157541645,1.9334723232581859
-0.9468454144329685,1.7752448888542447,-6.37990742746906,3.8669446465163717,-0.550489777708486,1.9351769788650706
-0.9393372437367669,1.7756176516567193,-6.380009839680002,3.870353957730141,-0.5512353033134353,1.9359959202620205
-0.9250422599030079,1.7756100104122892,-6.380677140179698,3.871991840524041,-0.5512200208245752,1.9369491027764003
-0.9085407450219822,1.7754424476731638,-6.381651179839913,3.8738982055528006,-0.5508848953463247,1.9348688083041214
-0.8954447998421431,1.7748396562882836,-6.383271286009399,3.869737616608243,-0.5496793125765641,1.9328141404506038
-0.8797923840260147,1.774880833637278,-6.383872692983797,3.8656282809012077,-0.5497616672745532,1.9331810687166686
-0.8686120099009322,1.7754391887377938,-6.383701772754306,3.8663621374333372,-0.5508783774755847,1.9335137200462345
-0.8611869463206192,1.7750173722141966,-6.385042497889613,3.867027440092469,-0.5500347444283901,1.9308051096294991
-0.8541110033093666,1.7750140271773276,-6.385711321080482,3.8616102192589983,-0.550028054354652,1.9312863325098641
-0.8527709857774912,1.7745962972428901,-6.3870084655043575,3.8625726650197283,-0.5491925944857771,1.9304720795733274
-0.8512398419209095,1.774746093611165,-6.38743592107683,3.860944159146655,-0.5494921872223268,1.9327456413844086
-0.852904030270051,1.7749207522167056,-6.387853410449027,3.8654912827688173,-0.5498415044334082,1.9319818836117402
-0.8503763811855363,1.7759568228798543,-6.386967896639756,3.8639637672234803,-0.5519136457597055,1.9331305170187123
-0.8488590349723584,1.775164962299252,-6.388873976750699,3.8662610340374246,-0.5503299245985009,1.9300545761399088
-0.8385767906472958,1.7758857192621647,-6.388471553860098,3.8601091522798177,-0.5517714385243263,1.9304702748187808
-0.8424703382104068,1.7754644329988039,-6.389758942466063,3.8609405496375615,-0.5509288659976047,1.9292730845055421
-0.8383103007052473,1.7749959352758133,-6.391212305722073,3.8585461690110843,-0.5499918705516238,1.925957585334701
-0.8357667873131289,1.7744400349976723,-6.3927157442154074,3.851915170669402,-0.5488800699953418,1.9250624633717845
-0.835173625086906,1.774929128006636,-6.392667597831264,3.850124926743569,-0.5498582560132692,1.924567958564636
-0.8433349655179443,1.7746503553477784,-6.393747124707002,3.849135917129272,-0.549300710695554,1.924856951963985
-0.8441228262994365,1.774271397256798,-6.3950055192186746,3.84971390392797,-0.5485427945135931,1.9239235446937002
-0.845734952966982,1.7738375206554167,-6.396360323400822,3.8478470893874004,-0.5476750413108304,1.9226191895195135
-0.8555421992170933,1.7742632330567205,-6.396407996719807,3.845238379039027,-0.548526466113438,1.9243965196208739
-0.8717701100235393,1.7746750923722252,-6.396486431896956,3.8487930392417478,-0.5493501847444472,1.9239986372760873
-0.8858821326182609,1.7740272469308611,-6.398157695864536,3.8479972745521747,-0.5480544938617189,1.9214255005110419
-0.8944646978596458,1.7752359650960212,-6.396989808318364,3.8428510010220838,-0.5504719301920391,1.923009408026316
-0.907967151369725,1.7737609135782713,-6.399901300414961,3.846018816052632,-0.5475218271565392,1.9185841620281388
-0.9079552049322768,1.7739149010122783,-6.400310542598747,3.8371683240562775,-0.5478298020245536,1.922167400818405
-0.9215493607270693,1.7741763578394574,-6.400605601013004,3.84433480163681,-0.5483527156789116,1.921458914058428
-0.9324233802032138,1.7743096311602333,-6.401093938285195,3.842917828116856,-0.5486192623204635,1.921288351309905
-0.9414525460431751,1.774229364761222,-6.401900023357426,3.84257670261981,-0.5484587295224408,1.9216002013387037
-0.9470421561391538,1.7740934775042838,-6.402764172923342,3.8432004026774074,-0.5481869550085644,1.922296461530579
-0.9534548045083113,1.7733932420169904,-6.404513431836993,3.844592923061158,-0.5467864840339777,1.9200650531615486
-0.9597500457401571,1.773652057033442,-6.404791481209012,3.8401301063230973,-0.5473041140668805,1.9209683466336545
-0.977398662540649,1.7738405214723827,-6.405181310490905,3.841936693267309,-0.5476810429447618,1.9206831137709115
-0.989523717948301,1.7736383842801275,-6.406150456502067,3.841366227541823,-0.5472767685602515,1.9199331718525494
-1.003306125918579,1.7739221570401742,-6.406418940225505,3.839866343705099,-0.5478443140803448,1.9194780374495852
-1.0168792317027284,1.7741340107780919,-6.40677668427366,3.8389560748991705,-0.5482680215561803,1.9189632038640654
-1.026138698524238,1.7742458810673847,-6.407283281085166,3.8379264077281308,-0.5484917621347659,1.9188809789966486
-1.0309187423573993,1.7744334705088667,-6.407648897643698,3.837761957993297,-0.5488669410177299,1.9199892819229412
-1.0374723201835723,1.7743807130579559,-6.408426889148059,3.8399785638458823,-0.5487614261159082,1.919571534923626
-1.040559838374981,1.7743550080632262,-6.409116404515504,3.839143069847252,-0.548710016126449,1.9204342237339265
-1.0416833900729374,1.7739021196403468,-6.410479947218245,3.840868447467853,-0.5478042392806902,1.9191324705738306
-1.0392225762062015,1.774459546111807,-6.410284491810099,3.8382649411476613,-0.5489190922236105,1.920775926747132
-1.0433309664801458,1.773936613274338,-6.411744224490705,3.841551853494264,-0.5478732265486727,1.9193953977610496
-1.0434787486858648,1.7739033265116888,-6.412462073339651,3.8387907955220992,-0.5478066530233746,1.9227990265276762
-1.0438877061240825,1.773671175943284,-6.41348134116726,3.8455980530553524,-0.5473423518865648,1.9221049035628737
-1.0506123480646918,1.7738256052328862,-6.413934993960212,3.8442098071257473,-0.5476512104657695,1.9221786548161328
-1.0524137413288015,1.7739787006266827,-6.414363271283264,3.8443573096322656,-0.5479574012533626,1.9226459896991988
-1.0538968412838337,1.7738399519794408,-6.415236312411815,3.8452919793983975,-0.5476799039588786,1.922147927103402
-1.054898850690896,1.773899936262653,-6.415813247805742,3.844295854206804,-0.547799872525303,1.921095396932185
-1.0574866380508938,1.77343739949029,-6.417156146005192,3.84219079386437,-0.5468747989805769,1.91952022234891
-1.0578036672077333,1.7739382746260164,-6.4171102385872105,3.83904044469782,-0.5478765492520299,1.919786156021093
-1.0617840155126332,1.773102795616803,-6.41901508270154,3.839572312042186,-0.5462055912336033,1.917112250557095
-1.056187820387919,1.7725318992335195,-6.420568651854039,3.83422450111419,-0.5450637984670361,1.9150163708063865
-1.0562719535935736,1.7714794724605174,-6.422772791525512,3.830032741612773,-0.542958944921032,1.9129165338700598
-1.0587753215865092,1.7713044104733555,-6.423705242604045,3.8258330677401196,-0.5426088209467085,1.9134206654383787
-1.0671870472706955,1.7724147020107468,-6.422706678886037,3.8268413308767575,-0.5448294040214912,1.916343219404177
-1.0810614365283877,1.7724665810197773,-6.423323736304097,3.832686438808354,-0.544933162039552,1.916362338922573
-1.0869094322577606,1.7724013858015741,-6.424096406654993,3.832724677845146,-0.5448027716031458,1.9154387657654048
-1.0926797579842438,1.7724098894524034,-6.42476951149128,3.8308775315308097,-0.5448197789048043,1.91555816793996
-1.0998111140776938,1.7717271617126105,-6.426491693206936,3.83111633587992,-0.5434543234252184,1.9130760041813826
-1.1047744043339423,1.771845637145603,-6.427016552132784,3.826152008362765,-0.5436912742912033,1.9126631435653283
-1.1147756027491713,1.7726083144405327,-6.4265359173227035,3.8253262871306566,-0.5452166288810625,1.9157465232581865
-1.1234522715573574,1.772973916893681,-6.426684023387178,3.831493046516373,-0.5459478337873588,1.9156950049211914
-1.1297415607550487,1.7721253485646091,-6.428640419641647,3.8313900098423828,-0.5442506971292153,1.915469208492621
-1.1283268899433185,1.7729843041879305,-6.4280117721822805,3.830938416985242,-0.545968608375858,1.91659431083959
-1.1348824147260297,1.7728679377535645,-6.42887723415361,3.83318862167918,-0.5457358755071262,1.9160726763757183
-1.1328128069423196,1.771543212152107,-6.431527780568683,3.8321453527514366,-0.5430864243042114,1.9136827187294696
-1.12893328690922,1.7708720353298892,-6.4332075291362125,3.827365437458939,-0.5417440706597759,1.9119992698810582
-1.1334008183226487,1.7715013934196806,-6.432936248083653,3.8239985397621163,-0.5430027868393588,1.9133274081779066
-1.1434982398413371,1.771393646596743,-6.433828196771552,3.826654816355813,-0.5427872931934837,1.9114546722421333
-1.148408621596257,1.772018471027968,-6.433566634337112,3.8229093444842666,-0.5440369420559339,1.9125007308142463
-1.1532725482277524,1.772466703845083,-6.433554476516062,3.8250014616284926,-0.5449334076901635,1.9141353213200718
-1.156794590732912,1.77206351650718,-6.434796382859116,3.8282706426401436,-0.5441270330143579,1.9135663706483583
-1.1515904103554195,1.7723548231591593,-6.435004077578379,3.8271327412967167,-0.5447096463183165,1.914732076092678
-1.1470753688018371,1.7717538067712948,-6.43654545765724,3.829464152185356,-0.5435076135425876,1.914441197195871
-1.1336122338745769,1.7716305577582119,-6.437402760731438,3.828882394391742,-0.5432611155164218,1.9140072649989874
-1.1231423905953672,1.7714808400112536,-6.438305967151326,3.828014529997975,-0.5429616800225053,1.9129662428996967
-1.1194516606337244,1.7715052554286288,-6.438952470058089,3.8259324857993935,-0.5430105108572557,1.9128046593594525
-1.1171159178963963,1.7726401318443223,-6.437907301733762,3.825609318718905,-0.5452802636886428,1.914945125673558
-1.1170522480997747,1.7715854607072408,-6.440163450737315,3.829890251347116,-0.5431709214144799,1.9115524422904686
-1.1049558565970443,1.7721174286690027,-6.440021923777552,3.8231048845809372,-0.5442348573380037,1.9138737880430976
-1.0984614702057929,1.7720357858815454,-6.4408272858515705,3.827747576086195,-0.5440715717630892,1.9143291798760294
-1.0881700442084474,1.772271253510423,-6.441129781802435,3.8286583597520587,-0.5445425070208445,1.9142444351167214
-1.0833529703799751,1.7713957668575744,-6.443102354533925,3.8284888702334428,-0.5427915337151471,1.913020886304921
-1.0765509185358608,1.7710401364982655,-6.444315511624675,3.826041772609842,-0.5420802729965295,1.9115721315981635
-1.0712629701702614,1.7701678328306176,-6.446352930568946,3.823144263196327,-0.5403356656612339,1.9076363754813073
-1.0712923396162806,1.7681958063981902,-6.450000837319115,3.8152727509626145,-0.536391612796379,1.9009168514870791
-1.0723320205509035,1.7681840783383673,-6.450698435337746,3.8018337029741582,-0.5363681566767331,1.9018593520605815
-1.0810588883888421,1.7683223247046729,-6.451177597266881,3.803718704121163,-0.5366446494093443,1.9014189251919213
-1.0871308827258552,1.7689523258445872,-6.4509044663306385,3.8028378503838427,-0.537904651689173,1.9022660095403003
-1.0972908690539036,1.7686346423923682,-6.451991164886891,3.8045320190806007,-0.5372692847847352,1.9020623169797284
-1.101342785364074,1.7686234741275302,-6.452669569311403,3.8041246339594568,-0.5372469482550591,1.9021613106044317
-1.111217584741203,1.7692224864940311,-6.452437164581077,3.8043226212088634,-0.5384449729880612,1.9028565645807554
-1.1252181590717507,1.7697660288999155,-6.452243469796951,3.8057131291615107,-0.53953205779983,1.9062625406533908
-1.1340305710977097,1.7687841811496718,-6.454393399985872,3.8125250813067817,-0.5375683622993427,1.9047276309573276
-1.1376616638918726,1.7678696139372279,-6.4564518546527845,3.809455261914655,-0.5357392278744545,1.9025339876816447
-1.143217612330563,1.7680989718876874,-6.456808635421256,3.8050679753632894,-0.5361979437753737,1.9022548611450585
-1.1553593341865405,1.767268265066917,-6.458744667995922,3.804509722290117,-0.5345365301338328,1.9013406726730462
-1.1628869020008494,1.7667064110347306,-6.460252196005693,3.8026813453460924,-0.5334128220694601,1.9008931231664277
-1.1751625188782224,1.7665822259095514,-6.461107330926724,3.8017862463328553,-0.5331644518191018,1.9005969391824482
-1.1978077949615713,1.7651884797887663,-6.463853487862804,3.8011938783648964,-0.5303769595775316,1.8971167496354058
-1.212853743189429,1.7647116105145562,-6.465259079893409,3.7942334992708115,-0.5294232210291114,1.8962031279155853
-1.2393554205863424,1.7643983472026972,-6.466395812647402,3.7924062558311706,-0.5287966944053933,1.8956936663460426
-1.2680667746746739,1.764397840524852,-6.46708490522836,3.7913873326920853,-0.5287956810497029,1.8958551568283581
-1.3001186288228146,1.7643992551318093,-6.467749928771168,3.7917103136567163,-0.5287985102636177,1.8977006558273408
-1.3276275103451347,1.7640954395339163,-6.468884800464604,3.7954013116546816,-0.5281908790678318,1.8981600377798746
-1.3521103405158685,1.7645397323250442,-6.468866560309212,3.7963200755597493,-0.5290794646500875,1.8988197102839297
-1.3752483538038112,1.7638636737772202,-6.470519843012205,3.7976394205678594,-0.5277273475544394,1.897648840902747
-1.3836126035696408,1.7634960643609416,-6.471728773996953,3.795297681805494,-0.5269921287218821,1.8989324217700339
-1.3953037612783596,1.7642537625424095,-6.471276341975426,3.7978648435400677,-0.5285075250848179,1.899795044534039
-1.4116823139412826,1.764044549033828,-6.472264047560397,3.799590089068078,-0.5280890980676547,1.8993327241734237
-1.4242107635813408,1.7638330029283462,-6.473242323446214,3.7986654483468474,-0.5276660058566912,1.9006151655215513
-1.435482289862808,1.7629206519673377,-6.475270447159211,3.8012303310431026,-0.5258413039346743,1.898902870840595
-1.4452923084513154,1.7635795238310823,-6.474962429588832,3.79780574168119,-0.5271590476621634,1.9026343908075953
-1.4660613665698436,1.763388393843342,-6.475926774705257,3.8052687816151907,-0.5267767876866823,1.9023959007198383
-1.483346992393919,1.7635269249596273,-6.476387196635901,3.8047918014396767,-0.527053849919253,1.9039306333988437
-1.4969216123700102,1.763330622772094,-6.477382901135101,3.8078612667976874,-0.5266612455441861,1.903874060287772
-1.5036114792384536,1.763641862036608,-6.477595207409723,3.807748120575544,-0.5272837240732144,1.9050434234293672
-1.5130257367301834,1.7627215028949401,-6.479630497312756,3.8100868468587343,-0.5254430057898783,1.9058814914106768
-1.512794703448133,1.7621052959858607,-6.481232468196426,3.8117629828213535,-0.5242105919717195,1.906097651058451
-1.5141543335543846,1.7620201405204416,-6.481999042069525,3.812195302116902,-0.5240402810408811,1.9086189447402608
-1.5185351709717922,1.7619894265419507,-6.482708218306745,3.8172378894805217,-0.5239788530838992,1.909301060461979
-1.5161242997607518,1.7626801674506307,-6.4823830769618445,3.818602120923958,-0.5253603349012594,1.909979609649543
-1.5125155275033304,1.7612657160179006,-6.485237849924841,3.819959219299086,-0.5225314320357992,1.9067906549847158
-1.497514316480122,1.7614479338531042,-6.485626408119503,3.8135813099694316,-0.5228958677062062,1.9093262702663487
-1.4927074879494615,1.761567100544618,-6.486122588068141,3.8186525405326974,-0.523134201089234,1.909560287740904
-1.4863398647102848,1.761537253189416,-6.4868281283784155,3.819120575481808,-0.5230745063788298,1.9102049137715476
-1.4770795627305482,1.7612913521830675,-6.487894035464047,3.820409827543095,-0.5225827043661326,1.90975904029309
-1.4695590050734566,1.7610573424389477,-6.488938305487743,3.81951808058618,-0.5221146848778929,1.9095914924184036
-1.4597802676525218,1.761160620797129,-6.489487928733082,3.8191829848368073,-0.5223212415942555,1.9093019783354352
-1.4500107442180177,1.762437629938795,-6.488273663278206,3.8186039566708705,-0.524875259877587,1.9103673995394594
-1.4468075495222985,1.76251287420263,-6.48883676404608,3.820734799078919,-0.525025748405257,1.910638208821659
-1.4318731747259328,1.7624879165475695,-6.489561726312123,3.821276417643318,-0.5249758330951362,1.9114617673840137
-1.415196792341944,1.7618957468309415,-6.491126155203437,3.8229235347680275,-0.5237914936618804,1.9107997250208537
-1.392875422748567,1.7619546953410143,-6.4917407602455,3.8215994500417074,-0.5239093906820261,1.9119961739073545
-1.3788795050140559,1.7612699542393158,-6.493464232863425,3.823992347814709,-0.5225399084786289,1.9110056217586833
-1.3619717136962146,1.761180747565382,-6.494313256201961,3.8220112435173665,-0.5223614951307615,1.910837945290596
-1.3509282618043237,1.7609335134613893,-6.495358241591086,3.821675890581192,-0.5218670269227761,1.9116251888493432
-1.3393603869691182,1.7608377213074378,-6.49616585933027,3.8232503776986864,-0.5216754426148729,1.9131767195414136
-1.3315111321068898,1.7611031271346103,-6.49648520146818,3.826353439082827,-0.522206254269218,1.914503449713339
-1.3210285131069455,1.7605537441811359,-6.498013940019223,3.829006899426678,-0.5211074883622694,1.9146385825140564
-1.3045648026861665,1.7604925896409982,-6.498815616653106,3.8292771650281128,-0.5209851792819942,1.9144188037225167
-1.2921001349704975,1.7593777643989132,-6.501205937632046,3.8288376074450334,-0.5187555287978243,1.9109227416219308
-1.2777036014531973,1.7588287462956258,-6.502747943893807,3.8218454832438615,-0.5176574925912492,1.910199383520736
-1.2743794201080023,1.7584565182056602,-6.503970368738633,3.820398767041472,-0.5169130364113179,1.911092729060487
-1.2682889212868549,1.7589771440063346,-6.503879689567237,3.822185458120974,-0.5179542880126669,1.912295206507812
-1.2677900442542835,1.7590696291919476,-6.504444036195915,3.824590413015624,-0.5181392583838929,1.9149288058053238
-1.2645966704561848,1.7588695490791657,-6.50543095074236,3.8298576116106475,-0.5177390981583291,1.9146902986220993
-1.2606175449192047,1.7590348763250103,-6.5058649994097895,3.8293805972441985,-0.5180697526500182,1.916497222832131
-1.2578769698084802,1.7584739071668494,-6.507398328362431,3.832994445664262,-0.5169478143336963,1.916217872860343
-1.2518083146604795,1.7582778321332717,-6.508424671222161,3.832435745720686,-0.5165556642665408,1.9152238456454795
-1.2504263967736513,1.7583730210991648,-6.508967978694635,3.830447691290959,-0.5167460421983268,1.9157578243900277
-1.2588706377783447,1.7592007405381864,-6.508449547870558,3.8315156487800555,-0.5184014810763701,1.9164823699939584
-1.269543004674568,1.7589331514230218,-6.509505790749919,3.8329647399879168,-0.5178663028460406,1.9167226825110262
-1.2732799562812591,1.7590225096973882,-6.5100815314753415,3.8334453650220524,-0.5180450193947733,1.9181873143092334
-1.2766876731563812,1.7588953146666302,-6.510981256796526,3.836374628618467,-0.5177906293332573,1.9180434438283311
-1.2797324138629893,1.7585147170403188,-6.512280411870067,3.8360868876566623,-0.5170294340806345,1.9170299311845111
-1.2797179420870188,1.7582547451316524,-6.513347905072015,3.8340598623690223,-0.5165094902633015,1.9160486484043193
-1.2817375145456342,1.7589765727471094,-6.512962796555207,3.8320972968086386,-0.5179531454942158,1.9183314993432607
-1.2864660639416234,1.7590160536098571,-6.513586518941839,3.8366629986865215,-0.5180321072197112,1.919099523547629
-1.2852079827528557,1.7581358289934952,-6.515638646917403,3.838199047095258,-0.5162716579869875,1.9160797974648986
-1.282941540088923,1.7580252353300452,-6.516491971974074,3.8321595949297973,-0.5160504706600876,1.9169204726591187
-1.2842827175035527,1.757870851999399,-6.5174217364962,3.8338409453182374,-0.5157417039987954,1.9186671453742377
-1.285836786226386,1.7573418584548879,-6.518923756781224,3.8373342907484753,-0.5146837169097731,1.9173669308499435
-1.28199410328868,1.7570023202460154,-6.520065448041682,3.834733861699887,-0.5140046404920282,1.9199756349690655
-1.2786123018659659,1.7571967810852573,-6.520499304418754,3.839951269938131,-0.514393562170512,1.9194719960636697
-1.2763212653943468,1.7570078988039604,-6.521479605026618,3.8389439921273394,-0.5140157976079179,1.9193458696687824
-1.2749085147343822,1.757593429867698,-6.521296817051088,3.838691739337565,-0.5151868597353935,1.920548504522688
-1.2768826041106722,1.7575355553342646,-6.522069600038465,3.841097009045376,-0.5150711106685266,1.9207139542660752
-1.2730693664257213,1.7584020351867158,-6.521492241968028,3.8414279085321503,-0.5168040703734289,1.9219970599382081
-1.2726778526453302,1.7584635158653072,-6.522099286054366,3.8439941198764163,-0.5169270317306116,1.9236116107339052
-1.2626775786396909,1.7578043385485826,-6.523817960630746,3.8472232214678104,-0.5156086770971623,1.921941177509763
-1.2495051940836097,1.7582082962127537,-6.523904423118278,3.843882355019526,-0.5164165924255045,1.922297432100487
-1.2427241431627092,1.7580105831361128,-6.524910655225166,3.844594864200974,-0.5160211662722228,1.9217743192456027
-1.236927941437461,1.7564506470648746,-6.527988376891262,3.8435486384912054,-0.5129012941297466,1.917150788630041
-1.2274402453464024,1.7560771435310059,-6.529282673976409,3.834301577260082,-0.5121542870620092,1.9172654063908336
-1.2286324194741,1.7557525716779065,-6.530448903627765,3.8345308127816673,-0.5115051433558103,1.917514987632111
-1.2313585167850247,1.7554798115396764,-6.531562982606763,3.835029975264222,-0.51095962307935,1.9176595982146962
-1.2340683415211897,1.755647957749189,-6.532089712485653,3.8353191964293925,-0.5112959154983752,1.9180647295690247
-1.2380163577323335,1.7549148094919422,-6.533892898827787,3.8361294591380495,-0.5098296189838816,1.9188680720746005
-1.243039930940962,1.7551250027900656,-6.53424812002306,3.837736144149201,-0.5102500055801285,1.9205821149644404
-1.254368489852002,1.7545903375325846,-6.535796659600132,3.841164229928881,-0.5091806750651664,1.9207015576179745
-1.2585845656822992,1.7551356842927035,-6.535709946228333,3.841403115235949,-0.510271368585404,1.9213344797771823
-1.2676958100678188,1.7553618161546471,-6.536099954011178,3.8426689595543646,-0.5107236323092915,1.92232745448269
-1.2723928712979964,1.7552292883988934,-6.536972678761424,3.84465490896538,-0.5104585767977841,1.9237594122878412
-1.272533182096577,1.7552140578856874,-6.5376593359772635,3.8475188245756824,-0.5104281157713723,1.9249838413754226
-1.2720046210903933,1.7549796112646843,-6.538734720716656,3.849967682750845,-0.5099592225293659,1.924873937229054
-1.2720068309793033,1.7547107312480692,-6.539859591288122,3.849747874458108,-0.5094214624961357,1.9259175470875975
-1.2721917631706532,1.7547955087669784,-6.540429947046985,3.851835094175195,-0.509591017533954,1.9291290800015797
-1.277862027913942,1.7551039439239033,-6.5406645958880105,3.8582581600031594,-0.5102078878478038,1.932908161895682
-1.2834121036148245,1.7549851972097237,-6.541579525003376,3.865816323791364,-0.5099703944194446,1.9330038974219887
-1.2911262261128433,1.7552628155387537,-6.541902896900561,3.8660077948439775,-0.5105256310775045,1.9333397154698466
-1.300788701956617,1.7552061448507092,-6.542685792279988,3.8666794309396932,-0.5104122897014154,1.9351210765650653
-1.3049543506070407,1.7549886187289687,-6.5436723068108416,3.8702421531301305,-0.5099772374579343,1.935148356984218
-1.3111373632655337,1.754633660008532,-6.5449438814351275,3.870296713968436,-0.5092673200170609,1.9337238702571595
-1.3169016784116145,1.7546144227937182,-6.545715999322459,3.867447740514319,-0.5092288455874334,1.9333137984262851
-1.3179543169249905,1.7546812222609813,-6.546328897714082,3.8666275968525703,-0.50936244452196,1.9346825943924324
-1.3173111283536798,1.7548638728312893,-6.546755992463678,3.869365188784865,-0.5097277456625758,1.9367970620112747
-1.3148186499983838,1.7544418931030286,-6.548098000153634,3.8735941240225493,-0.5088837862060545,1.9358556923961747
-1.3083086765160425,1.7538596092970444,-6.5496967830124735,3.8717113847923494,-0.5077192185940861,1.9341574460731055
-1.304207578173644,1.7537955778350678,-6.550502072103484,3.868314892146211,-0.5075911556701329,1.935618306490527
-1.3005824368891208,1.754082930024306,-6.550784270536682,3.871236612981054,-0.5081658600486094,1.9364981618135682
-1.299154731550571,1.7539446441561468,-6.551696804541871,3.8729963236271363,-0.5078892883122911,1.9359394967991355
-1.2924465139295158,1.7534077200003038,-6.553213842057199,3.871878993598271,-0.5068154400006051,1.934905708739985
-1.2883303121298768,1.7535563166972277,-6.553680127327954,3.86981141747997,-0.5071126333944528,1.9364538806849552
-1.2897617136051833,1.7540514531281912,-6.553653611728185,3.8729077613699103,-0.50810290625638,1.9372769251168673
-1.2905901669152904,1.7534225922976983,-6.5553441422862555,3.8745538502337347,-0.5068451845953941,1.9355703358465601
-1.2858387244312715,1.7536017313060128,-6.55579503112363,3.8711406716931203,-0.5072034626120232,1.9371379811718534
-1.285015127254547,1.7535210980683664,-6.556652518801679,3.874275962343707,-0.5070421961367304,1.9372383071062695
-1.2812410255784794,1.7538859348105247,-6.5568288746786925,3.874476614212539,-0.5077718696210468,1.9385241998421832
-1.279446872743474,1.7533202210697019,-6.5584124415085,3.8770483996843663,-0.5066404421394012,1.9392427977853763
-1.27503325434993,1.7531404522044385,-6.559409576640145,3.8784855955707527,-0.5062809044088742,1.938679677292099
-1.273796717520348,1.7533593502313878,-6.559825256481884,3.877359354584198,-0.5067187004627727,1.938045567488069
-1.2759816207401409,1.753732043632388,-6.560004913232812,3.876091134976138,-0.5074640872647731,1.9389053055199013
-1.277221402398217,1.7534845743686132,-6.561080991632326,3.8778106110398025,-0.5069691487372233,1.9386338492340518
-1.2739662944137065,1.7535411175684517,-6.561732524967528,3.8772676984681036,-0.5070822351369001,1.9382033896414506
-1.271015792556189,1.7537521183428577,-6.562162328811646,3.876406779282901,-0.5075042366857121,1.9379656491951782
-1.2681790824746155,1.753742368998531,-6.562945568506831,3.8759312983903564,-0.5074847379970585,1.9368024102315313
-1.2641481147447982,1.7531754660185093,-6.564568238416999,3.8736048204630626,-0.506350932037015,1.9341436209683514
-1.259861130158325,1.75361554010288,-6.5645957763814105,3.8682872419367027,-0.5072310802057564,1.9356170460854043
-1.2589968874295083,1.7537300992033766,-6.565161687915521,3.8712340921708086,-0.5074601984067499,1.935602852791449
-1.2522011153238601,1.753908066819238,-6.5656172059006295,3.871205705582898,-0.5078161336384728,1.9360481549489135
-1.2447806060524096,1.7532681762667044,-6.567321606967929,3.872096309897827,-0.5065363525334056,1.9342605669474202
-1.2360024990476628,1.7535584236463817,-6.567610532340841,3.8685211338948404,-0.5071168472927604,1.9351573852573216
-1.2321192234034335,1.7536232756417185,-6.56824377025321,3.8703147705146432,-0.507246551283434,1.935762044120863
-1.2236565807128397,1.753253189245453,-6.569547927803865,3.871524088241726,-0.5065063784909031,1.9346748065855937
-1.2146667277575203,1.7529830631532106,-6.5707190626644385,3.8693496131711873,-0.5059661263064181,1.9333127065079905
-1.2105542076723124,1.7532717786754817,-6.57103303667657,3.866625413015981,-0.5065435573509602,1.9345034286542049
-1.2063387495093796,1.753059647062711,-6.572075152534146,3.8690068573084098,-0.5061192941254187,1.9359025627534903
-1.2004993952552852,1.753090278170833,-6.572744542990401,3.8718051255069805,-0.506180556341663,1.9363796565706946
-1.1961224493332834,1.7523770939895278,-6.574521133963174,3.872759313141389,-0.5047541879790525,1.9351070259011511
-1.1918625837498755,1.7524238683475808,-6.575168714263057,3.8702140518023023,-0.5048477366951584,1.936005106317473
-1.1903777549863985,1.752452246889458,-6.575886822601806,3.872010212634946,-0.504904493778913,1.9362562526398555
-1.187867617797437,1.752810143283088,-6.576062054366054,3.872512505279711,-0.505620286566173,1.936468703419771
-1.1874298539706434,1.7520753244638096,-6.577934039720356,3.872937406839542,-0.5041506489276163,1.934511362687776
-1.1845081182776793,1.7518849145195672,-6.578955579586762,3.869022725375552,-0.5037698290391313,1.9342248474557844
-1.1855034115125873,1.751882347647625,-6.579667233217267,3.8684496949115688,-0.503764695295247,1.9346066755349722
-1.188467360579458,1.75182503581739,-6.5804440096562615,3.8692133510699445,-0.5036500716347766,1.9357539100499315
-1.1926420166269747,1.7519862766407879,-6.580919655876479,3.871507820099863,-0.5039725532815728,1.9368502015566047
-1.1977881854651509,1.7525870251986218,-6.580778161002893,3.8737004031132094,-0.5051740503972405,1.9373104296001407
-1.2005858421251858,1.7524572487606003,-6.58167145659882,3.8746208592002813,-0.5049144975211977,1.9370666805608163
-1.2008906344007722,1.752405506335927,-6.582480584569823,3.8741333611216326,-0.504811012671851,1.9368711260845106
-1.2027607144223467,1.7512565219293652,-6.584965214290372,3.8737422521690212,-0.5025130438587275,1.932720903542134
-1.2031872822384662,1.7518975070471832,-6.584724648641914,3.865441807084268,-0.5037950140943632,1.934741836809888
-1.210521722103742,1.752334077807776,-6.584801122727163,3.869483673619776,-0.5046681556155488,1.9366322361578734
-1.215490050246224,1.7522411166789744,-6.585679351737035,3.8732644723157468,-0.5044822333579453,1.9365489807973775
-1.2172154890171534,1.752611361049777,-6.585904845754171,3.873097961594755,-0.5052227220995508,1.935695940354416
-1.2187277603539473,1.7528595275300634,-6.586272196832053,3.871391880708832,-0.5057190550601233,1.9366015722318937
-1.2166812347130103,1.7528084186856445,-6.587090642161119,3.8732031444637873,-0.5056168373712854,1.935779956037393
-1.2140939001000737,1.752459351364842,-6.588351276342387,3.871559912074786,-0.5049187027296806,1.9352528381789247
-1.209945241559998,1.7525463190473782,-6.588896694999615,3.8705056763578494,-0.5050926380947528,1.9371079883649376
-1.2088068643355374,1.7524945381271655,-6.58969496752335,3.874215976729875,-0.5049890762543273,1.937324369939033
-1.2033569146297989,1.7522797460981416,-6.5907776117780665,3.874648739878066,-0.5045594921962795,1.936183704145562
-1.1979256063492976,1.7520523106584045,-6.591847814591312,3.872367408291124,-0.5041046213168051,1.9353436902439658
-1.1936870349778985,1.7516795991246437,-6.593141949793919,3.8706873804879316,-0.5033591982492833,1.9343027578667433
-1.1920801520380122,1.7516151123382648,-6.593951731762452,3.8686055157334867,-0.5032302246765256,1.934955192740044
-1.1895595082017723,1.7519165226777147,-6.594186468962073,3.869910385480088,-0.5038330453554254,1.9361289161941184
-1.1873374622510964,1.7518193854969195,-6.595086115781157,3.872257832388237,-0.5036387709938349,1.9342822083211075
-1.1824596323687508,1.7523997949905812,-6.5949057855982955,3.868564416642215,-0.5047995899811584,1.936659941860158
-1.179546636053411,1.752818757485096,-6.595035529511278,3.873319883720316,-0.505637514970188,1.937351676072778
-1.1739062904110265,1.7508171869404276,-6.598817011416558,3.874703352145556,-0.5016343738808515,1.9312895107277985
-1.163257355486528,1.7515721716273982,-6.598427024895505,3.862579021455597,-0.5031443432547925,1.932176801624099
-1.1678153773917934,1.7524935780838735,-6.597772210105314,3.864353603248198,-0.5049871561677429,1.935331723980434
-1.1685236757465427,1.752917587492115,-6.597866387494787,3.870663447960868,-0.505835174984226,1.9370019195298274
-1.1575901307814185,1.753030221525879,-6.598453300908858,3.8740038390596547,-0.5060604430517542,1.9367549887471125
-1.1471595281718,1.7532992900554276,-6.598782005747267,3.873509977494225,-0.5065985801108513,1.9380981776255675
-1.139002972322233,1.7533298666318093,-6.599509542877463,3.876196355251135,-0.506659733263615,1.9366437136417036
-1.1285106164370315,1.7529452788158717,-6.600820865259149,3.8732874272834072,-0.5058905576317396,1.935335221522628
-1.118994307558908,1.7529275762204,-6.601575011080137,3.870670443045256,-0.5058551524407963,1.9362351229827064
-1.1137941726067142,1.75280015711944,-6.60248123736422,3.872470245965413,-0.5056003142388765,1.9365916152803082
-1.1084008194851975,1.752395500246597,-6.603847080762325,3.8731832305606164,-0.5047910004931905,1.9352107529329077
-1.1014362533578357,1.7525831481310565,-6.604325772080221,3.8704215058658153,-0.5051662962621096,1.9351741078730023
-1.0986235303969298,1.7522026684968177,-6.605670481137016,3.8703482157460045,-0.5044053369936319,1.9336153377195495
-1.093412500626485,1.7526748198623339,-6.60568235070345,3.867230675439099,-0.5053496397246642,1.9348342449393165
-1.091435725348238,1.7532844212426866,-6.605506537265988,3.869668489878633,-0.5065688424853696,1.9356915179853136
-1.0864192445819896,1.7536689182201994,-6.605669627724294,3.871383035970627,-0.5073378364403953,1.9381064933840237
-1.0760033903634048,1.753463568714373,-6.606708643864174,3.8762129867680475,-0.5069271374287423,1.9378569949067899
-1.0620450743117518,1.7528644525774144,-6.608342021031529,3.8757139898135797,-0.5057289051548255,1.9355423776039968
-1.0499492227997802,1.752418754846129,-6.609720472693053,3.8710847552079937,-0.5048375096922544,1.9369413314977917
-1.0409532120760305,1.7526800339829283,-6.610085711787169,3.8738826629955834,-0.505360067965853,1.9369063006874068
-1.0392398423476763,1.7525093943152132,-6.611089110058183,3.8738126013748135,-0.5050187886304229,1.936726818076906
-1.037639592967003,1.7522897653445375,-6.612161974343493,3.873453636153812,-0.5045795306890716,1.937230901636208
-1.0283166804846875,1.7509775028317238,-6.614871893544047,3.874461803272416,-0.5019550056634442,1.935805462559214
-1.0217245554590102,1.751860834983296,-6.614252632656486,3.871610925118428,-0.5037216699665884,1.937558687579257
-1.032056064630325,1.7515399598940389,-6.615460334116085,3.875117375158514,-0.5030799197880739,1.9388196358460477
-1.0371224934419967,1.7511236745815417,-6.6167826174096405,3.8776392716920953,-0.5022473491630797,1.939519435673459
-1.0444468632753932,1.7515423584430514,-6.616937739342777,3.879038871346918,-0.5030847168860992,1.9383503374135935
-1.0574853941217688,1.7517555482846634,-6.617366501072818,3.876700674827187,-0.5035110965693232,1.9389973485713778
-1.068279410531968,1.7518479855995692,-6.617972754015419,3.8779946971427557,-0.5036959711991347,1.9397044562280485
-1.07600074396057,1.7519916003698885,-6.6184696628013615,3.879408912456097,-0.5039832007397732,1.9397075232687155
-1.0834721712107402,1.7520404859881475,-6.619126411024022,3.879415046537431,-0.5040809719762914,1.9391950779612235
-1.0894326250880138,1.751582705464926,-6.6205234842453775,3.878390155922447,-0.5031654109298481,1.9388066525074634
-1.091995205949095,1.7518208546230856,-6.620901922058964,3.877613305014927,-0.5036417092461675,1.9393407930419602
-1.0995111607593246,1.7513812140781797,-6.622321025775579,3.8786815860839203,-0.5027624281563557,1.937270396557464
-1.1022493958323079,1.7506706460820352,-6.624121424236516,3.874540793114928,-0.5013412921640669,1.934725931661136
-1.1089808624349216,1.7509249272754932,-6.624510090424089,3.869451863322272,-0.5018498545509829,1.9342126383173803
-1.124764791788163,1.75098610800488,-6.625192834361612,3.8684252766347607,-0.5019722160097564,1.9344701821500252
-1.1407582871124182,1.7510728667400743,-6.62578676852607,3.8689403643000504,-0.5021457334801449,1.9351455297552416
-1.1554517675306109,1.7506207818017883,-6.6272145249392596,3.870291059510483,-0.5012415636035727,1.9358124346379826
-1.1652629180656318,1.7516639119977446,-6.626372321549431,3.871624869275965,-0.5033278239954855,1.9383273148654125
-1.1786355239983628,1.7510418578979419,-6.62806593835944,3.876654629730825,-0.5020837157958798,1.9379870752749342
-1.1830152728825718,1.7517288302976683,-6.627749106525219,3.8759741505498684,-0.503457660595333,1.9406051975871454
-1.1925480458184055,1.752243400887378,-6.627719019627878,3.881210395174291,-0.504486801774752,1.940174474711349
-1.1964598416008414,1.7524499136857112,-6.628143434671922,3.880348949422698,-0.5048998273714185,1.941346267011087
-1.1903918756715575,1.7527140726218482,-6.628453749482773,3.882692534022174,-0.5054281452436925,1.9422629919038208
-1.187893031492524,1.7523469016138373,-6.629760288211493,3.8845259838076416,-0.504693803227671,1.94068388763003
-1.1804118291804917,1.7521892992876662,-6.630692477655458,3.88136777526006,-0.5043785985753285,1.943222437058345
-1.1729057490007975,1.752530353093227,-6.630907682684195,3.88644487411669,-0.5050607061864502,1.9440299548809656
-1.169277166423301,1.7529834096864534,-6.630940369738291,3.8880599097619313,-0.5059668193729028,1.9483539664558058
-1.164984154300872,1.7527377598940412,-6.632052932421141,3.8967079329116117,-0.5054755197880786,1.948358343213709
-1.1567476455726782,1.753000945346298,-6.632367495938011,3.896716686427418,-0.506001890692592,1.950210831866721
-1.15156966543368,1.752367096072858,-6.634085437072487,3.900421663733442,-0.5047341921457116,1.9475798249351144
-1.1428070781473272,1.7520463822447319,-6.6353644756030015,3.895159649870229,-0.5040927644894597,1.9462972408693047
-1.135476636350627,1.7523663216113554,-6.635583707783514,3.8925944817386093,-0.504732643222707,1.9466578855139924
-1.1325503237521533,1.752198031680708,-6.636598377288847,3.893315771027985,-0.5043960633614121,1.9451467583482924
-1.124446329009115,1.7522453798108357,-6.637285822613541,3.890293516696585,-0.5044907596216676,1.9447593107229706
-1.1142563627404911,1.7522477628231814,-6.638036520967191,3.889518621445941,-0.5044955256463589,1.9457526135243588
-1.1050073496454011,1.7522417008906472,-6.638799106563195,3.8915052270487176,-0.5044834017812905,1.945196789780493
-1.096075140887601,1.7523341024618053,-6.639414590749191,3.890393579560986,-0.5046682049236068,1.9469532071172224
-1.0879617950905116,1.7520112689572558,-6.64064684149241,3.893906414234445,-0.5040225379145076,1.9456654900104577
-1.076301382389877,1.7516013639986883,-6.642009966373448,3.8913309800209155,-0.5032027279973728,1.9447732405394076
-1.0720358611642888,1.7519810481837943,-6.642180994965393,3.889546481078815,-0.5039620963675846,1.9456111126421332
-1.0690213247169433,1.7525082489081656,-6.642123118155884,3.8912222252842663,-0.5050164978163272,1.9470050676692263
-1.0683749526887407,1.751886372271375,-6.643796617331998,3.8940101353384526,-0.5037727445427457,1.948227046030619
-1.0650890802881348,1.7505573593913344,-6.64662349833374,3.896454092061238,-0.5011147187826648,1.9432691486266085
-1.064310592716164,1.7495552810408834,-6.648880486996077,3.886538297253217,-0.4991105620817628,1.9406149670318018
-1.072202497926357,1.7499578655263033,-6.6490083554971,3.8812299340636036,-0.4999157310526024,1.9428116236109527
-1.0868522813702555,1.7497631673110983,-6.650019904154496,3.8856232472219054,-0.49952633462219237,1.9443097580547704
-1.0974379065582864,1.7497903481355968,-6.6507243842007435,3.8886195161095407,-0.4995806962711895,1.9445802614366214
-1.1115459406774333,1.7489460740600316,-6.652785266684359,3.889160522873243,-0.4978921481200591,1.9434309272088979
-1.1259054710744891,1.7490427828009658,-6.653391490125505,3.8868618544177957,-0.49808556560192757,1.9438875383152039
-1.145632614220327,1.7488589285001732,-6.654426047277158,3.8877750766304078,-0.49771785700034243,1.9438461618601328
-1.165667388511391,1.749308426364289,-6.654479056605928,3.8876923237202656,-0.49861685272857403,1.9455215899849696
-1.1852439951694045,1.749216258731357,-6.655325602726381,3.891043179969939,-0.49843251746271033,1.9456003775998654
-1.1995146741156386,1.7492375985043283,-6.656019328004615,3.8912007551997307,-0.4984751970086524,1.9453655002916879
-1.216123919331988,1.7478743574147864,-6.658827834124681,3.8907310005833757,-0.49574871482956856,1.9417188983928189
-1.2281673071061041,1.748634840996223,-6.658403073420422,3.8834377967856377,-0.49726968199244165,1.942697137350866
-1.2519535796927652,1.7488601874285594,-6.658830399800116,3.885394274701732,-0.4977203748571149,1.9417578912984612
-1.269992720765413,1.7488989842681246,-6.659470516884108,3.8835157825969224,-0.49779796853624514,1.9453843708839313
-1.2861225321204932,1.7490467487700931,-6.659992347262712,3.8907687417678627,-0.4980934975401824,1.9474409044158179
-1.3023833141629568,1.7485684053405863,-6.661439728142521,3.8948818088316357,-0.4971368106811689,1.9469061858370844
-1.3142707726061076,1.7489289173005438,-6.66161859325942,3.893812371674169,-0.49785783460108396,1.9478996469925016
-1.3280797963372226,1.748445343707407,-6.663104494983361,3.8957992939850032,-0.4968906874148105,1.946627892374667
-1.3393038111672215,1.7487463110418333,-6.663399303065327,3.893255784749334,-0.4974926220836631,1.9479020899373456
-1.3571689917286465,1.7487563841078333,-6.6641215187208775,3.895804179874691,-0.497512768215663,1.9481449296368474
-1.3690545085704873,1.748853950439168,-6.664746847058196,3.8962898592736948,-0.4977079008783324,1.94958013520527
-1.3741480116310694,1.7478984135928064,-6.666911869776219,3.89916027041054,-0.4957968271856093,1.9490940727116022
-1.370609526955894,1.7475916482318,-6.6681454964677025,3.8981881454232044,-0.4951832964635963,1.9491735672221473
-1.3746751720219095,1.7479793678446047,-6.668293344301567,3.8983471344442946,-0.4959587356892061,1.9507356592383196
-1.3804089574552734,1.7469997844320184,-6.670503878094897,3.901471318476639,-0.4939995688640336,1.9497559811761342
-1.3801353891283004,1.747768447725515,-6.670111989856794,3.8995119623522685,-0.495536895451027,1.9494315090830618
-1.3841814244822856,1.74739487413471,-6.671420811793448,3.8988630181661237,-0.49478974826941696,1.9506311547829143
-1.381040616260159,1.747669703012324,-6.6717650346344115,3.9012623095658285,-0.4953394060246449,1.9524476523058643
-1.3798838257340913,1.747876049016489,-6.672200190518615,3.9048953046117285,-0.4957520980329749,1.956190552231477
-1.3790343095484552,1.7475856053602845,-6.673452057707164,3.912381104462954,-0.4951712107205656,1.9545235140715655
-1.374868632082772,1.7471375238687803,-6.674854129447403,3.909047028143131,-0.49427504773755726,1.9555703512952298
-1.3715619988137586,1.746760732320352,-6.676182801937924,3.9111407025904597,-0.4935214646407005,1.9557798243412987
-1.3638903495279555,1.7465258250904678,-6.677277835515856,3.9115596486825974,-0.4930516501809324,1.9564432847646351
-1.3623727490978839,1.7460301298881322,-6.678816761440503,3.9128865695292703,-0.49206025977626106,1.9542620364038659
-1.3622938022253326,1.7464230587677212,-6.679001187347772,3.9085240728077317,-0.49284611753543894,1.9552359420046999
-1.3669405363995732,1.747007224814991,-6.678882216185856,3.9104718840093997,-0.4940144496299784,1.9568405982786559
-1.3706245547660645,1.7474548597201223,-6.678966860325948,3.9136811965573117,-0.49490971944024087,1.9583746865813105
-1.3683062659680791,1.7467818757881903,-6.680727010138316,3.916749373162621,-0.4935637515763769,1.956270791534492
-1.3626146935357122,1.7471457519273357,-6.680928090033418,3.912541583068984,-0.49429150385466764,1.9577945033280084
-1.3603450430687687,1.7474642977759325,-6.681168742700439,3.915589006656017,-0.4949285955518614,1.960548526362508
-1.357632445986467,1.747316047788697,-6.682138033123898,3.921097052725016,-0.4946320955773907,1.9610874921230657
-1.3521222217364102,1.7464217843978347,-6.684212160321681,3.9221749842461313,-0.4928435687956657,1.9589280132229532
-1.346088570372653,1.7460861666349832,-6.685464583497155,3.9178560264459064,-0.49217233326996246,1.9579129270694258
-1.3412427298821248,1.7463743202047148,-6.685817303436738,3.9158258541388515,-0.49274864040942573,1.9587528239802732
-1.3381534178978178,1.7466210970271554,-6.686213332787631,3.9175056479605463,-0.493242194054307,1.9592060959831483
-1.335642926698812,1.747090292738943,-6.686281680963977,3.9184121919662966,-0.4941805854778822,1.9597831535081613
-1.3278414186194532,1.7480858749285744,-6.685527525192376,3.9195663070163227,-0.496171749857145,1.961145642302795
-1.3232573727501435,1.7488176917635756,-6.685190377015314,3.92229128460559,-0.4976353835271475,1.9640738462984968
-1.3106881474047096,1.7493085348349457,-6.685289781797521,3.9281476925969936,-0.49861706966988795,1.9631004341469371
-1.2950469571088572,1.749406198314944,-6.685910724656122,3.9262008682938743,-0.49881239662988436,1.9624058958695723
-1.2771446506259005,1.7490382284493131,-6.687281857983533,3.9248117917391445,-0.49807645689862245,1.9594052789845973
-1.256301054354183,1.7488598694969577,-6.6882916779613515,3.9188105579691945,-0.4977197389939117,1.9604695072411553
-1.235887359266509,1.748149509738685,-6.6901379119584,3.9209390144823106,-0.4962990194773661,1.959771536216208
-1.2134361026116132,1.7479025551222018,-6.691288629090854,3.919543072432416,-0.49580511024439966,1.9587455146598935
-1.1947216765161697,1.7481289904349935,-6.691742540655892,3.917491029319787,-0.4962579808699828,1.958079915321452
-1.176361499963658,1.747900122357101,-6.69284626019576,3.916159830642904,-0.4958002447141974,1.9577620315879922
-1.1582091158808812,1.7477079360548469,-6.693874471404962,3.9155240631759844,-0.49541587210968957,1.9600894176395454
-1.144893352302267,1.7483890365164427,-6.693565492656546,3.9201788352790907,-0.4967780730328815,1.9619030939882138
-1.137618872576585,1.7487988822774816,-6.693699173037329,3.9238061879764277,-0.4975977645549591,1.9629671808531899
-1.123288274003074,1.7490474638234357,-6.694075694041507,3.9259343617063798,-0.49809492764686725,1.9637399009470156
-1.108861620591509,1.7491564722123818,-6.694654150979416,3.927479801894031,-0.4983129444247594,1.964702007928802
-1.0950469367572202,1.7488965856682173,-6.695812162398222,3.929404015857604,-0.4977931713364303,1.9642386753554408
-1.079598400490859,1.7488221015057168,-6.6967146108336975,3.9284773507108817,-0.49764420301142953,1.966063340005642
-1.0622910790876672,1.7488844683742955,-6.697416431545819,3.932126680011284,-0.49776893674858685,1.9648287307567927
-1.0447029617095955,1.7486550945191324,-6.698567966078448,3.9296574615135853,-0.4973101890382607,1.9631846008616984
-1.0282227984513153,1.7487613198657268,-6.699156195508116,3.926369201723397,-0.4975226397314497,1.9650754600443034
-1.0157424766639878,1.748472254628157,-6.700365929180874,3.930150920088607,-0.49694450925631023,1.9649754943009123
-1.0048945823310227,1.7472827126095856,-6.702951789377937,3.9299509886018247,-0.49456542521916746,1.962391962417066
-0.9994094058603684,1.7476558198286019,-6.703151375686859,3.924783924834132,-0.4953116396572001,1.9624658502044112
-1.0080200825398036,1.747209988659089,-6.704580951832311,3.9249317004088224,-0.49441997731817455,1.962669202338723
-1.0159941135067507,1.7472118479310343,-6.705319695463595,3.925338404677446,-0.494423695862065,1.9632047344145922
-1.0284774773601937,1.74737712432646,-6.705770258913236,3.9264094688291844,-0.49475424865291623,1.9653324590920591
-1.0402784320647411,1.7472709250795495,-6.706723520248443,3.9306649181841182,-0.49454185015909513,1.964825260730163
-1.0501712130318968,1.747535923941442,-6.707085951648757,3.929650521460326,-0.49507184788288044,1.967152256082401
-1.058678727762759,1.747914246645541,-6.707336655244397,3.934304512164802,-0.4958284932910786,1.9670248310306506
-1.0652528908107435,1.7480972344525174,-6.707846670417584,3.9340496620613012,-0.4961944689050313,1.9672808650421294
-1.0709241478459068,1.7478100305371933,-6.709071755169098,3.934561730084259,-0.495620061074383,1.9660339680906553
-1.073636675346715,1.7486227960657656,-6.708616891877558,3.9320679361813107,-0.4972455921315278,1.9668787951030737
-1.0798184280656047,1.7489720217769784,-6.708872376380905,3.9337575902061475,-0.49794404355395355,1.9673840927584978
-1.0842553555661354,1.7489587374547702,-6.709665223784032,3.9347681855169956,-0.4979174749095371,1.9666435576261254
-1.0882720999078952,1.7484800021398914,-6.711193231951567,3.933287115252251,-0.4969600042797797,1.9652024298073245
-1.0925406732601042,1.748020357012508,-6.712622716710008,3.930404859614649,-0.4960407140250126,1.965322692258584
-1.099868135775421,1.7482020105504839,-6.713097826155423,3.930645384517168,-0.4964040211009644,1.965951517160032
-1.1097639488459325,1.7474840030166605,-6.71493130336652,3.931903034320064,-0.49496800603331764,1.9658393410624777
-1.1160670199696714,1.7477144652637748,-6.715325661778525,3.9316786821249554,-0.4954289305275462,1.9667345119396062
-1.128406396059984,1.7472013128143742,-6.716882017432072,3.9334690238792125,-0.49440262562874504,1.966356797563365
-1.1363660598799488,1.7466027919717444,-6.718601214839374,3.93271359512673,-0.49320558394348524,1.9638227435956612
-1.1468944258739704,1.7463675490803376,-6.719722453804726,3.9276454871913224,-0.49273509816067157,1.9630876842348974
-1.1595803169077143,1.7468731038808134,-6.719764615308404,3.926175368469795,-0.49374620776162303,1.9643490039710148
-1.1693974326196406,1.7463223298618475,-6.721406981386869,3.9286980079420295,-0.4926446597236911,1.961241185961823
-1.1754605125862643,1.7462737028532198,-6.722276591212535,3.922482371923646,-0.4925474057064357,1.961020520326327
-1.1829079327151577,1.7469705792785175,-6.721979798942392,3.922041040652654,-0.4939411585570312,1.964473319758505
-1.1921427297711533,1.746571920295846,-6.72339583817986,3.92894663951701,-0.49314384059168836,1.963038495520272
-1.1952854948903937,1.7468557677860306,-6.723747678983735,3.926076991040544,-0.4937115355720574,1.9635437699951266
-1.2012335074395013,1.7478240945765406,-6.72308092005446,3.927087539990253,-0.49564818915307746,1.96457671814954
-1.2084375513285393,1.7482174574320564,-6.723275067001249,3.92915343629908,-0.496434914864109,1.9662082041279247
-1.210457539487467,1.748725820894993,-6.723247457851833,3.9324164082558495,-0.4974516417899821,1.9673675849817482
-1.2113369379650107,1.7490422970701842,-6.723531638077907,3.9347351699634965,-0.49808459414036454,1.9699918528917382
-1.2072362317068732,1.749333174308363,-6.723863483887249,3.9399837057834763,-0.4986663486167224,1.9706716125189956
-1.2055241647761372,1.749732478388136,-6.723997813567592,3.941343225037991,-0.4994649567762681,1.9723190325978335
-1.2041241450280094,1.7500806750011875,-6.724233229744464,3.944638065195667,-0.5001613500023709,1.972632136039172
-1.200110071800892,1.7493728045562558,-6.7260906746055795,3.945264272078344,-0.49874560911250737,1.970899791049366
-1.1889715613826457,1.7491734989305505,-6.727172259350903,3.941799582098732,-0.4983469978610968,1.9708860361831169
-1.180009678171782,1.7499250444642664,-6.726813110647537,3.9417720723662337,-0.4998500889285287,1.972160635497415
-1.1751539120262118,1.7505277847418061,-6.726694378403322,3.94432127099483,-0.5010555694836082,1.9739111319593587
-1.1622151849217124,1.750603560183635,-6.727306709300914,3.9478222639187175,-0.501207120367266,1.973801206230655
-1.1458485204337183,1.7505770509840732,-6.728150785630311,3.94760241246131,-0.5011541019681428,1.9722426825670616
-1.12619381983174,1.7507089480409792,-6.728749785370912,3.944485365134123,-0.5014178960819545,1.971611588947439
-1.104178976521462,1.7511252450919734,-6.728885431091133,3.943223177894878,-0.5022504901839429,1.9716932174692257
-1.0811432945863748,1.7516305462892343,-6.728887554472883,3.9433864349384513,-0.5032610925784647,1.9714672775728432
-1.0589668595717567,1.7519716866834798,-6.729171636626869,3.9429345551456865,-0.5039433733669557,1.9723097910141338
-1.0312773921961655,1.7523674763805899,-6.7293539423681885,3.9446195820282677,-0.504734952761176,1.9728993514815496
-1.0020562003569813,1.7524925875096085,-6.72998413429531,3.945798702963099,-0.5049851750192129,1.9713004609237599
-0.9741735203796278,1.7515920712786568,-6.7321206353874805,3.9426009218475198,-0.5031841425573094,1.9689688408547805
-0.9416907654621998,1.751665735143375,-6.732709869941074,3.937937681709561,-0.5033314702867462,1.9728894630560776
-0.917919369760158,1.752003858366312,-6.7329610608296635,3.945778926112155,-0.5040077167326199,1.9739757625733136
-0.9002720146424847,1.7524575333035526,-6.73310777691916,3.9479515251466273,-0.5049150666071011,1.9728374030295077
-0.8838380521430542,1.7527556228360708,-6.733467654157214,3.9456748060590154,-0.5055112456721376,1.971905490767632
-0.868074808479224,1.753344778092405,-6.7334240201881075,3.943810981535264,-0.5066895561848062,1.9706492531233792
-0.8538821611377791,1.754210850535272,-6.732883391554576,3.9412985062467585,-0.5084217010705405,1.9722846391075848
-0.8396690599086112,1.754969885016196,-6.732474418503294,3.9445692782151696,-0.5099397700323886,1.9749715656237259
-0.823448718443955,1.7554143901152333,-6.732562022733014,3.9499431312474518,-0.510828780230463,1.9753011510667133
-0.8050299330558257,1.75515267643015,-6.73370962453897,3.9506023021334267,-0.5103053528602965,1.974912004844013
-0.7801696294071228,1.7555575703295097,-6.73386784889999,3.949824009688026,-0.5111151406590159,1.9753832178121236
-0.7581788993777687,1.7553800973262954,-6.734888275898677,3.950766435624247,-0.5107601946525874,1.976504249433516
-0.7375709145684555,1.75484710730896,-6.736476422019725,3.953008498867032,-0.5096942146179165,1.9759306997347597
-0.7209821685113891,1.7549452990409173,-6.737071490528237,3.9518613994695193,-0.5098905980818311,1.9759611707496674
-0.7098818491059955,1.754767096636971,-6.738115789136423,3.9519223414993347,-0.5095341932739385,1.9747593572885942
-0.6984343157071953,1.7553044548822418,-6.738094825780944,3.9495187145771884,-0.5106089097644803,1.974212589486039
-0.6912457495746196,1.7558905073464584,-6.737991125434803,3.948425178972078,-0.5117810146929131,1.9753183920705777
-0.6844873279521497,1.7562560686271982,-6.738204272253898,3.9506367841411554,-0.5125121372543927,1.9750641908306035
-0.6776575617543843,1.755698396957937,-6.739801644894659,3.950128381661207,-0.51139679391587,1.9744786161407797
-0.6692608112908278,1.7551522588820572,-6.741457855531442,3.9489572322815594,-0.5103045177641107,1.971089355127507
-0.6662285003812904,1.7559568101570975,-6.741030352989255,3.942178710255014,-0.5119136203141914,1.9728377277866522
-0.6705687957218469,1.7550317836157532,-6.743222600459486,3.9456754555733045,-0.5100635672315028,1.9696238015162604
-0.6629574882575096,1.7553424355401663,-6.743506489449713,3.9392476030325208,-0.5106848710803292,1.970831844104596
-0.6636766352832515,1.7557844507375981,-6.743640848378981,3.941663688209192,-0.5115689014751926,1.970986586040922
-0.665394200030569,1.7565081322298521,-6.743343109316147,3.941973172081844,-0.5130162644597005,1.9711130808351296
-0.6684190611011109,1.756351551891142,-6.744338472088858,3.942226161670259,-0.5127031037822799,1.9721617535072804
-0.6674863041590262,1.7561244820789343,-6.745458903070825,3.944323507014561,-0.5122489641578648,1.9709786099193045
-0.6705810676772828,1.7561569154453385,-6.746210573642312,3.941957219838609,-0.5123138308906728,1.9696857021609058
-0.68039582051951,1.7565754727024325,-6.74635055311937,3.9393714043218115,-0.513150945404861,1.9704512135249426
-0.6954230416116367,1.756323225357538,-6.7474851740116035,3.940902427049885,-0.5126464507150721,1.969948810102512
-0.7092685187124994,1.7573506374591281,-6.746755322716098,3.939897620205024,-0.514701274918252,1.9707035382286007
-0.726480882861229,1.7585765689174264,-6.745657927992775,3.9414070764572013,-0.5171531378348488,1.9710381690626837
-0.7409319315923613,1.759413873522055,-6.745153800832384,3.9420763381253674,-0.5188277470441062,1.9720657291898538
-0.7468120007528336,1.7600826255861242,-6.744898716009569,3.9441314583797076,-0.5201652511722445,1.9726760123223634
-0.7452741023856628,1.761050653392038,-6.7441975511885595,3.945352024644727,-0.5221013067840721,1.972902900176754
-0.7413649021116724,1.7606766850913054,-6.745566947980865,3.945805800353508,-0.5213533701826066,1.9707520261239797
-0.7278369457770202,1.7611675298087708,-6.745562247316033,3.9415040522479594,-0.5223350596175373,1.970869465094934
-0.7209264425669106,1.760625085404353,-6.747167288756072,3.941738930189868,-0.5212501708087018,1.9682802714445586
-0.7117382408625872,1.7602596909465664,-6.748548155017585,3.9365605428891173,-0.5205193818931284,1.965713811478393
-0.707198551301297,1.7613617014801097,-6.747665966396168,3.931427622956786,-0.522723402960215,1.966976940635801
-0.705377854566267,1.7614297631154554,-6.748325807249926,3.933953881271602,-0.5228595262309063,1.9662430204620012
-0.6922706740906968,1.7613809906064846,-6.749154169988065,3.9324860409240023,-0.5227619812129645,1.9659177818995413
-0.6826201279976871,1.7623203949699062,-6.748533434496454,3.9318355637990825,-0.5246407899398079,1.9652999694610436
-0.6713238475167493,1.7630882343447702,-6.748138802385875,3.930599938922087,-0.526176468689536,1.9653039573847888
-0.6560725449703417,1.7625974164300429,-6.749659014930416,3.9306079147695776,-0.5251948328600812,1.9627418031274357
-0.6357920674555944,1.7633582883595322,-6.7492730097517395,3.9254836062548715,-0.5267165767190601,1.963784056668907
-0.6246890006770407,1.7635623159688687,-6.749716811335253,3.927568113337814,-0.5271246319377332,1.96348766752687
-0.6075016037950691,1.7639146116265607,-6.749978489906942,3.92697533505374,-0.5278292232531173,1.9635607461329447
-0.5886053170331378,1.7644983164030466,-6.749860116292266,3.9271214922658895,-0.5289966328060889,1.9629722183832605
-0.5688180700055012,1.7645946032140083,-6.750434948330796,3.925944436766521,-0.5291892064280124,1.962813555097112
-0.547142215526363,1.7650336917043752,-6.750548802709142,3.925627110194224,-0.530067383408746,1.9619176833631942
-0.5248701091866295,1.7662160886380316,-6.749496147767654,3.9238353667263883,-0.5324321772760587,1.9628647439046427
-0.5080950516954763,1.7663457312777993,-6.750043575957439,3.9257294878092854,-0.5326914625555939,1.9621799173063592
-0.48933572712174467,1.7655847664291817,-6.75192783519437,3.9243598346127184,-0.5311695328583587,1.9609810898740179
-0.4725582246479503,1.766276230337151,-6.751630432560997,3.9219621797480357,-0.5325524606742972,1.9621480146755181
-0.4668207948661873,1.7675167066454522,-6.750483660581436,3.9242960293510363,-0.5350334132908997,1.9624177855906757
-0.46461439964117623,1.7678507813173225,-6.750722974335386,3.9248355711813514,-0.5357015626346401,1.962332084326481
-0.45222851862996105,1.7684967515167993,-6.75047881305624,3.924664168652962,-0.5369935030335934,1.9626798015783236
-0.44200703426418286,1.7697830171292186,-6.749284847759709,3.925359603156647,-0.539566034258432,1.9638106826468646
-0.42819027819059396,1.7700739751300367,-6.7496017132647115,3.9276213652937293,-0.5401479502600681,1.9628395970662191
-0.4037563616417055,1.7705314303459951,-6.749657035846415,3.9256791941324383,-0.5410628606919848,1.9634852661540039
-0.38478704295334154,1.770798249246302,-6.750008144334756,3.9269705323080077,-0.5415964984925982,1.9633066531116945
-0.3640548193199269,1.7706255667172874,-6.751006850837081,3.926613306223389,-0.5412511334345691,1.9615268767546339
-0.34139346792076264,1.7715236435825727,-6.75037961427052,3.9230537535092678,-0.5430472871651397,1.9623603757958459
-0.327806773062397,1.7727081643181353,-6.749325427153015,3.9247207515916918,-0.5454163286362645,1.9636437213368174
-0.31491566550217165,1.7723902164241763,-6.750562143323143,3.927287442673635,-0.5447804328483464,1.962208934341699
-0.29040979877601547,1.7730273123107683,-6.7503502050904185,3.924417868683398,-0.5460546246215305,1.961709079286485
-0.27434125352325633,1.7735633011801442,-6.750266507770759,3.92341815857297,-0.5471266023602823,1.9632731394121674
-0.2565719005613394,1.7738224717974571,-6.750610017766154,3.926546278824335,-0.547644943594908,1.9620508045948224
-0.23789053521947956,1.7737700622149646,-6.751428126652224,3.924101609189645,-0.5475401244299232,1.9604241773581446
-0.22079691005336777,1.773795799763225,-6.752092512409594,3.920848354716289,-0.5475915995264441,1.9613037421767203
-0.20536578645342018,1.7744862710327005,-6.751769612193893,3.9226074843534406,-0.5489725420653954,1.961414453785851
-0.194314604818568,1.7754427974638374,-6.751073950225092,3.922828907571702,-0.5508855949276693,1.9614056131638455
-0.18736136047882201,1.7753936303995472,-6.7518974510036145,3.922811226327691,-0.5507872607990889,1.9606362225804699
-0.17425762649188226,1.7754561584114361,-6.752565004990145,3.9212724451609398,-0.5509123168228666,1.9589272701561573
-0.1589563329142143,1.7761787644127516,-6.752224648650398,3.9178545403123146,-0.5523575288254977,1.95823654484143
-0.14910634111527887,1.7759295627670815,-6.753358664660483,3.91647308968286,-0.5518591255341577,1.95645204162219
-0.14039796024506224,1.7763749308436687,-6.753396129841385,3.91290408324438,-0.5527498616873321,1.9567675139920793
-0.13690035943642176,1.776639220460696,-6.753728244604392,3.9135350279841585,-0.5532784409213868,1.956028846578054
-0.13461723075417087,1.777283595122264,-6.753505453465143,3.912057693156108,-0.5545671902445231,1.9558148784146614
-0.1394841374439144,1.7775708479907073,-6.75379521169989,3.911629756829323,-0.5551416959814097,1.9553286644290366
-0.14230505910993152,1.7780924661174682,-6.753758591197725,3.9106573288580733,-0.5561849322349316,1.9555014525100625
-0.1470900733908449,1.7786527825129217,-6.753639941972668,3.911002905020125,-0.5573055650258387,1.9549895672264135
-0.1512166409389346,1.7794349739119222,-6.753199415946785,3.909979134452827,-0.5588699478238397,1.9547185148392603
-0.1527726009492607,1.7801914810448167,-6.752753849187153,3.9094370296785206,-0.5603829620896287,1.954887706260581
-0.15530313747041813,1.780522453120991,-6.752973993057054,3.909775412521162,-0.5610449062419773,1.9551811160475026
-0.15950174356268576,1.7812806258523546,-6.75256686415108,3.910362232095005,-0.5625612517047041,1.9559968978880022
-0.16200910565318338,1.780991634887608,-6.753756528844682,3.9119937957760045,-0.5619832697752107,1.9539455381703692
-0.1614384409793459,1.7817695136451557,-6.753292861455309,3.9078910763407384,-0.5635390272903058,1.9544839189664491
-0.16773320858596286,1.7817593384120656,-6.754040301474776,3.9089678379328983,-0.5635186768241258,1.954202292019431
-0.1694838504198577,1.7821430307611064,-6.754232294061232,3.908404584038862,-0.5642860615222074,1.9527144575858713
-0.1720713421921829,1.7820825302217187,-6.755037127925372,3.9054289151717425,-0.564165060443432,1.9521180349909169
-0.17189590902657148,1.7819378094978469,-6.755998673425924,3.9042360699818337,-0.5638756189956882,1.9505155697550782
-0.1752000437346961,1.7816309191195963,-6.757189734471277,3.9010311395101565,-0.5632618382391867,1.9495797585213646
-0.18367691455978807,1.7822072885400673,-6.757032612283274,3.899159517042729,-0.5644145770801287,1.949296926535095
-0.19552505988204683,1.7826407822053425,-6.757092293229105,3.89859385307019,-0.565281564410679,1.9487814046692842
-0.20435309134162694,1.7828091151948153,-6.757564909861678,3.8975628093385684,-0.5656182303896247,1.947573062700883
-0.21385049980619275,1.7831262093081457,-6.7577810968139165,3.895146125401766,-0.5662524186162853,1.9482587488162169
-0.22159020907771243,1.7830623576924025,-6.758603844806409,3.8965174976324337,-0.5661247153847989,1.9480699657568408
-0.22873058877549912,1.782505004788211,-6.760145175955798,3.8961399315136815,-0.5650100095764159,1.9464705707629524
-0.2359560759909689,1.7835339016205396,-6.759303131711875,3.8929411415259048,-0.5670678032410733,1.9467708292963266
-0.2526146430246534,1.783838468155306,-6.759528553002352,3.893541658592653,-0.567676936310606,1.947592547324299
-0.2631892934700195,1.7835746286115386,-6.760644961563474,3.895185094648598,-0.5671492572230715,1.9461184255669821
-0.27307760083066146,1.784951497125785,-6.759287741197966,3.8922368511339642,-0.5699029942515642,1.946463528347213
-0.29076628109486347,1.7848260408333396,-6.760181642002036,3.892927056694426,-0.5696520816666736,1.9460376322854989
-0.30078179353655443,1.7843769436542518,-6.7616122826608835,3.8920752645709977,-0.5687538873084979,1.9432857184736883
-0.3140023330594168,1.7847856988537019,-6.7617240820104065,3.8865714369473765,-0.5695713977073977,1.9425501670834162
-0.33269925879175943,1.7849751432716237,-6.762120521058667,3.8851003341668324,-0.5699502865432414,1.9443847452993872
-0.35234761121822356,1.7857549750646011,-6.761641222821918,3.8887694905987744,-0.5715099501291965,1.9440262037821063
-0.3707413845045302,1.7862515870667521,-6.761600907403679,3.8880524075642127,-0.5725031741334985,1.9439093341538443
-0.38789594477926137,1.786046256503271,-6.7626251282810195,3.8878186683076885,-0.5720925130065364,1.9430054456742247
-0.4002001480137416,1.7861472548716442,-6.7631654912984,3.8860108913484495,-0.5722945097432827,1.9424247782244657
-0.41559295607539415,1.7857035444678497,-6.764511597429139,3.8848495564489314,-0.5714070889356939,1.940319411451255
-0.42825580297674826,1.786148479884644,-6.764558525233616,3.88063882290251,-0.5722969597692827,1.940048534054346
-0.44384363551822226,1.7866303328355695,-6.7645617634040685,3.880097068108692,-0.5732606656711338,1.9396557040390492
-0.4551633706746543,1.7870493321122316,-6.764596841070007,3.8793114080780984,-0.5740986642244579,1.9411029032631781
-0.4661945014750879,1.7877554760149843,-6.764256710773509,3.8822058065263563,-0.5755109520299632,1.9408912088859251
-0.477267641088579,1.787281824421436,-6.765655174870895,3.8817824177718503,-0.5745636488428661,1.9399382958021116
-0.4818932107440679,1.7877173278064804,-6.765688928515256,3.8798765916042233,-0.575434655612955,1.9406557204920634
-0.4918801198896334,1.7883336474571283,-6.765449481065932,3.8813114409841267,-0.5766672949142506,1.9417378508825025
-0.49911992710391306,1.7880711726383876,-6.766569565986821,3.883475701765005,-0.5761423452767691,1.939381943208876
-0.49765490598551665,1.7883613879340523,-6.766870178256906,3.878763886417752,-0.5767227758680986,1.9391798174773016
-0.5036208665754973,1.7883052363818865,-6.767644168694216,3.8783596349546032,-0.5766104727637671,1.9382018638085021
-0.5081784219696983,1.7887080013016763,-6.767784701604693,3.8764037276170042,-0.5774160026033466,1.9373608223372634
-0.5121941663343375,1.7887291119476374,-6.768450722384192,3.8747216446745267,-0.5774582238952688,1.9370432557391208
-0.5203681016675112,1.7892852072928587,-6.768323889257108,3.8740865114782417,-0.5785704145857112,1.9376642245305973
-0.5285685868701888,1.789385937610541,-6.768868718861528,3.8753284490611946,-0.5787718752210759,1.936979663163675
-0.5300859358459693,1.7897552977040203,-6.768977701480953,3.87395932632735,-0.5795105954080345,1.9375539282069474
-0.5332903928660251,1.789944860186421,-6.769401328893555,3.8751078564138948,-0.5798897203728359,1.9366901237163918
-0.534535571949184,1.7903158481384416,-6.769539679202827,3.8733802474327836,-0.5806316962768773,1.935945548740244
-0.5388940991010811,1.7901536059244938,-6.770502271284117,3.871891097480488,-0.5803072118489818,1.934823585084992
-0.5421003952194603,1.790772939746818,-6.770222849368261,3.869647170169984,-0.5815458794936299,1.9371569924821306
-0.5467031512980602,1.790478194855966,-6.7713577331339305,3.874313984964261,-0.5809563897119261,1.935414835281122
-0.5458670166064081,1.790955501535778,-6.771332659061947,3.870829670562244,-0.5819110030715504,1.9354498952798593
-0.5459027762647626,1.7912184155349606,-6.771622598534787,3.8708997905597187,-0.5824368310699156,1.9360039218633285
-0.5448892866865496,1.7908350125727117,-6.772888469442579,3.872007843726657,-0.5816700251454175,1.9338799400691924
-0.543089148506481,1.7902406497075571,-6.774479519267117,3.867759880138385,-0.5804812994151085,1.930347569865596
-0.5444211515111501,1.7912681652535343,-6.773660220740913,3.860695139731192,-0.5825363305070628,1.9313548425985902
-0.5560058120392588,1.7917744105385103,-6.773589782481085,3.8627096851971805,-0.5835488210770147,1.9308912630931576
-0.5583247863056178,1.7925894074232023,-6.773098437241998,3.8617825261863152,-0.5851788148463987,1.9325704468463958
-0.5607566807662785,1.7923191447322904,-6.774193666147684,3.8651408936927916,-0.5846382894645749,1.9306220590608412
-0.5591730235362657,1.7921571401212073,-6.775157435168267,3.8612441181216823,-0.5843142802424086,1.9287218412280718
-0.5576584391584332,1.7921297588644285,-6.775902399747357,3.8574436824561436,-0.5842595177288508,1.9281631031086064
-0.5585275223821622,1.7921711130481228,-6.776574578813333,3.856326206217213,-0.5843422260962395,1.9269742035325945
-0.5592106538623067,1.7925905444713848,-6.776695355047774,3.853948407065189,-0.5851810889427633,1.9258347243384069
-0.5624838243341186,1.7928119236356483,-6.777030547883367,3.8516694486768137,-0.5856238472712905,1.9266767227805075
-0.5631473069441775,1.7927304159614914,-6.777861813617534,3.853353445561015,-0.5854608319229766,1.926368570808541
-0.564608292483955,1.7929098934392895,-6.778282069096218,3.852737141617082,-0.585819786878573,1.9258239624471203
-0.5674971759348617,1.7922510424792724,-6.77995632020298,3.8516479248942406,-0.5845020849585387,1.923982977265969
-0.5691340725696419,1.7920525533867748,-6.780970212707541,3.847965954531938,-0.5841051067735437,1.9220114735766152
-0.5757707024461656,1.7925291909119234,-6.78094099420709,3.8440229471532303,-0.5850583818238407,1.921663249801784
-0.5868408925780555,1.7924750341431814,-6.781716546432923,3.843326499603568,-0.5849500682863569,1.9204275208858865
-0.5932213221941582,1.7930140336697444,-6.7815551555740425,3.840855041771773,-0.5860280673394828,1.921991048827716
-0.6044684209357118,1.7932568960635304,-6.781855879123867,3.843982097655432,-0.5865137921270546,1.9222306743344
-0.610603769497744,1.7929470139855879,-6.7830232313953704,3.8444613486688,-0.5858940279711694,1.920226112519216
-0.6163614019862829,1.792865313023987,-6.783829637690846,3.840452225038432,-0.5857306260479679,1.9217043369570577
-0.6253222255839193,1.7931379456114733,-6.784128012050231,3.8434086739141153,-0.5862758912229403,1.924150694204313
-0.6335012361336219,1.793106945484527,-6.784855052407453,3.848301388408626,-0.5862138909690479,1.9243551725479147
-0.6365360069832775,1.7923901601453838,-6.786621637649855,3.8487103450958293,-0.5847803202907613,1.9218717475881222
-0.6433527872469122,1.7928257528806661,-6.786641892718716,3.8437434951762444,-0.5856515057613262,1.9230591120410678
-0.6588163569016459,1.793244584642143,-6.78668434711339,3.8461182240821357,-0.5864891692842799,1.9234014705244609
-0.6761504317209575,1.7933718500376439,-6.787157939433407,3.8468029410489217,-0.5867437000752816,1.9236333762464144
-0.6890605194951576,1.7933434291920258,-6.787883360979984,3.847266752492829,-0.5866868583840457,1.9236387502590455
-0.6998372080128572,1.7936545091366192,-6.788099015758169,3.847277500518091,-0.5873090182732325,1.924236477589088
-0.7111356176826291,1.7943044182761798,-6.787826039817334,3.848472955178176,-0.5886088365523536,1.92464593938078
-0.7215220525994974,1.7944773884096972,-6.788249246453068,3.84929187876156,-0.5889547768193881,1.923806653760031
-0.7290835252502053,1.7947945516131272,-6.788473054665802,3.847613307520062,-0.5895891032262479,1.9227625062221851
-0.7368336362859846,1.7949362516757297,-6.788929584165463,3.8455250124443703,-0.5898725033514528,1.9216370048665756
-0.7417227483780948,1.7945395376002178,-6.7901896891129745,3.8432740097331513,-0.5890790752004292,1.9210314041734435
-0.7450154071751989,1.7935670112594566,-6.792341632581026,3.842062808346887,-0.587134022518907,1.9180562925678293
-0.7451826006690343,1.7929695157622831,-6.793887429901204,3.8361125851356586,-0.5859390315245602,1.9162866178853357
-0.7493999221972087,1.7927692355389828,-6.794852750995339,3.8325732357706714,-0.5855384710779593,1.9169449629108095
-0.7594854581706771,1.792681823589838,-6.795692046122085,3.833889925821619,-0.5853636471796699,1.9144354575945324
-0.7701208713550338,1.7921992059175,-6.797078967040852,3.8288709151890647,-0.5843984118349936,1.9131631781440293
-0.7826732650638215,1.79198831401731,-6.798116126425636,3.8263263562880585,-0.5839766280346138,1.9125163094969768
-0.7990136724088721,1.7922908520637384,-6.798326277146809,3.8250326189939536,-0.5845817041274707,1.913517530616732
-0.8158139022890216,1.7918035978857478,-6.799688031030985,3.827035061233464,-0.5836071957714896,1.9135896830413135
-0.8282761905971538,1.7915098946342125,-6.800792807286817,3.827179366082627,-0.5830197892684188,1.9130414751726748
-0.8444868245336101,1.7918777601058808,-6.800878591731696,3.8260829503453495,-0.5837555202117555,1.914249699563796
-0.8632051139722474,1.792299327691469,-6.800948175304814,3.828499399127592,-0.5845986553829314,1.913361977713659
-0.8761726263720986,1.7919655757210389,-6.802164426173364,3.826723955427318,-0.5839311514420714,1.9139252557387516
-0.8867814027012066,1.7919089301656304,-6.802907160017244,3.827850511477503,-0.5838178603312544,1.913520462974378
-0.9014422669115412,1.7920290463182074,-6.8034069090627876,3.827040925948756,-0.5840580926364082,1.9134920036288354
-0.916955936210579,1.7927788994511271,-6.802990258344409,3.826984007257671,-0.5855577989022475,1.9135026605316303
-0.9327527390123391,1.7934139018806294,-6.8027233327781085,3.8270053210632606,-0.5868278037612519,1.9153179877182938
-0.9453104672786647,1.7929962267220938,-6.804011150186188,3.8306359754365875,-0.5859924534441808,1.9146589297686807
-0.9548075205710234,1.7926066102682539,-6.8052496873180495,3.8293178595373614,-0.5852132205365009,1.9130160044762907
-0.9667755371935742,1.7926795743681487,-6.805833193251706,3.8260320089525814,-0.5853591487362906,1.9121012963930732
-0.9828977994396375,1.7932050500489247,-6.805700542985374,3.8242025927861465,-0.5864101000978424,1.9123061931936254
-1.0000077220927244,1.7925747217474577,-6.8073264013596715,3.8246123863872508,-0.5851494434949084,1.9094835164263404
-1.0088684721392038,1.7917616531971219,-6.809244571288765,3.818967032852681,-0.5835233063942367,1.9064503585451409
-1.015078784286878,1.7916611248600092,-6.810067557137461,3.8129007170902818,-0.5833222497200113,1.9055753816184007
-1.0234308498053712,1.7917134420010221,-6.810705799856653,3.8111507632368014,-0.5834268840020373,1.9058208907942644
-1.030969304150334,1.7912312234176493,-6.812106745029635,3.811641781588529,-0.5824624468352919,1.9035114925854142
-1.0358448257112283,1.7918150166677151,-6.811847042303853,3.8070229851708284,-0.5836300333354235,1.9055320545852936
-1.042796963848482,1.7918302072519063,-6.812494145459535,3.8110641091705872,-0.5836604145038058,1.907279708181404
-1.0434418925332958,1.7907837115811507,-6.814731179915291,3.814559416362808,-0.5815674231622945,1.9040579484697198
-1.0423366477663683,1.7911138120593022,-6.8149178328744116,3.8081158969394395,-0.5822276241185974,1.9041918141358416
-1.04663609645986,1.7911340170128018,-6.815558876726593,3.808383628271683,-0.5822680340255968,1.9043571159637944
-1.046438826616603,1.7918815161532569,-6.81508317183963,3.808714231927589,-0.5837630323065071,1.906393959551709
-1.0494185102753937,1.7920696914385894,-6.815462812151192,3.812787919103418,-0.584139382877172,1.906531853555419
-1.0486692221139595,1.7917671148008905,-6.8165905370060695,3.813063707110838,-0.5835342296017739,1.9057763524644764
-1.0436114707075541,1.791683060652354,-6.817370938298922,3.811552704928953,-0.583366121304701,1.9052092543190506
-1.0399294111543984,1.7905626406445287,-6.819768254131813,3.8104185086381013,-0.5811252812890504,1.9007885472021648
-1.0342811718683809,1.791024506319856,-6.819754841937209,3.8015770944043297,-0.582049012639705,1.9015538438267028
-1.041686919397943,1.7915665733873498,-6.819590950001548,3.8031076876534056,-0.5831331467746924,1.902709414076872
-1.0500675799485757,1.791878374273068,-6.819841494473916,3.805418828153744,-0.5837567485461289,1.9021433529979017
-1.052596931620565,1.791610063346081,-6.820912980253388,3.8042867059958034,-0.5832201266921548,1.901101840679528
-1.049918230169144,1.7916681325401915,-6.821504273436462,3.802203681359056,-0.5833362650803758,1.9013316549560006
-1.0495426147136113,1.791409368880487,-6.82256469404878,3.8026633099120013,-0.5828187377609667,1.9003504701338283
-1.0507322218488175,1.7908404836970282,-6.824036845679877,3.8007009402676566,-0.5816809673940491,1.899332865362512
-1.0493021712635473,1.7902434883394558,-6.825560501997064,3.798665730725024,-0.5804869766789043,1.8985026598368515
-1.0465594517951997,1.7902686294363341,-6.82619936164283,3.797005319673703,-0.5805372588726612,1.9004180159724968
-1.0476377912149912,1.7905707727931173,-6.826387122369066,3.8008360319449936,-0.5811415455862275,1.9012813963074164
-1.0495318864223986,1.790769254931168,-6.826745942420143,3.802562792614833,-0.581538509862329,1.9010320163193475
-1.0471604711273494,1.790358718508969,-6.828047697314298,3.802064032638695,-0.5807174370179312,1.8990941106705577
-1.0453262571406414,1.789840509299733,-6.829486776953426,3.7981882213411153,-0.5796810185994586,1.897139106996466
-1.0453467460077084,1.7900573487944307,-6.829818832582025,3.794278213992932,-0.5801146975888539,1.898108072407234
-1.0448001221166807,1.7906215753956065,-6.829651918499127,3.796216144814468,-0.5812431507912054,1.8983693356625586
-1.0457008389115732,1.7908783209851844,-6.829893656043259,3.796738671325117,-0.5817566419703611,1.9004093677865648
-1.0429634690797895,1.7898380320317375,-6.83216189464124,3.8008187355731295,-0.5796760640634673,1.8965003565776073
-1.0396583813617166,1.7903771547328995,-6.832056737966811,3.7930007131552146,-0.5807543094657913,1.8962932699604047
-1.0462133719614863,1.791237800137422,-6.831422796367668,3.7925865399208094,-0.5824756002748364,1.8979261447677034
-1.0492495653096938,1.7908315187624573,-6.832714341356638,3.7958522895354068,-0.5816630375249067,1.8970756919466834
-1.043889243878878,1.7906654996315465,-6.833612662162291,3.7941513838933667,-0.5813309992630852,1.8968114349666938
-1.0358752634276351,1.789188215988713,-6.836529715475954,3.7936228699333876,-0.5783764319774178,1.8908994195220468
-1.0277967098869274,1.788408734259899,-6.838381767269213,3.7817988390440935,-0.5768174685197904,1.8881077395284378
-1.031177033492261,1.7881838197562379,-6.839369685716384,3.7762154790568756,-0.5763676395124678,1.8882200708412042
-1.0414239336200808,1.7882310580176533,-6.839911179965789,3.7764401416824085,-0.5764621160352987,1.8886447451603243
-1.0522496003722326,1.7882385217927153,-6.8405604370929565,3.7772894903206486,-0.5764770435854226,1.8889264406009916
-1.0630302824171345,1.7886717297048942,-6.840575541274397,3.777852881201983,-0.5773434594097806,1.8904718224216899
-1.0735528825653144,1.7885934302864244,-6.841384814024316,3.7809436448433797,-0.5771868605728411,1.8901711943887418
-1.0776682964290831,1.7888560984157946,-6.841651396626765,3.7803423887774836,-0.5777121968315817,1.8907469808128943
-1.0800958063869386,1.7892041526221036,-6.841754682395449,3.7814939616257885,-0.5784083052441996,1.893079932547048
-1.081454395097242,1.7880660824581625,-6.844135266386582,3.786159865094096,-0.5761321649163174,1.8906087723810328
-1.0787233697243517,1.7875708659594731,-6.845558386721007,3.7812175447620655,-0.5751417319189388,1.8900018768200708
-1.0839080323508519,1.7878404057977881,-6.845820379683204,3.7800037536401416,-0.5756808115955686,1.8942105107614675
-1.0913570909449772,1.7874837422660053,-6.8470352216054255,3.788421021522935,-0.5749674845320029,1.8939492733318468
-1.0931849283802642,1.7870377721410953,-6.848371308149668,3.7878985466636936,-0.574075544282183,1.8934071299461488
-1.0976182684034717,1.7874797683670702,-6.848343858889169,3.7868142598922976,-0.5749595367341329,1.8958512913548307
-1.1094681750627515,1.7867817840262081,-6.850060207112308,3.7917025827096613,-0.5735635680524086,1.8942288050234655
-1.117340752067431,1.7867793166936572,-6.850732145139988,3.788457610046931,-0.573558633387307,1.8946303799468092
-1.1252690345570482,1.7866334937442452,-6.851641159212763,3.7892607598936183,-0.573266987488483,1.8944453876387701
-1.1355913475959127,1.785474959912815,-6.854049626370726,3.7888907752775403,-0.5709499198256225,1.8911632791051372
-1.148815394101745,1.784967021474393,-6.855478912576575,3.7823265582102743,-0.5699340429487784,1.8909109425510298
-1.1669698828782131,1.7848178736270748,-6.8563510333491555,3.7818218851020595,-0.5696357472541423,1.8914697016942985
-1.187531636376936,1.7831509889258963,-6.859508544194113,3.782939403388597,-0.5663019778517852,1.8857790786000486
-1.1979303974570934,1.7831950742053686,-6.860113894245417,3.771558157200097,-0.5663901484107298,1.8856374641996108
-1.2161220671591861,1.7828206444065477,-6.861356474638057,3.7712749283992215,-0.565641288813088,1.8849062888283512
-1.2315537833622363,1.7826352143893158,-6.8623009742694245,3.7698125776567024,-0.565270428778624,1.8833197987751773
-1.2492446846707477,1.782690896533647,-6.862880757217219,3.7666395975503546,-0.5653817930672861,1.8831092509166723
-1.2681671753875516,1.7821698777716564,-6.864343919991685,3.7662185018333445,-0.5643397555433047,1.8807657030827036
-1.2873109045228022,1.7821560959853624,-6.865015615572581,3.7615314061654073,-0.5643121919707167,1.8809470356497777
-1.3095575142813916,1.7826576615299294,-6.86493194079029,3.7618940712995554,-0.565315323059851,1.8824648320545456
-1.3341324455633519,1.7825441486821736,-6.865782684868212,3.7649296641090912,-0.5650882973643395,1.8810640075434804
-1.3558386828257927,1.782880722139995,-6.865922941502756,3.7621280150869607,-0.5657614442799821,1.8818489687672624
-1.3732697463582113,1.7825503888872685,-6.867065086705965,3.7636979375345248,-0.5651007777745292,1.8807712422510254
-1.3841010788885288,1.7828730457547817,-6.867251402983529,3.761542484502051,-0.5657460915095556,1.8815291998109482
-1.399012976462318,1.7818571683045787,-6.8693903488807155,3.7630583996218965,-0.5637143366091497,1.8818163033073216
-1.406401046672487,1.7817283261238608,-6.870265250407187,3.7636326066146433,-0.5634566522477137,1.8838671165017993
-1.417898962554089,1.78259333580929,-6.869630126160932,3.7677342330035986,-0.5651866716185722,1.8858471239344643
-1.4342798897750413,1.7833017182307966,-6.869211940710128,3.7716942478689286,-0.5666034364615853,1.8893146880989966
-1.441171841985713,1.7827226745342335,-6.870778260402748,3.778629376197993,-0.5654453490684591,1.888469681202522
-1.4400624119616436,1.7827275857007072,-6.871422471850847,3.776939362405044,-0.5654551714014067,1.8892282644291634
-1.4418590958956532,1.7820230305582454,-6.873077701524372,3.7784565288583267,-0.5640460611164828,1.8900686410605927
-1.4355880822824538,1.7819947402126888,-6.873840396073232,3.7801372821211854,-0.5639894804253697,1.8900569216370287
-1.4311283682553544,1.7818699909832596,-6.874652833683787,3.7801138432740573,-0.5637399819665113,1.8929383513860305
-1.4252687011235352,1.7811998252702204,-6.876367312876054,3.785876702772061,-0.5623996505404326,1.8913886816441448
-1.4102483517426165,1.7805616266956688,-6.8779692187543535,3.7827773632882895,-0.5611232533913294,1.8917654937575545
-1.39841851263781,1.7806551735090843,-6.878529083161767,3.783530987515109,-0.5613103470181603,1.8915794221846611
-1.3891985999295384,1.7800860522932602,-6.880062827654007,3.7831588443693223,-0.560172104586512,1.8901540314778136
-1.3765292740897968,1.7807894442374848,-6.879665203524398,3.780308062955627,-0.5615788884749613,1.8932243963804858
-1.3699020935464983,1.7803250485159303,-6.881051171216511,3.7864487927609716,-0.5606500970318523,1.8921270363941494
-1.3535815504320476,1.7799464226755963,-6.882297869413601,3.7842540727882987,-0.5598928453511842,1.8911386673583126
-1.3395988231289664,1.779740664384635,-6.883235459566996,3.782277334716625,-0.5594813287692617,1.8916277781166693
-1.3306907431874695,1.7800717663270966,-6.883436198350571,3.7832555562333385,-0.560143532654185,1.8927959537127996
-1.323559419933611,1.7793490851239793,-6.8852105914512265,3.7855919074255993,-0.5586981702479501,1.8911151097664143
-1.3139520369233217,1.7798323829355667,-6.885177968434994,3.7822302195328286,-0.559664765871125,1.892876038704102
-1.309409022714222,1.7799689941592431,-6.8856629081958465,3.785752077408204,-0.5599379883184779,1.8935135149788132
-1.3033380617902957,1.7787973042164555,-6.888152690484629,3.7870270299576263,-0.5575946084329024,1.89056339579474
-1.2886101241591108,1.7792415757591984,-6.88814843535958,3.78112679158948,-0.5584831515183883,1.8932290932105442
-1.283206115360307,1.7785565873751439,-6.889829310336437,3.7864581864210884,-0.5571131747502795,1.892386322824209
-1.277827980529075,1.7785747736684068,-6.890483720664996,3.784772645648418,-0.5571495473368052,1.8923503697621005
-1.2818906044565832,1.7778248762181943,-6.8923746915977,3.784700739524201,-0.5556497524363802,1.8912169982509643
-1.2814316140962552,1.7768540686755407,-6.894451660308584,3.7824339965019287,-0.553708137351073,1.890616457855254
-1.2846984898306495,1.7772206546386473,-6.894601906527879,3.781232915710508,-0.5544413092772862,1.89094406731952
-1.2928896763472473,1.7773802951499424,-6.8950656684586065,3.78188813463904,-0.5547605902998762,1.8909648406126311
-1.2988810576421166,1.7778556369333742,-6.89505721473263,3.7819296812252623,-0.5557112738667398,1.8915151127563818
-1.3045715125972057,1.7775123545356384,-6.89622550114272,3.7830302255127637,-0.555024709071268,1.893104484538791
-1.302738865022742,1.778023083850753,-6.896104880884663,3.786208969077582,-0.5560461677014968,1.896696804139186
-1.3019163594784473,1.7787537041007941,-6.895721005566693,3.793393608278372,-0.5575074082015791,1.8985613390145593
-1.299566684351305,1.7782906198453754,-6.897116524261653,3.7971226780291185,-0.5565812396907415,1.8985704111117272
-1.2876210921751907,1.7781361748758238,-6.898019621722746,3.7971408222234544,-0.5562723497516383,1.8997374976440113
-1.2829059657273971,1.7781216144886283,-6.898719764654698,3.7994749952880227,-0.5562432289772473,1.8996278770554054
-1.2772379741793944,1.7776331536797552,-6.900140211702746,3.7992557541108107,-0.5552663073595009,1.8982169123761852
-1.2687573660081206,1.7781990149563152,-6.89997701125266,3.7964338247523703,-0.556398029912621,1.9003243159238787
-1.2644875920537606,1.7774325892976082,-6.901831022725233,3.8006486318477575,-0.5548651785952071,1.8976124475289715
-1.2557466317788517,1.7773927525442534,-6.902560713383694,3.795224895057943,-0.5547855050884978,1.898412706999553
-1.2492324844168685,1.7772614344252593,-6.903437614775056,3.796825413999106,-0.5545228688505097,1.8979729054221126
-1.2454711211201221,1.7767642403397395,-6.904908750427506,3.795945810844225,-0.5535284806794699,1.89636078094149
-1.242319171914013,1.7764842156900014,-6.906023488063242,3.79272156188298,-0.5529684313799939,1.8952442942546095
-1.2368220304017932,1.7765172641446427,-6.9066766182805335,3.790488588509219,-0.5530345282892766,1.8950142918836246
-1.236046497791385,1.7756967381043791,-6.908623126804277,3.790028583767249,-0.5513934762087495,1.8938212620793373
-1.2297400554994988,1.775297268187197,-6.909943944193935,3.7876425241586746,-0.5505945363743853,1.8923685323400634
-1.2286817877542022,1.7755000994507872,-6.910284373021836,3.784737064680127,-0.5510001989015658,1.8941143686914113
-1.2277025349515664,1.7754243279498396,-6.911080803120431,3.7882287373828225,-0.5508486558996705,1.8945976085571132
-1.2204205443076157,1.7753341073283042,-6.911975447537065,3.7891952171142265,-0.5506682146565998,1.8933648966713073
-1.2155284246312528,1.77655058722884,-6.910826621282677,3.7867297933426145,-0.5531011744576715,1.896016150973666
-1.215485704478069,1.7770414679954667,-6.910765779341891,3.792032301947332,-0.5540829359909245,1.8975375867243633
-1.2093629295183446,1.7771651006727025,-6.911263191038224,3.7950751734487267,-0.554330201345396,1.8973410910846045
-1.198201230672396,1.7774855291474168,-6.911480197173573,3.794682182169209,-0.5549710582948245,1.8999847409046287
-1.1898734789194299,1.7782361937267777,-6.91108158646806,3.7999694818092573,-0.5564723874535462,1.9009497648603186
-1.1851851900570196,1.7778940640988061,-6.912304481380001,3.8018995297206373,-0.5557881281976031,1.9002363458156337
-1.1716466536575005,1.7772250797758289,-6.914020659682884,3.8004726916312674,-0.5544501595516488,1.8982056617966174
-1.1584783345570182,1.7773629005250695,-6.914504144458384,3.796411323593235,-0.5547258010501303,1.8983019683486455
-1.1508159633535122,1.776923349401107,-6.915854107210667,3.796603936697291,-0.5538466988022052,1.8970748686909278
-1.1388857478643457,1.7770416127307302,-6.916383188059442,3.7941497373818556,-0.5540832254614517,1.8975131170348076
-1.1338529209507975,1.7763563110772453,-6.9181038530897885,3.7950262340696153,-0.5527126221544817,1.8948673561572607
-1.1228255282199804,1.7755886906833522,-6.919920264719837,3.7897347123145213,-0.5511773813666955,1.8941800033804377
-1.1150473988610443,1.7756209858729783,-6.920563520489646,3.7883600067608754,-0.5512419717459475,1.894431109246626
-1.1125928768862412,1.7763499628504917,-6.920131989740065,3.788862218493252,-0.5526999257009741,1.8963719474969343
-1.1096272679926606,1.7769112123377964,-6.9200008406446445,3.7927438949938685,-0.5538224246755835,1.8981127973032907
-1.1011471335509064,1.7778312180618419,-6.9193107089649395,3.7962255946065815,-0.5556624361236744,1.9004522823278038
-1.0910664006174073,1.7775789444142702,-6.92036190841543,3.8009045646556077,-0.5551578888285311,1.89990910487019
-1.0693757078861914,1.777046769069244,-6.921850100262029,3.79981820974038,-0.5540935381384784,1.8999913086190607
-1.0466155336613818,1.7771012815172567,-6.922466389199413,3.7999826172381215,-0.5542025630345037,1.8996577009543831
-1.029362039481092,1.776934621442207,-6.923417274387476,3.7993154019087663,-0.5538692428844042,1.8997806806200732
-1.0113480524872456,1.7766925123016346,-6.924445329336974,3.7995613612401464,-0.5533850246032594,1.9000324960445583
-0.9940364215158874,1.7767660709299258,-6.925058675085507,3.8000649920891165,-0.5535321418598416,1.8992141159584008
-0.9860950979408285,1.777018345842409,-6.92537134038796,3.7984282319168017,-0.5540366916848076,1.8995105932465568
-0.9813960674141411,1.7767107303238685,-6.926524992180766,3.7990211864931136,-0.5534214606477266,1.8997377840098084
-0.9751729000772915,1.7767423062646233,-6.9272098922792456,3.799475568019617,-0.553484612529236,1.898545428495277
-0.9734707656021744,1.7764570898214103,-6.928383432617825,3.797090856990554,-0.5529141796428101,1.8972171236055175
-0.9753956497284522,1.7762566758130562,-6.92934682912794,3.794434247211035,-0.552513351626102,1.8970506509248228
-0.9778644222666326,1.7765353756157054,-6.929621866870417,3.7941013018496457,-0.5530707512314004,1.8977662316456012
-0.979766275887771,1.7769079905920293,-6.929752174037799,3.7955324632912024,-0.5538159811840484,1.8980778016452406
-0.981616283798461,1.7772099609935472,-6.929972091302439,3.7961556032904813,-0.554419921987084,1.8990193113848923
-0.979635034844839,1.7772643689916363,-6.930595048643294,3.7980386227697847,-0.5545287379832624,1.8990244021477938
-0.9764253998177548,1.7770972972305947,-6.931550229330162,3.7980488042955876,-0.554194594461179,1.9011301912890497
-0.9694728740264775,1.7777476854693628,-6.931277263301312,3.8022603825780994,-0.5554953709387153,1.9023507169070792
-0.9620946131156476,1.7779009937435197,-6.931771245622476,3.8047014338141585,-0.5558019874870292,1.9032785610370848
-0.9504948292388224,1.7782154310996106,-6.932000385473071,3.8065571220741696,-0.5564308621992109,1.9044997687277356
-0.9428296735865569,1.7772404311489776,-6.934202640152241,3.8089995374554713,-0.5544808622979448,1.900284315156472
-0.9336333556849308,1.7760305855239245,-6.936690943313042,3.800568630312944,-0.5520611710478385,1.897297580478595
-0.9339234525022695,1.7763590937193,-6.9368887159681485,3.79459516095719,-0.5527181874385894,1.897408541775445
-0.9427734816753901,1.7767533613914963,-6.936970041792263,3.79481708355089,-0.553506722782982,1.8987655049134942
-0.9478713141110173,1.7765889722676818,-6.93791920392962,3.7975310098269883,-0.5531779445353529,1.900967813486653
-0.9500199971323173,1.7770628234587957,-6.937942228026829,3.801935626973306,-0.5541256469175807,1.9040700663896195
-0.9539228599838987,1.7774856659243543,-6.937962027114896,3.808140132779239,-0.5549713318486978,1.905763324762758
-0.95424510418023,1.7773768205387528,-6.938819678703047,3.811526649525516,-0.554753641077495,1.9057584258936944
-0.95146164190884,1.7777680678775276,-6.93892525702551,3.8115168517873887,-0.5555361357550446,1.9060690655367338
-0.9518577125122203,1.7777311213249418,-6.9397068236127275,3.8121381310734677,-0.5554622426498731,1.9066573129921045
-0.9476754454954586,1.7776194615680379,-6.9405458538407565,3.813314625984209,-0.555238923136065,1.907038559499274
-0.9437650353804115,1.777675850442308,-6.941202483717943,3.814077118998548,-0.5553517008846053,1.9057909066775491
-0.9394247587248818,1.777837814109953,-6.941663312808102,3.8115818133550983,-0.5556756282198949,1.9082887345883663
-0.9341906549224914,1.7777019292012632,-6.942576795951108,3.8165774691767327,-0.5554038584025155,1.907834820680301
-0.9289141113869928,1.7775556484048765,-6.943488808507505,3.815669641360602,-0.5551112968097419,1.9110728610492798
-0.9263607063555721,1.7767953024740615,-6.945336124192941,3.8221457220985595,-0.5535906049481119,1.9097116550814277
-0.9246841204622909,1.7765436743896195,-6.946419886079844,3.8194233101628554,-0.5530873487792277,1.908617578680694
-0.9283168423867956,1.7772107941815856,-6.946136456157502,3.817235157361388,-0.5544215883631599,1.9101018656588111
-0.934797872238585,1.778076280479954,-6.945576017165719,3.8202037313176223,-0.5561525609598964,1.9105431877150456
-0.9417882417430663,1.777585124103922,-6.9470045131440665,3.821086375430091,-0.5551702482078327,1.9096091833690474
-0.9415839431750648,1.7773367710442345,-6.948070508025884,3.819218366738095,-0.5546735420884576,1.908986655252557
-0.9460314632873397,1.7767167407436457,-6.949735119135893,3.817973310505114,-0.5534334814872803,1.90770240130225
-0.946175832673501,1.7774809033866572,-6.9492502793003466,3.8154048026045,-0.5549618067733034,1.9115286278776649
-0.9472219560747899,1.7775152509714927,-6.949896048256149,3.8230572557553297,-0.5550305019429743,1.9119746882797635
-0.9439685620432581,1.777432975271562,-6.950703506756899,3.823949376559527,-0.5548659505431134,1.9133872679984232
-0.942324075634775,1.7780052101050634,-6.950516627387033,3.8267745359968464,-0.5560104202101159,1.9168486567431173
-0.9419474035777942,1.778668916254684,-6.950220621993304,3.8336973134862347,-0.5573378325093572,1.9177656453888736
-0.941263485237454,1.7788452754523534,-6.950666147367389,3.8355312907777472,-0.5576905509046958,1.9173086271420785
-0.9380591109250318,1.7788960384153987,-6.951293784488351,3.834617254284157,-0.5577920768307864,1.9174059130902754
-0.9331444153094983,1.7792124730656695,-6.951501291028878,3.834811826180551,-0.5584249461313282,1.9199107037647178
-0.9307375017452992,1.7790870873572788,-6.9523983856903735,3.8398214075294357,-0.5581741747145467,1.9186225430549886
-0.9254332982180911,1.7793890483738255,-6.952661330106555,3.837245086109977,-0.5587780967476399,1.9187989291579528
-0.9213094034892473,1.7794961910957143,-6.953163102624731,3.8375978583159056,-0.5589923821914176,1.9199174687255403
-0.9155316582826236,1.7795312112619748,-6.953809427439086,3.8398349374510805,-0.5590624225239385,1.9192597329405947
-0.9098722413789053,1.7789222921156713,-6.955389255037978,3.8385194658811894,-0.5578445842313318,1.9184951680394025
-0.9018351088226071,1.7797654353877814,-6.954806826408299,3.836990336078805,-0.5595308707755522,1.9199651683775436
-0.8996557080738512,1.7801651291015865,-6.954898905626099,3.839930336755087,-0.5603302582031625,1.9226907238636968
-0.888244366035444,1.7796704025963597,-6.956301977738659,3.8453814477273935,-0.5593408051927087,1.921735713316912
-0.871379508573999,1.779409280288153,-6.957407050452103,3.843471426633824,-0.5588185605762951,1.9224474306240722
-0.861077817571382,1.7800523455046635,-6.957138382175042,3.8448948612481444,-0.5601046910093161,1.9243188273171812
-0.8591811223968158,1.780317225799157,-6.957465052091718,3.8486376546343624,-0.5606344515983034,1.9241493900253064
-0.8507436008150053,1.7804585536342485,-6.957919998861267,3.8482987800506128,-0.5609171072684862,1.9261183987416037
-0.8396907624545529,1.7810004193167046,-6.957853899090479,3.8522367974832075,-0.5620008386333983,1.9262265352346875
-0.82613078368228,1.7814284188304939,-6.957897007462048,3.852453070469375,-0.562856837660977,1.9276076214791114
-0.8138664083828226,1.7804791277103535,-6.960038821398922,3.8552152429582227,-0.5609582554206962,1.9258376827964283
-0.7963827267365184,1.7803588542649997,-6.960924457400461,3.8516753655928566,-0.5607177085299884,1.9252976124723553
-0.7853032769529813,1.7806533519403198,-6.961217815321257,3.8505952249447106,-0.5613067038806286,1.926424143147853
-0.7791678802958071,1.7810511528327846,-6.961332181075086,3.852848286295706,-0.5621023056655581,1.9271549571011086
-0.775688090371748,1.7805821771043921,-6.962770386694865,3.8543099142022172,-0.561164354208773,1.9243181263808882
-0.7692512082348104,1.7801518645211276,-6.964105684884727,3.8486362527617763,-0.560303729042244,1.9242386280496813
-0.7658464803403726,1.7795270848167892,-6.965763479040576,3.8484772560993625,-0.5590541696335671,1.9229542168328326
-0.7660005823430645,1.779330425282296,-6.966805253237947,3.8459084336656653,-0.5586608505645806,1.9208500985224375
-0.769941092949372,1.7783410585789825,-6.969019232386541,3.841700197044875,-0.5566821171579539,1.918009278047337
-0.7748129103647194,1.7794112376417452,-6.968107259710022,3.836018556094674,-0.5588224752834794,1.9186990604073217
-0.7903650577024317,1.7794776947858526,-6.96872730478791,3.8373981208146435,-0.558955389571694,1.9180839940717953
-0.7980249289378998,1.7801265486439313,-6.968456148538187,3.8361679881435906,-0.5602530972878511,1.922456464790262
-0.8042230057416706,1.779807658409108,-6.969625233257815,3.844912929580524,-0.5596153168182045,1.92129369491277
-0.8093791732830526,1.7797709413273357,-6.970320411179102,3.84258738982554,-0.5595418826546601,1.9228195789793843
-0.8191457427023634,1.7795374082633948,-6.971425482570972,3.8456391579587685,-0.5590748165267783,1.9215319068516294
-0.8263112294186872,1.779987281369483,-6.971434829771896,3.843063813703259,-0.5599745627389549,1.9226119685501648
-0.8352567806147873,1.7803483507535505,-6.971645653851228,3.8452239371003296,-0.56069670150709,1.9225482638868865
-0.8450696649482756,1.7795714141910566,-6.973506270445286,3.845096527773773,-0.5591428283821022,1.9218328310118298
-0.8516528260584302,1.7800347957079101,-6.973559398537794,3.8436656620236596,-0.5600695914158093,1.921626876200885
-0.8656903361080284,1.7805609919946301,-6.973459599188018,3.84325375240177,-0.5611219839892492,1.9240928908010382
-0.8803664603762371,1.7797041642117373,-6.97547088824146,3.8481857816020764,-0.5594083284234633,1.9212888242720132
-0.890937479105812,1.7793810784168524,-6.976689431771473,3.8425776485440264,-0.5587621568336938,1.9197000421961645
-0.902275342442465,1.7775899295193478,-6.980088945330277,3.839400084392329,-0.5551798590386846,1.9135121430401099
-0.9107300507872438,1.7781707190060396,-6.979923285835645,3.8270242860802197,-0.5563414380120681,1.9136055346564094
-0.9343590893352349,1.778326204439136,-6.980428025073776,3.8272110693128187,-0.5566524088782608,1.9127109156407645
-0.9556192794092588,1.7781449237941014,-6.981381006290054,3.825421831281529,-0.5562898475881917,1.9137402133564345
-0.9726622190713305,1.778133575607871,-6.9820990248508865,3.827480426712869,-0.556267151215731,1.9132005788480666
-0.9884749261983297,1.7775576006713167,-6.983671866344526,3.826401157696133,-0.5551152013426223,1.9114124653478155
-0.9994178959119981,1.777176775288454,-6.984942212030548,3.822824930695631,-0.5543535505768966,1.9119094476308274
-1.012131465956866,1.776438252810752,-6.986714232889739,3.8238188952616547,-0.5528765056214926,1.9127433437398202
-1.0206369595692157,1.7763869248915536,-6.98749790082904,3.8254866874796405,-0.5527738497830956,1.912546536545497
-1.0398131194832212,1.7768517891320617,-6.9875287542685145,3.825093073090994,-0.5537035782641117,1.9131329906859058
-1.0603427734169548,1.7763077424978588,-6.989096689649309,3.8262659813718116,-0.5526154849957058,1.9112943773083046
-1.0788307575075917,1.7763201746167496,-6.9898111671130065,3.8225887546166093,-0.5526403492334876,1.9106497705370968
-1.0992180699989298,1.7766027132710764,-6.990056496606064,3.8212995410741937,-0.5532054265421413,1.9118153819588393
-1.1194817202030656,1.7766128319938215,-6.990742318654209,3.8236307639176785,-0.5532256639876315,1.913802417943024
-1.1357323402721642,1.7763683946801947,-6.9918580118454505,3.827604835886048,-0.5527367893603777,1.9122014679913304
-1.1529590582812652,1.7768206456434759,-6.991876070877991,3.824402935982661,-0.55364129128694,1.9126041861082748
-1.1744278175610452,1.776325512905887,-6.993292850507103,3.8252083722165495,-0.5526510258117624,1.914095043143572
-1.1866576093440164,1.7763338712818717,-6.993986629426104,3.828190086287144,-0.5526677425637316,1.9153280600766565
-1.2042791310854986,1.774912349617073,-6.996841244303065,3.830656120153313,-0.5498246992341338,1.9119365572801459
-1.2203688066300815,1.7744567796690773,-6.998225237716635,3.8238731145602918,-0.5489135593381427,1.9101942771668863
-1.2406296059179782,1.7742214801251768,-6.999289843519146,3.8203885543337726,-0.5484429602503414,1.9101272841530357
-1.2613241882126873,1.7739717027814814,-7.000398121119613,3.8202545683060714,-0.5479434055629506,1.9106322044649642
-1.2741629648944768,1.7745592182954115,-7.000246055418131,3.8212644089299284,-0.5491184365908109,1.9113829982137827
-1.2927128883227779,1.7739616055807217,-7.001877642346818,3.8227659964275653,-0.5479232111614313,1.909777489181949
-1.305135705647011,1.7738911235227321,-7.002729474244737,3.819554978363898,-0.5477822470454521,1.908525569210328
-1.3201165715546033,1.7740951451426779,-7.00317475836307,3.817051138420656,-0.5481902902853433,1.9080876253009824
-1.3353180332686403,1.774420180515101,-7.003375603702872,3.816175250601965,-0.5488403610301896,1.9095994614843224
-1.3461716817099223,1.7746160615403077,-7.003777569907868,3.8191989229686447,-0.5492321230806031,1.9105726148546576
-1.352244576086913,1.7751132387917665,-7.003760674272651,3.821145229709315,-0.5502264775835207,1.911703581308965
-1.3535672335406188,1.7751015237443923,-7.004515678478827,3.82340716261793,-0.5502030474887726,1.9121455846020825
-1.3498476831340414,1.7747256106459457,-7.0057683173702,3.824291169204165,-0.5494512212918792,1.9114611157616421
-1.3470856260142368,1.774673999051845,-7.0065215074658065,3.8229222315232843,-0.5493479981036776,1.9115375223036883
-1.3436317051410684,1.7741009514310793,-7.008068789246498,3.8230750446073767,-0.5482019028621463,1.9107231362386286
-1.3385527532835502,1.774023658894916,-7.00891228818331,3.821446272477257,-0.5480473177898197,1.9104390529054704
-1.3384445540648287,1.774388906078211,-7.0090204802406655,3.820878105810941,-0.5487778121564097,1.912357606956567
-1.3394533074386743,1.7745496793718376,-7.009506796203962,3.824715213913134,-0.5490993587436629,1.9144821981023354
-1.3362050721674672,1.7745252285811755,-7.010286901106551,3.828964396204671,-0.5490504571623387,1.9143834185195632
-1.3336430933533379,1.7743584672473638,-7.011234275871623,3.8287668370391263,-0.5487169344947155,1.914932895078407
-1.3280534347567619,1.7735736544329308,-7.013183394845257,3.829865790156814,-0.5471473088658495,1.9127866483007883
-1.3214029221110053,1.7739418674905338,-7.013399883719065,3.8255732966015765,-0.5478837349810555,1.9126989835186727
-1.3145115565124526,1.773583701873917,-7.01467925699001,3.8253979670373455,-0.5471674037478216,1.9116113776960988
-1.3013616563214923,1.7735782720015247,-7.015384100942281,3.8232227553921976,-0.5471565440030371,1.912093969959116
-1.2895850997609166,1.7729521039442504,-7.017038017431256,3.824187939918232,-0.5459042078884883,1.9111094344822621
-1.2749235680551925,1.7732281217961925,-7.017315410558282,3.8222188689645242,-0.5464562435923724,1.9120749372836299
-1.2687978857016944,1.7737401088939795,-7.017270782931645,3.8241498745672597,-0.5474802177879464,1.912995304726602
-1.2588897458879593,1.7738167731886376,-7.01789153767972,3.825990609453204,-0.5476335463772625,1.9125624024803412
-1.2448756807799564,1.7729173484250627,-7.019923847555617,3.8251248049606823,-0.5458346968501128,1.9122470083921788
-1.2293193865452103,1.7729748287141782,-7.020520018894904,3.8244940167843575,-0.545949657428344,1.9126954599858663
-1.2224483454809603,1.7736074262432526,-7.020260725577392,3.8253909199717326,-0.5472148524864929,1.9139821041122707
-1.2180441477917707,1.7742673397057396,-7.0200074009735305,3.8279642082245413,-0.5485346794114669,1.9149206138126231
-1.213237544367459,1.7741188854726224,-7.020969337127767,3.8298412276252463,-0.5482377709452328,1.9135903050100183
-1.2031110693010163,1.7741976154991728,-7.0215913018137925,3.8271806100200365,-0.5483952309983334,1.912995653063197
-1.1927810344977416,1.7741185206446157,-7.022409602035008,3.825991306126394,-0.5482370412892195,1.9137567019350565
-1.1817946497008363,1.7735842160849162,-7.023939927421618,3.827513403870113,-0.5471684321698204,1.9111224675584257
-1.1676123909885527,1.7743246450386838,-7.023514166793984,3.8222449351168515,-0.5486492900773553,1.9134341813904354
-1.1592893436679645,1.7739781315722558,-7.024738303514546,3.826868362780871,-0.5479562631444992,1.91321389272313
-1.1465431662373105,1.7743412328162758,-7.024916996371969,3.82642778544626,-0.5486824656325391,1.9146459363421762
-1.1385570113077383,1.7743793568182502,-7.025571403966216,3.8292918726843523,-0.5487587136364879,1.91476833966864
-1.1282038464677928,1.7740532114665433,-7.0267381767866315,3.82953667933728,-0.5481064229330738,1.9170129817862942
-1.1164215726345796,1.7740785128020247,-7.027449596567629,3.8340259635725884,-0.5481570256040366,1.9170570437792636
-1.1037819870009171,1.773985665835126,-7.0283304329733625,3.834114087558527,-0.5479713316702391,1.9175435965996344
-1.0931696303717686,1.7733606571205087,-7.029997292665954,3.8350871931992687,-0.5467213142410045,1.9171337002108744
-1.0804581749740265,1.7736046325333104,-7.030354760005939,3.8342674004217487,-0.5472092650666076,1.9178853510148002
-1.0734462892647088,1.773449497217116,-7.0313227838854155,3.8357707020296004,-0.5468989944342186,1.9179684105559887
-1.0616461698700066,1.7726073522984462,-7.0332744801205145,3.8359368211119773,-0.5452147045968792,1.916398345233749
-1.050887816984127,1.773198250297925,-7.033096724061572,3.832796690467498,-0.5463965005958369,1.9176018852142493
-1.0509359378441303,1.772588026770713,-7.034754903326158,3.8352037704284987,-0.545176053541413,1.9159360444950053
-1.0457081342997094,1.7716478574210341,-7.036919666659262,3.8318720889900106,-0.5432957148420551,1.9129129569473902
-1.0388096736201122,1.771295827193767,-7.038150535018706,3.8258259138947803,-0.542591654387521,1.9127938862617337
-1.0386316894074215,1.77181169141526,-7.038116325671515,3.8255877725234675,-0.5436233828305065,1.91375214538324
-1.0461748077836113,1.7708150873968087,-7.040314669289951,3.82750429076648,-0.5416301747936039,1.9126012717782277
-1.0512532909618226,1.7694443361477545,-7.043087350881256,3.8252025435564554,-0.5388886722954958,1.9092931375157598
-1.0597800653758256,1.7696933693720995,-7.043424939495217,3.8185862750315196,-0.5393867387441856,1.9108280409826826
-1.079511489719411,1.768846051141795,-7.045408804511915,3.821656081965365,-0.5376921022835766,1.9094588994951798
-1.0952055454269818,1.7696054169529873,-7.044954114157267,3.8189177989903595,-0.5392108339059616,1.9134133184006776
-1.11669856051945,1.769890879469035,-7.045255935323345,3.8268266368013553,-0.5397817589380567,1.9132821607294275
-1.1371229313186682,1.7696695160212357,-7.046281727137466,3.826564321458855,-0.5393390320424581,1.9142694944673846
-1.153282276366415,1.7703562581201104,-7.045986088698634,3.828538988934769,-0.5407125162402078,1.91526398942794
-1.1747954572362023,1.77024852295318,-7.046924150484079,3.83052797885588,-0.5404970459063467,1.913848757277254
-1.1907894679500712,1.76991963181474,-7.048140857635781,3.827697514554508,-0.5398392636294673,1.9140539142136388
-1.2051481346859498,1.7704299355490762,-7.048084394144624,3.8281078284272776,-0.5408598710981396,1.9150631706747365
-1.2232689828887073,1.769589117805893,-7.050081909059866,3.830126341349473,-0.5391782356117727,1.913189237089728
-1.2345856192952693,1.7705647210352378,-7.049352028512683,3.826378474179456,-0.5411294420704623,1.9142185663911524
-1.2511670212815469,1.7711581536453767,-7.049189563395217,3.828437132782305,-0.54231630729074,1.9191621748914718
-1.262268397586042,1.7715867592792232,-7.0492329689103785,3.8383243497829436,-0.5431735185584329,1.9218413944042407
-1.2685882553668018,1.7715539798443165,-7.05004321119369,3.8436827888084815,-0.5431079596886198,1.921787863019611
-1.2668372540277595,1.7713595463260483,-7.051116232726,3.843575726039222,-0.5427190926520835,1.9197751803202
-1.2675277374826583,1.7708282575628975,-7.052676459425315,3.8395503606404,-0.541656515125782,1.9182367820073536
-1.2648653128835,1.7698075879303041,-7.054981798746265,3.836473564014707,-0.539615175860595,1.9149776535115397
-1.2585391279599412,1.7700552078221365,-7.0554026668404335,3.8299553070230794,-0.5401104156442598,1.9147372082769907
-1.2579462666979984,1.7705083560637185,-7.055429388210982,3.8294744165539814,-0.5410167121274235,1.9174902453836744
-1.2589141455256492,1.7712850113980483,-7.055009312335797,3.834980490767349,-0.5425700227960831,1.9183266309442064
-1.252946882881731,1.7702940714129907,-7.057228099223538,3.836653261888413,-0.540588142825968,1.9167286022914045
-1.2313897100814133,1.7702112572665054,-7.058115257026928,3.833457204582809,-0.5404225145329973,1.9165686802639639
-1.2176650875085206,1.7708544501398453,-7.057917147747567,3.8331373605279278,-0.5417089002796771,1.9177934143448536
-1.2017316626317704,1.7712731010117861,-7.058030677996995,3.8355868286897072,-0.5425462020235589,1.9189085736858216
-1.1856638771393548,1.7710783606899754,-7.059065977340299,3.837817147371643,-0.5421567213799373,1.917443879570341
-1.1671491091655923,1.7711786483453964,-7.059592453922984,3.834887759140682,-0.5423572966907794,1.918408975041821
-1.1492073906814335,1.7711928344744003,-7.060261885876432,3.836817950083642,-0.542385668948787,1.9171341624817428
-1.1342236573834246,1.770693053539315,-7.061732542256541,3.8342683249634857,-0.5413861070786163,1.9166494320696963
-1.117384325993557,1.770860310062146,-7.062185406476896,3.8332988641393926,-0.5417206201242785,1.9174667473869862
-1.1031976052212684,1.7705471834010642,-7.063363279736805,3.8349334947739724,-0.5410943668021149,1.9192925660409728
-1.089879882727904,1.771285724549217,-7.062963783841825,3.8385851320819455,-0.5425714490984206,1.921116887808462
-1.077027393835591,1.7714018883494824,-7.063528029915025,3.842233775616924,-0.5428037766989513,1.921935383929509
-1.0643706758176021,1.77185603081128,-7.063586543797291,3.843870767859018,-0.5437120616225467,1.9232043055698436
-1.0555691406072176,1.7716056403757034,-7.064718589243766,3.846408611139687,-0.5432112807513934,1.9229287649145674
-1.0453404022530624,1.7712469058741083,-7.066017594112301,3.845857529829135,-0.5424938117482028,1.9209799209133371
-1.0364353442860628,1.7695252030801008,-7.069357049243253,3.8419598418266743,-0.5390504061601878,1.915998068308558
-1.0254647245722923,1.7687047606466924,-7.071357917380634,3.831996136617116,-0.5374095212933713,1.9126638191902838
-1.022473674249218,1.7688351077311777,-7.071901610252201,3.8253276383805677,-0.537670215462342,1.9133295866393347
-1.021584297972975,1.7688274495112475,-7.072618856748269,3.8266591732786694,-0.5376548990224815,1.913834272710665
-1.0215750382279927,1.7683554545318658,-7.074059296812536,3.82766854542133,-0.5367109090637183,1.912693863936933
-1.0233818283396898,1.7688800202439396,-7.074045607641145,3.825387727873866,-0.537760040487866,1.9117051203238737
-1.0347420179904976,1.768141570364469,-7.075866291450251,3.8234102406477475,-0.5362831407289246,1.9110580645306363
-1.0361370474680607,1.7686175554818604,-7.075872397832422,3.8221161290612726,-0.5372351109637075,1.9113307047962813
-1.0441696769135689,1.7686223382879251,-7.076613712195916,3.8226614095925626,-0.5372446765758369,1.9129695083916467
-1.0523937787641673,1.7683443839323212,-7.077719759690086,3.8259390167832934,-0.5366887678646289,1.9132596134152222
-1.0625500064566902,1.767453061007791,-7.0797879783005735,3.8265192268304444,-0.5349061220155686,1.9104540463211486
-1.0718887290606824,1.7673917195345366,-7.080647129481122,3.820908092642297,-0.5347834390690597,1.9096435468859176
-1.0883144952274533,1.766814871928691,-7.082246529681026,3.8192870937718353,-0.5336297438573683,1.9089533416003222
-1.1041054133424657,1.7658432092804301,-7.084437548177366,3.8179066832006443,-0.5316864185608469,1.9054219921626583
-1.119431323145455,1.7655444563993232,-7.08562297863521,3.8108439843253166,-0.5310889127986331,1.9042071333114208
-1.1420110577732974,1.7656430040308702,-7.086227686771111,3.8084142666228415,-0.5312860080617268,1.90443111104706
-1.1655316854687499,1.7647191232709964,-7.088399728034678,3.80886222209412,-0.5294382465419795,1.9015642912303776
-1.1899422228054535,1.7641994083926447,-7.089944251432039,3.8031285824607552,-0.5283988167852761,1.9003499793161764
-1.2202933813075356,1.764074612466021,-7.0908666347605696,3.800699958632353,-0.5281492249320286,1.9015751929586011
-1.2564731841206713,1.7631333705106873,-7.092992560881184,3.8031503859172022,-0.5262667410213614,1.9005255125022193
-1.2897398152718402,1.763565796317516,-7.093074282343524,3.8010510250044387,-0.5271315926350189,1.9016479917653015
-1.3287811364565822,1.7640175230636013,-7.093111091893775,3.803295983530603,-0.5280350461271893,1.9027433608706017
-1.3571219334811158,1.7640533436940025,-7.093823217109043,3.8054867217412034,-0.5281066873879917,1.9035520151167298
-1.3772629947867028,1.7636325151021568,-7.095149849395053,3.8071040302334596,-0.5272650302043003,1.906292317394474
-1.3960705833079912,1.7631115958314645,-7.09667148891117,3.812584634788948,-0.5262231916629156,1.905411557477029
-1.4158480327737868,1.7628826239623197,-7.097739058268761,3.810823114954058,-0.525765247924626,1.9053589648178852
-1.435748946990599,1.7621275257458964,-7.099619873153241,3.8107179296357705,-0.5242550514917794,1.9046320786614825
-1.4574579947875828,1.7621400951869202,-7.1003184480228985,3.809264157322965,-0.5242801903738271,1.9070470813027134
-1.4802818687432273,1.7617800807298523,-7.101602488140257,3.8140941626054268,-0.5235601614596915,1.9074009562903083
-1.5037330193477603,1.7623682794980429,-7.101457667703019,3.8148019125806165,-0.5247365589960727,1.907917727592383
-1.5304463103128372,1.7620169469329796,-7.102705923545029,3.815835455184766,-0.5240338938659461,1.906706853936928
-1.549142924797982,1.761543577578673,-7.104170906025715,3.813413707873856,-0.5230871551573326,1.9057962444788163
-1.5638097310650911,1.76202231231009,-7.104154925143466,3.8115924889576327,-0.5240446246201669,1.9108867935517706
-1.58187576818744,1.762027854030063,-7.104899339813945,3.821773587103541,-0.5240557080601125,1.910701575081676
-1.5920659752481177,1.7624557632644458,-7.104968911366629,3.821403150163352,-0.524911526528878,1.9148164719547234
-1.5974122476900163,1.762719620147357,-7.105333646426954,3.8296329439094468,-0.5254392402947003,1.9148291226965728
-1.5973067132218848,1.7616522826503567,-7.10773161616158,3.8296582453931456,-0.5233045653007,1.9116846448669
-1.5918694816991756,1.7618849075039382,-7.1081182210048395,3.8233692897338,-0.5237698150078633,1.913164100265695
-1.5893694810412224,1.761706524725284,-7.109118067153831,3.82632820053139,-0.5234130494505553,1.912414499845252
-1.5810232049161987,1.7614449956074698,-7.110301210314787,3.824828999690504,-0.5228899912149269,1.9131926805663062
-1.5718257454530233,1.7602474241035397,-7.112828600642901,3.8263853611326124,-0.5204948482070668,1.909738801210235
-1.556312194648478,1.7600820837555304,-7.113870433575105,3.81947760242047,-0.5201641675110481,1.9091978484997914
-1.5508085512597818,1.7595091147649178,-7.11552052082561,3.8183956969995827,-0.5190182295298227,1.9076274484244022
-1.5471051469362553,1.7600454228032643,-7.115450089639238,3.8152548968488045,-0.5200908456065159,1.909716996327386
-1.5488788594035512,1.76033822554493,-7.115728899019909,3.819433992654772,-0.5206764510898474,1.910778327924117
-1.5446213981959325,1.760855621654516,-7.115670897531704,3.821556655848234,-0.5217112433090192,1.9134032995012789
-1.5363987091473268,1.7604732133332583,-7.1170380564312445,3.8268065990025577,-0.5209464266665041,1.913298600268987
-1.5215786990392814,1.759752788346345,-7.118840562631627,3.826597200537974,-0.5195055766926777,1.9135864638170739
-1.5039868657711128,1.7592772726095138,-7.120356213241566,3.8271729276341477,-0.5185545452190153,1.9133912659551866
-1.4904551222248648,1.7586745033847155,-7.1220000307554985,3.826782531910373,-0.5173490067694186,1.9132037091591134
-1.4772205000821783,1.757830092053725,-7.124027042152325,3.826407418318227,-0.5156601841074376,1.9101240834501723
-1.4696722086314766,1.7580258190258624,-7.124504050651105,3.8202481669003445,-0.5160516380517124,1.9117227407780994
-1.4672477435401614,1.7574353354646384,-7.12615120164736,3.823445481556199,-0.5148706709292642,1.9125500446646875
-1.4596942982136492,1.75743079999087,-7.126904453869676,3.825100089329375,-0.5148615999817276,1.9146621908828714
-1.4594471647099425,1.757070855906052,-7.128200169341677,3.8293243817657427,-0.5141417118120915,1.9155408901211932
-1.4587057538778874,1.7571258442928468,-7.128884158236271,3.8310817802423864,-0.514251688585681,1.9164459093851929
-1.4635069159458345,1.756524428967899,-7.130512083942041,3.8328918187703858,-0.5130488579357855,1.9165405639386695
-1.4682284320819114,1.7564426499706105,-7.131398999285519,3.833081127877339,-0.5128852999412084,1.9162825593607253
-1.4724262011216513,1.7567428756517842,-7.131744387673722,3.8325651187214507,-0.5134857513035558,1.9158160217120952
-1.479576842383203,1.7568238028769918,-7.132384997256841,3.8316320434241904,-0.513647605753971,1.9161936736755116
-1.4840462638241725,1.7564617788009835,-7.133714354266922,3.8323873473510233,-0.5129235576019543,1.9140856435829718
-1.4859298403469037,1.756010871478646,-7.135147137482561,3.8281712871659437,-0.5120217429572791,1.9132724678584472
-1.4839665787654752,1.7559622082782438,-7.135964369127457,3.8265449357168944,-0.5119244165564748,1.9132095675148761
-1.4846608635427927,1.7560046711304609,-7.136678789870016,3.8264191350297523,-0.512009342260909,1.9135188386532707
-1.4831479207660552,1.7557055251336002,-7.137896712624832,3.8270376773065413,-0.5114110502671879,1.9137010732070758
-1.4836990853142735,1.7564578109269664,-7.137516153349747,3.8274021464141517,-0.5129156218539203,1.916726155581864
-1.4902023016278179,1.7557319087828405,-7.139363896334232,3.833452311163728,-0.5114638175656683,1.9167855116956405
-1.4918518068003932,1.7559550315401167,-7.139799299106118,3.833571023391281,-0.5119100630802208,1.9177968039250701
-1.4976791989406282,1.7565052177394724,-7.139716052167408,3.8355936078501403,-0.5130104354789322,1.9210429089134982
-1.499726952151323,1.7548355377585143,-7.143026331601622,3.8420858178269963,-0.5096710755170157,1.9168965495528874
-1.4908278748438075,1.7551969214819187,-7.143195476061864,3.8337930991057747,-0.5103938429638247,1.9191791907511255
-1.4919025786223967,1.7552844227345277,-7.143825625314313,3.838358381502251,-0.5105688454690425,1.9221296597517703
-1.4861708612858768,1.7553514537462402,-7.144493435225997,3.8442593195035406,-0.5107029074924678,1.9237630900237075
-1.4809538400575448,1.755200480740266,-7.145541243940308,3.847526180047415,-0.5104009614805193,1.9231190232020532
-1.4718445133704279,1.7550656709264916,-7.146515103641656,3.8462380464041064,-0.5101313418529707,1.9234395855693756
-1.4635735991857262,1.7549380835429307,-7.147465568647861,3.846879171138751,-0.5098761670858488,1.924880251121544
-1.45421629505781,1.7537488734371425,-7.150023505583958,3.849760502243088,-0.5074977468742726,1.9219352683528943
-1.4431629854974188,1.753955304625227,-7.150484364988416,3.8438705367057886,-0.5079106092504417,1.9245413676663456
-1.4383597339645027,1.7539884081585564,-7.1512157181554,3.8490827353326913,-0.5079768163171007,1.9236375441388833
-1.4317070360951822,1.754093456446158,-7.1518041770198035,3.8472750882777667,-0.508186912892304,1.9250109826246706
-1.4268228397996179,1.7549917434181546,-7.15125765318868,3.8500219652493413,-0.5099834868362967,1.9259372807433635
-1.4239042484841677,1.755363123603248,-7.1514651013611905,3.851874561486727,-0.5107262472064839,1.9268963287613563
-1.413038691531617,1.755618349734602,-7.151851929406735,3.8537926575227126,-0.511236699469192,1.9273779455982165
-1.3978374037867773,1.755611315743846,-7.152569550014516,3.854755891196433,-0.51122263148768,1.9308093036991103
-1.3806685807081838,1.7556596797657575,-7.153280696647943,3.8616186073982206,-0.511319359531503,1.932447772288536
-1.364078410397509,1.7552897078171266,-7.154610949308674,3.864895544577072,-0.5105794156342408,1.932818285764143
-1.3449945477305452,1.7541243537553695,-7.157088723531682,3.865636571528286,-0.5082487075107265,1.9312536364035926
-1.3303001054907853,1.754754332191894,-7.156894695949969,3.862507272807185,-0.5095086643837756,1.9346422951660336
-1.322455671400113,1.7546392575715481,-7.157871448910538,3.869284590332067,-0.5092785151430841,1.9339966352041849
-1.310895472109526,1.754502026301263,-7.158817107892836,3.8679932704083697,-0.5090040526025136,1.935624879117619
-1.303366865361392,1.7539901280322916,-7.160402329624368,3.871249758235238,-0.5079802560645711,1.9333558228577126
-1.2883360526037908,1.7541594890594048,-7.160887860981048,3.866711645715425,-0.5083189781187976,1.9350948821427305
-1.280024071656582,1.755228185046027,-7.1600756698952495,3.870189764285461,-0.5104563700920419,1.9364263389218508
-1.2740184025486547,1.7559579374659844,-7.1597492601354915,3.8728526778437016,-0.5119158749319568,1.9393250556737
-1.2620611272547295,1.7562825148232402,-7.160022236141635,3.8786501113474,-0.5125650296464682,1.9409642575882409
-1.2449063856119693,1.7570070190907845,-7.1596867161458935,3.8819285151764817,-0.514014038181557,1.9417287818293911
-1.226928820182521,1.7579811702742942,-7.158995555399385,3.8834575636587823,-0.5159623405485767,1.942994293719152
-1.205561328923313,1.757764104745191,-7.160135037465908,3.885988587438304,-0.5155282094903706,1.9431192821411427
-1.1707967035934255,1.7573894053383863,-7.161505808282708,3.8862385642822854,-0.5147788106767612,1.9423886594505928
-1.138440158069847,1.7575800623195836,-7.162028628607105,3.8847773189011856,-0.515160124639156,1.941740291047041
-1.1102177193384106,1.7575225220202138,-7.162925843751436,3.883480582094082,-0.5150450440404163,1.9429394351870959
-1.081692653282567,1.7573719931291645,-7.163973379166677,3.8858788703741918,-0.5147439862583176,1.944053935189243
-1.0589199675780305,1.7577318266666513,-7.164185576907486,3.888107870378486,-0.5154636533332915,1.9456972509946864
-1.0410307620156152,1.7585213218155669,-7.163795890750273,3.8913945019893728,-0.5170426436311227,1.9459449010516443
-1.0245063219556325,1.7586201691822503,-7.164390195637727,3.8918898021032886,-0.5172403383644896,1.9467739339269297
-1.002923804908102,1.7588586035543528,-7.164783700924128,3.8935478678538593,-0.5177172071086946,1.9484886666706691
-0.9823125150002507,1.7594781636715584,-7.1646524565445535,3.8969773333413382,-0.518956327343106,1.9482767170710567
-0.960485269875484,1.7599351441390048,-7.164752271981675,3.8965534341421133,-0.5198702882779989,1.9498724091357256
-0.9305384065267299,1.7603164640247015,-7.16495136294499,3.899744818271451,-0.5206329280493927,1.95281672160691
-0.9022907843228056,1.76041087076424,-7.165628883958284,3.90563344321382,-0.5208217415284699,1.9527242607048154
-0.8717330070288538,1.761702791992765,-7.164474776839308,3.905448521409631,-0.5234055839855201,1.9546126657666252
-0.8440848602444317,1.7621403962248385,-7.164617740826305,3.9092253315332504,-0.5242807924496673,1.9540688869948415
-0.8057216918591621,1.7630708874161825,-7.164014865194119,3.908137773989683,-0.5261417748323552,1.9541891682102697
-0.7683441156845872,1.7628392096128083,-7.1651380281435,3.9083783364205393,-0.5256784192256068,1.9523916989802166
-0.7300828841902307,1.7625513525953536,-7.166380585335264,3.904783397960433,-0.5251027051906975,1.9503499377092999
-0.6978287267781331,1.7626141659394507,-7.167089987734333,3.9006998754185997,-0.5252283318788917,1.949897893707555
-0.6707622750382845,1.7628989245773594,-7.1674320975181764,3.89979578741511,-0.525797849154709,1.9498435783538055
-0.6490460106747431,1.7638585994513554,-7.166765536647588,3.899687156707611,-0.5277171989027007,1.951271557509939
-0.6340814510987371,1.7640135782234023,-7.167356090503672,3.902543115019878,-0.5280271564467948,1.9510892110864921
-0.6122365640362935,1.7639400836767807,-7.168237663850371,3.9021784221729843,-0.5278801673535514,1.9514788999365065
-0.5886103383951298,1.7638334965635545,-7.16919774784246,3.902957799873013,-0.527666993127099,1.9503669283519063
-0.5674120033583456,1.7647748292528866,-7.16856008575272,3.9007338567038126,-0.5295496585057634,1.9520843944184776
-0.5503268735657487,1.765643213826004,-7.168027398131028,3.904168788836955,-0.5312864276519983,1.9527156361916032
-0.5286001171531378,1.7657107797234421,-7.168733516947244,3.9054312723832063,-0.5314215594468743,1.9521951451231845
-0.503290688266901,1.7660873167475493,-7.168920899327076,3.904390290246369,-0.5321746334950883,1.9545626382989403
-0.48375141100592867,1.7661719772826725,-7.169580301920804,3.9091252765978806,-0.5323439545653348,1.9535881306533986
-0.463272233232046,1.7664100870621184,-7.169988871127505,3.9071762613067973,-0.5328201741242264,1.9532420692843449
-0.4451653071186499,1.7673489400930587,-7.169348521764309,3.9064841385686897,-0.5346978801861068,1.9529963334832159
-0.43197073490106064,1.7668247838511537,-7.170923006652786,3.9059926669664318,-0.5336495677022967,1.9505447516200471
-0.413662971468967,1.7669921491738163,-7.171467161469697,3.9010895032400943,-0.5339842983476217,1.9533406392523915
-0.4025226603072847,1.7677185274091027,-7.17115959126245,3.906681278504783,-0.5354370548181946,1.953171739654242
-0.3935459563897803,1.7687425191404242,-7.170380163930553,3.906343479308484,-0.5374850382808375,1.9534944886166772
-0.38965996596974506,1.7682536556457111,-7.171877074639472,3.9069889772333544,-0.5365073112914113,1.9527156335901497
-0.379798899442946,1.7686323869205414,-7.172098565801358,3.9054312671802993,-0.5372647738410717,1.9516281095485288
-0.38009814812532117,1.7695280083372738,-7.171529734796569,3.9032562190970577,-0.5390560166745364,1.9521089366881634
-0.3796282159157851,1.769940568230641,-7.171642515831672,3.904217873376327,-0.5398811364612709,1.9533926291748058
-0.37279595543029576,1.770369453537707,-7.1717771254721026,3.9067852583496117,-0.5407389070754027,1.9538039575348096
-0.364924373175163,1.7708089089825494,-7.171892383939853,3.9076079150696192,-0.5416178179650876,1.9538029666840677
-0.3570073149534423,1.7701698913749857,-7.173632349482135,3.9076059333681354,-0.5403397827499601,1.9523808582475188
-0.34981339217655094,1.7692086310996675,-7.175889815270603,3.9047617164950377,-0.5384172621993237,1.9481849573777146
-0.3460517242233836,1.7705412401406524,-7.174635810075518,3.896369914755429,-0.5410824802812935,1.9500150170318669
-0.35261783682449455,1.7703051763552415,-7.17573178017556,3.9000300340637337,-0.5406103527104719,1.9498680416714333
-0.348071673575844,1.7701679702928785,-7.176745341438766,3.8997360833428667,-0.5403359405857457,1.9473954051343205
-0.3501476039799343,1.7702413240818202,-7.177390987050897,3.894790810268641,-0.5404826481636291,1.9456180695910479
-0.358357276493547,1.7697843817975814,-7.178872540784415,3.8912361391820958,-0.5395687635951514,1.9426555875390399
-0.36555955204721613,1.7701679739714777,-7.179059628235183,3.8853111750780798,-0.5403359479429443,1.9434808469553235
-0.3791766490282864,1.7700527449582066,-7.180008762234386,3.886961693910647,-0.5401054899164021,1.9440683965258934
-0.3902887483541235,1.7697782497042585,-7.181163560942712,3.8881367930517867,-0.5395564994085056,1.9443081935906075
-0.40291045686897675,1.7690515175654244,-7.183013321455927,3.888616387181215,-0.5381030351308373,1.942316909266003
-0.42067889616872023,1.7691961433617762,-7.183558483153175,3.884633818532006,-0.5383922867235407,1.9431225439340372
-0.4415848842561001,1.7691682702019669,-7.184361581837426,3.8862450878680743,-0.5383365404039219,1.9429632434540216
-0.4621577801103447,1.7694252406934456,-7.184716204361519,3.885926486908043,-0.5388504813868794,1.9434178568475247
-0.48723841637647336,1.77038886379486,-7.184051294160201,3.8868357136950493,-0.540777727589708,1.9447973947123882
-0.5180663118985338,1.7714486675821557,-7.1831892613837836,3.8895947894247764,-0.5428973351642997,1.9467355491935099
-0.5416021293517357,1.771747329077582,-7.183498861495307,3.8934710983870198,-0.5434946581551524,1.9473956816442743
-0.5590950446565186,1.7710870423951122,-7.185289415876862,3.8947913632885487,-0.5421740847902125,1.9438266546586938
-0.5769698225271247,1.7709827109139122,-7.186218008662437,3.8876533093173875,-0.5419654218278125,1.9420010711729345
-0.600982458723311,1.7702223535397204,-7.18808991889736,3.884002142345869,-0.5404447070794287,1.9408551377619156
-0.6255964171122219,1.7704172787003096,-7.18856560428821,3.8817102755238313,-0.5408345574006074,1.9403281811906488
-0.6577808713701812,1.7715895734541924,-7.187546138950337,3.8806563623812975,-0.543179146908373,1.94127539815969
-0.687861429285225,1.7727129483604362,-7.186575638372232,3.88255079631938,-0.5454258967208606,1.9432466808566369
-0.7062580694034244,1.7741356950395553,-7.185199885843375,3.8864933617132738,-0.5482713900790989,1.9451596372777222
-0.7258133776350553,1.7748153133259055,-7.184960715181667,3.8903192745554445,-0.5496306266517992,1.9453170368858452
-0.7333991141660547,1.7753673942605326,-7.184898350584733,3.8906340737716905,-0.5507347885210533,1.945116458620142
-0.7354695655767269,1.7747901049975283,-7.1865234580334505,3.890232917240284,-0.5495802099950446,1.9433567642211849
-0.731229079904633,1.7754335905606307,-7.186292535841362,3.8867135284423697,-0.5508671811212493,1.9440998140159478
-0.7296321578344509,1.776054680692876,-7.186094389468098,3.8881996280318956,-0.5521093613857402,1.946609027178669
-0.7256233582307452,1.7764778277172724,-7.186178025616438,3.893218054357338,-0.552955655434533,1.9482902354786142
-0.7164233885696207,1.7762267604242017,-7.1873574683493695,3.8965804709572285,-0.5524535208483917,1.948728886414001
-0.7010921136265384,1.775779891229554,-7.188787143533668,3.897457772828002,-0.5515597824590961,1.948387972694245
-0.6823200466381882,1.776213798120148,-7.188867399125139,3.89677594538849,-0.5524275962402844,1.9493989655105879
-0.6678953077442369,1.7769682497510695,-7.188516683315449,3.8987979310211758,-0.5539364995021273,1.9494599384126576
-0.6512483035006102,1.7780283905158993,-7.187676973197742,3.8989198768253153,-0.5560567810317872,1.9505611633486224
-0.6321961207667828,1.777234132718672,-7.1896775672648845,3.901122326697245,-0.5544682654373326,1.9464080983685317
-0.6074366884444009,1.7773033106340315,-7.190278172814759,3.8928161967370634,-0.5546066212680514,1.9472283159190902
-0.5939930437669423,1.7774919624632184,-7.190797691240784,3.8944566318381804,-0.5549839249264255,1.9454035707278068
-0.5816984676118606,1.7774871057875363,-7.191550516388616,3.8908071414556136,-0.5549742115750615,1.9453940186780132
-0.5648491650876055,1.7778142729168471,-7.191820671551476,3.8907880373560264,-0.5556285458336833,1.9481803742832853
-0.548285675916885,1.776936676699079,-7.193884813201827,3.8963607485665706,-0.5538733533981471,1.9458388518192764
-0.5236481722270998,1.7769999209711465,-7.194556629921323,3.891677703638553,-0.5539998419422819,1.9461227107508035
-0.5064717422262133,1.7774690148938983,-7.194606416254481,3.892245421501607,-0.5549380297877855,1.9459017500983802
-0.49662566024337274,1.778012701744867,-7.194521026577134,3.8918035001967604,-0.5560254034897231,1.9459828518443072
-0.4910504299612857,1.7781715483374763,-7.195026294238418,3.8919657036886144,-0.5563430966749414,1.9446249719420898
-0.4901024513155452,1.7779390900020744,-7.196148374739156,3.8892499438841797,-0.5558781800041377,1.9422634840865005
-0.49138686167374157,1.7789688488681172,-7.19534484322066,3.884526968173001,-0.5579376977362234,1.944340393968908
-0.5003265848321323,1.7788148654002507,-7.196336628405563,3.888680787937816,-0.55762973080049,1.9422580560380893
-0.49868165546858734,1.778715664854565,-7.197221295312569,3.8845161120761786,-0.5574313297091188,1.9415663071128195
-0.5017534840639799,1.7788677930060908,-7.197782370932212,3.883132614225639,-0.5577355860121704,1.9399846727512322
-0.5095809888322647,1.7794072021116278,-7.1976994488395105,3.8799693455024644,-0.5588144042232447,1.9403559268735848
-0.5203338032483247,1.7799823095288958,-7.197575824125546,3.8807118537471696,-0.5599646190577806,1.9414774775399966
-0.5276899318782382,1.7799044110426046,-7.198482410108208,3.882954955079993,-0.559808822085198,1.9403650690422312
-0.5287170192620385,1.7785376646997697,-7.201323785272339,3.8807301380844623,-0.5570753293995282,1.9352836189054945
-0.529407674936798,1.7793233172153575,-7.200857578346834,3.870567237810989,-0.558646634430704,1.9387138153934338
-0.5458376143569623,1.7795344399510016,-7.201260542804479,3.8774276307868676,-0.5590688799019918,1.9388206288420318
-0.5626865723041847,1.780163192973171,-7.201033107228738,3.8776412576840635,-0.5603263859463308,1.9394460555675237
-0.5760685213228136,1.7803505112645592,-7.201509421928052,3.8788921111350474,-0.5607010225291075,1.9393400400780132
-0.5854868097149488,1.779643012797446,-7.203306127860807,3.8786800801560264,-0.5592860255948809,1.9373411845212454
-0.5927058495987367,1.779054277978887,-7.2049188141397735,3.8746823690424907,-0.5581085559577625,1.936268999628664
-0.6034578500373549,1.7792485718458289,-7.2053650477271125,3.872537999257328,-0.5584971436916463,1.9357919527680938
-0.6204843256678734,1.7793152492768607,-7.206049565256974,3.8715839055361876,-0.5586304985537102,1.9342185244075414
-0.6319819342529946,1.7792566586316674,-7.206871449841572,3.8684370488150828,-0.5585133172633235,1.933930739456043
-0.6429333385266798,1.7796185039986703,-7.207043782727529,3.867861478912086,-0.5592370079973294,1.934911857013805
-0.65730004562172,1.7800007078991393,-7.207193093128345,3.86982371402761,-0.5600014157982673,1.935295412797912
-0.672294606640933,1.78111522745484,-7.206252224714757,3.870590825595824,-0.5622304549096688,1.9370761986946208
-0.6875321581591569,1.78018277130927,-7.208383821240067,3.8741523973892416,-0.5603655426185287,1.9333550767125391
-0.6899610121853668,1.7798774136615663,-7.209606690309956,3.8667101534250783,-0.5597548273231212,1.933150310428099
-0.7032981755871646,1.779626904783132,-7.210728290747538,3.866300620856198,-0.5592538095662523,1.9331212779834226
-0.7170330509225602,1.7795276307381898,-7.211583881882723,3.866242555966845,-0.5590552614763679,1.933405060835633
-0.7314011856453861,1.7792168835461875,-7.212801892311883,3.866810121671266,-0.558433767092363,1.9326593273617112
-0.7459110807928777,1.7789979691219429,-7.213869046154882,3.8653186547234224,-0.5579959382438737,1.9309264299719724
-0.7644296803068116,1.7793202299972493,-7.214092608900685,3.861852859943945,-0.5586404599944864,1.9322163952196652
-0.7878719023684484,1.7793493853255757,-7.214809904989629,3.8644327904393303,-0.5586987706511393,1.9313439814814202
-0.8079416885002288,1.7796326506020699,-7.215155267597641,3.8626879629628403,-0.5592653012041277,1.9309066201972356
-0.8216557549771188,1.779742177955238,-7.215697362503679,3.861813240394471,-0.5594843559104641,1.9314161861373988
-0.8370672288331651,1.7808779213964796,-7.214713034647682,3.8628323722747977,-0.5617558427929473,1.9335149993769893
-0.854874255940314,1.780625974350388,-7.215876735249963,3.8670299987539787,-0.5612519487007644,1.93102908947382
-0.8654885290255647,1.7808078640135296,-7.216320235190249,3.86205817894764,-0.5616157280270476,1.9312350913884706
-0.8787534645028918,1.7808719137576519,-7.216973907903845,3.862470182776941,-0.5617438275152918,1.9316634202892928
-0.8866947511914915,1.7814951266265844,-7.21683334367927,3.8633268405785857,-0.562990253253157,1.9324460800495902
-0.8921118222182649,1.781927495275207,-7.216985036375311,3.8648921600991804,-0.5638549905504023,1.9321740724725767
-0.8940159810935473,1.7818662419352713,-7.217829397563205,3.8643481449451533,-0.5637324838705308,1.930539173742419
-0.8921235375248253,1.782275159383103,-7.217963275361086,3.861078347484838,-0.5645503187661941,1.9306262551460476
-0.8907492884489256,1.7821395264757212,-7.2189130447452206,3.861252510292095,-0.5642790529514305,1.9291815446751557
-0.8871173617747488,1.7823647817122448,-7.219275485497622,3.8583630893503114,-0.5647295634244779,1.9308181410887018
-0.8864772743022176,1.7823805343054173,-7.219994291457863,3.8616362821774035,-0.564761068610823,1.9307421997333394
-0.8897518853123572,1.7821984227370702,-7.220987925277256,3.8614843994666788,-0.5643968454741285,1.9318311133513666
-0.8875805106030246,1.7833150853904636,-7.220023954687402,3.863662226702733,-0.5666301707809154,1.9338607808753614
-0.8875514704093597,1.7833410311215054,-7.220685236526149,3.867721561750723,-0.5666820622429992,1.935623522819599
-0.8768979383800959,1.7833561949214947,-7.221388938563315,3.871247045639198,-0.5667123898429779,1.935266562867128
-0.8651219742465539,1.7833682565221562,-7.222115594188153,3.870533125734256,-0.566736513044301,1.934185896637742
-0.8513450428053861,1.7834013810988287,-7.22279277517564,3.868371793275484,-0.5668027621976459,1.9340214584970183
-0.8361883272003521,1.7837040936460236,-7.223064621905363,3.8680429169940367,-0.5674081872920357,1.9360745112389066
-0.822957917685252,1.783830288754554,-7.223617106666483,3.8721490224778132,-0.5676605775090967,1.935831400627195
-0.8077276436085059,1.7841167566974507,-7.223926799309078,3.87166280125439,-0.56823351339489,1.9365139613862017
-0.7936541773161219,1.7842881777942077,-7.224395138327784,3.8730279227724034,-0.568576355588404,1.9361434779800812
-0.7784142499852544,1.7841531526126515,-7.225303151846954,3.8722869559601625,-0.5683063052252916,1.93705246473884
-0.7679112772876691,1.7844395913876083,-7.225578988599281,3.87410492947768,-0.5688791827752051,1.9381469065524184
-0.7580625120707873,1.7846001115591594,-7.226130669013976,3.876293813104837,-0.5692002231183074,1.9369381967412476
-0.7474927673036316,1.7842564167271033,-7.227383358935062,3.873876393482495,-0.5685128334541953,1.9366391339637459
-0.7355077666820735,1.7851950379979291,-7.2267108972103715,3.8732782679274917,-0.5703900759958469,1.9370732009647085
-0.7319634017420222,1.7857599206446322,-7.226597778582726,3.874146401929417,-0.571519841289253,1.937321988069382
-0.7250124232798498,1.784959967571837,-7.228559597876618,3.874643976138764,-0.5699199351436629,1.934864013992401
-0.7117595346198797,1.7843889308357228,-7.230176510976787,3.869728027984802,-0.5687778616714344,1.9327285293999361
-0.7052974960183738,1.7845479272808167,-7.230679108591247,3.8654570587998722,-0.5690958545616219,1.9315993409596128
-0.7031412606728411,1.7851623896481097,-7.2304747175890345,3.8631986819192257,-0.5703247792962078,1.9334420312461456
-0.702910269156126,1.7852155365287024,-7.231107189841435,3.866884062492291,-0.5704310730573933,1.9329582491739046
-0.6985810603719242,1.7853982908414725,-7.23159127618578,3.865916498347809,-0.5707965816829336,1.9321436371151015
-0.6938090693853223,1.7848903873335111,-7.2330700429686186,3.864287274230203,-0.5697807746670107,1.9297346453722888
-0.6929758257434893,1.7852870175066953,-7.233190557575752,3.8594692907445776,-0.570574035013379,1.9293961435238565
-0.6973999680518537,1.7858782636385637,-7.233043536954365,3.858792287047713,-0.5717565272771161,1.9332464629578239
-0.7007555923725537,1.7866236349711255,-7.232707878494974,3.8664929259156477,-0.5732472699422398,1.9332286613322678
-0.7018157580766058,1.7868848728567168,-7.233083280623819,3.8664573226645356,-0.5737697457134225,1.9324631376525798
-0.698250415169551,1.7877325089986926,-7.2325242263601925,3.8649262753051596,-0.5754650179973744,1.9337730468011165
-0.6967135896434211,1.7880502830462257,-7.232783555638843,3.867546093602233,-0.5761005660924405,1.9334475280827188
-0.6902075335310558,1.7882297723656841,-7.23327921395399,3.8668950561654376,-0.5764595447313573,1.932326175290105
-0.6833934176708096,1.7886409126533744,-7.233376749370167,3.86465235058021,-0.577281825306738,1.9321898479318567
-0.6773775874758945,1.7889969699909174,-7.233607193900842,3.8643796958637133,-0.5779939399818241,1.931909231199848
-0.668601587854674,1.7894100391892853,-7.23373614972266,3.863818462399696,-0.5788200783785599,1.932249317774234
-0.6597929635697284,1.7896111904221794,-7.234166619954472,3.864498635548468,-0.5792223808443481,1.9317290059687071
-0.6493312114938767,1.7897002275850495,-7.234751883870653,3.8634580119374142,-0.5794004551700881,1.934123776348981
-0.6361125987050951,1.7900083221231422,-7.23502430707698,3.868247552697962,-0.5800166442462733,1.9340674588578934
-0.628160779961525,1.7897837885620873,-7.236150411745636,3.868134917715787,-0.5795675771241634,1.9318725646068091
-0.6203681425790171,1.7899066366555496,-7.236630095964765,3.8637451292136182,-0.5798132733110879,1.9339915242698973
-0.611135482546195,1.790146823264423,-7.2370086852773525,3.8679830485397946,-0.580293646528835,1.9325529518399083
-0.599000158172359,1.7900008576644275,-7.237999808751014,3.8651059036798165,-0.5800017153288437,1.930373469403644
-0.5856414737982458,1.7901735728131323,-7.238505644750601,3.860746938807288,-0.5803471456262531,1.929700171981716
-0.5771768966198092,1.7902958977899548,-7.2390460328961765,3.859400343963432,-0.5805917955798984,1.9287911978874404
-0.5682671360035556,1.7894775145283357,-7.241055926340745,3.8575823957748807,-0.5789550290566602,1.9262130389765664
-0.5574953442720663,1.789379702074097,-7.241953761301398,3.8524260779531327,-0.5787594041481824,1.924413298776676
-0.5501995415948775,1.789351792595539,-7.24268031388197,3.848826597553352,-0.5787035851910665,1.924857153343861
-0.5459037403869447,1.7899653408835574,-7.242485864985639,3.849714306687722,-0.5799306817671034,1.9246548703784263
-0.5466540628355547,1.790613838721113,-7.24227190475552,3.8493097407568526,-0.5812276774422147,1.9242287258058866
-0.5485080028536311,1.79093047727488,-7.242539298874254,3.848457451611773,-0.5818609545497487,1.9232184892401551
-0.5478259055277785,1.7913742746872894,-7.242603361753048,3.8464369784803103,-0.5827485493745677,1.9242299997027843
-0.5506614537199779,1.791179242574743,-7.243647818368565,3.8484599994055686,-0.5823584851494749,1.9229713118331933
-0.5515295122920634,1.7909660263097813,-7.244704716787892,3.8459426236663865,-0.5819320526195515,1.920929855621299
-0.5544910432561325,1.7907816758105235,-7.245704468717397,3.841859711242598,-0.5815633516210357,1.9196195595446914
-0.5609282400559197,1.7917581285309956,-7.244981390696452,3.839239119089383,-0.5835162570619798,1.9204085940025186
-0.5732008421482657,1.7919937343075178,-7.245298564750898,3.8408171880050372,-0.5839874686150244,1.9216396507147315
-0.5807871078106102,1.792122038924653,-7.245838039355041,3.843279301429463,-0.584244077849295,1.9212580879298817
-0.5880395672521175,1.7932268332108163,-7.2449124493304415,3.8425161758597635,-0.5864536664216217,1.9214282673140441
-0.5976676787101898,1.7936338028907959,-7.245029936035018,3.8428565346280883,-0.5872676057815809,1.922093315651434
-0.601166697028809,1.793776877775577,-7.24556251926626,3.844186631302868,-0.587553755551143,1.9216514551917832
-0.6008498382652849,1.793894242127617,-7.24611870447031,3.8433029103835663,-0.5877884842552229,1.920152850236092
-0.6003731203824465,1.794103530039213,-7.246523002722194,3.840305700472184,-0.5882070600784147,1.9193608309299615
-0.6007267601537505,1.7948634091752862,-7.246105568118713,3.838721661859923,-0.5897268183505613,1.9208113716607693
-0.6006328633761822,1.794636458928831,-7.247147067282228,3.8416227433215386,-0.5892729178576512,1.9207225208944314
-0.5948604536691233,1.7942216109213422,-7.248487182827767,3.841445041788863,-0.5884432218426734,1.9200248941786764
-0.5901895636713359,1.7945208087804243,-7.248725519580243,3.840049788357353,-0.5890416175608376,1.9212262706982128
-0.5854010483445258,1.7950699146600326,-7.2486485997213395,3.8424525413964257,-0.5901398293200544,1.9211409831417652
-0.5790584199306625,1.7956727537585508,-7.248486134952956,3.8422819662835304,-0.5913455075170909,1.920880417029584
-0.5697544733690982,1.7957426988366638,-7.249098964894423,3.841760834059168,-0.5914853976733168,1.920555379464162
-0.5590593562760464,1.796040725726657,-7.249379265643356,3.841110758928324,-0.5920814514533033,1.9201188757510248
-0.5518272412960883,1.7958552709335904,-7.250387240327338,3.8402377515020496,-0.5917105418671699,1.9190423103368988
-0.5433994707206482,1.7961953902628167,-7.250580124490083,3.8380846206737975,-0.5923907805256223,1.9189339084845711
-0.539402606820448,1.7966045341264925,-7.250668907209274,3.8378678169691423,-0.593209068252974,1.920017094189941
-0.5328903489240222,1.796684280459732,-7.251267373099363,3.840034188379882,-0.593368560919453,1.9189046154839815
-0.5224173219742276,1.7969072311227687,-7.251633318325949,3.837809230967963,-0.5938144622455261,1.919293962248901
-0.5110437312609868,1.7972236006385984,-7.251888531799505,3.838587924497802,-0.5944472012771858,1.919830729554499
-0.5040116891657958,1.7975707085964034,-7.252087382809598,3.839661459108998,-0.5951414171927959,1.9205861014757475
-0.49675460809081073,1.7974791984919183,-7.252936892774342,3.841172202951495,-0.5949583969838255,1.9215793091356974
-0.4874323408138199,1.7976558736982349,-7.253400173403932,3.843158618271395,-0.5953117473964585,1.9198967210776272
-0.4853410739791073,1.7979931530283269,-7.2536126939156,3.8397934421552544,-0.5959863060566424,1.9218644428235339
-0.48506591373879004,1.7983579588733762,-7.2537731792698965,3.8437288856470677,-0.5967159177467412,1.9222269348813061
-0.484120656010794,1.7990773462836278,-7.253439021264275,3.8444538697626123,-0.5981546925672442,1.9229341270916425
-0.4830067044237829,1.7992451554034112,-7.253900673761014,3.845868254183285,-0.5984903108068111,1.9222835095528152
-0.47808686892332464,1.7997561499513626,-7.253875487499612,3.8445670191056305,-0.5995122999027137,1.922013304472819
-0.47736984655091774,1.8007798902229406,-7.253048702915003,3.844026608945638,-0.6015597804458697,1.9244833395548933
-0.47453229774279215,1.8008296793050775,-7.2536758660365095,3.8489666791097865,-0.6016593586101437,1.9234724280139281
-0.46206447824566776,1.8004762358203508,-7.254915313938483,3.8469448560278563,-0.6009524716406901,1.9217685339336101
-0.45006489230751967,1.8007582866323557,-7.255223476818386,3.8435370678672203,-0.6015165732647002,1.9219024159286595
-0.44435505705143985,1.8012414569936779,-7.255198078257593,3.843804831857319,-0.6024829139873445,1.9227426551346034
-0.44112321887769745,1.80196470164104,-7.254820447978337,3.845485310269207,-0.6039294032820689,1.9234378645752206
-0.43663282190158004,1.8016757714206721,-7.255963233447878,3.846875729150441,-0.6033515428413331,1.9233780528456734
-0.4275835586409622,1.8014145714046612,-7.257082519902185,3.846756105691347,-0.6028291428093111,1.921196837245332
-0.4193051828980554,1.8013240877746617,-7.257924730369351,3.842393674490664,-0.6026481755493122,1.91944393178759
-0.4146526295530979,1.8006982620346403,-7.259594872308875,3.83888786357518,-0.6013965240692692,1.9158915751415697
-0.4113736905621659,1.800641837270341,-7.260356438886058,3.8317831502831394,-0.6012836745406704,1.9150194150699522
-0.41310774481024204,1.8014137990310821,-7.2598989390917605,3.8300388301399044,-0.6028275980621525,1.9153601846144193
-0.41849119851802374,1.801553413551495,-7.260408074897007,3.8307203692288385,-0.6031068271029784,1.915358344190113
-0.42003083554419707,1.8014996900222429,-7.261239036414347,3.830716688380226,-0.602999380044474,1.914237809801881
-0.4222639216374544,1.801088650239319,-7.262521309717911,3.828475619603762,-0.6021773004786262,1.912289454485739
-0.42364681852988895,1.8010537848862607,-7.263242075500153,3.824578908971478,-0.6021075697725095,1.9129496071585863
-0.4288870176563311,1.801361743713739,-7.263475485419744,3.8258992143171726,-0.6027234874274662,1.9131384596984173
-0.4369214693525425,1.801894408975239,-7.263398916155232,3.8262769193968347,-0.6037888179504658,1.9127657258259854
-0.44587899175270884,1.8016797752001945,-7.264408858016672,3.8255314516519707,-0.603359550400377,1.912346424618733
-0.4540926302846646,1.800891954930411,-7.266289986832571,3.824692849237466,-0.6017839098608101,1.9107012673356911
-0.4627764978772042,1.8009799309684853,-7.266878899424167,3.8214025346713822,-0.6019598619369587,1.9104807349299466
-0.4799032877225873,1.8016838084837008,-7.266507022695279,3.8209614698598933,-0.6033676169673898,1.9105579990557573
-0.5037087328647578,1.8018959326272015,-7.266858327141308,3.8211159981115146,-0.6037918652543912,1.9125172309268246
-0.5228760161637833,1.801408503579919,-7.268312191260718,3.825034461853649,-0.6028170071598263,1.9103557125089237
-0.5373867129959615,1.800939061240228,-7.269728370549016,3.8207114250178473,-0.6018781224804444,1.908065786381188
-0.555501111670675,1.7999552965849226,-7.271869758779869,3.816131572762376,-0.5999105931698335,1.9060288128944578
-0.5768713225819395,1.799057587646791,-7.273949423429959,3.8120576257889156,-0.5981151752935701,1.9028938938601996
-0.6064781878553616,1.7986275950198005,-7.275299788992288,3.805787787720399,-0.5972551900395892,1.9010377515758563
-0.6397810942311306,1.7991641670685166,-7.275229787798742,3.8020755031517126,-0.5983283341370212,1.9007467385514982
-0.6759136486100887,1.7983965831443705,-7.277064610301997,3.8014934771029965,-0.5967931662887292,1.8970374975288198
-0.7051419549661402,1.799118855263098,-7.276654177245704,3.7940749950576396,-0.5982377105261844,1.8980479924193308
-0.7381645467217197,1.7996068331995463,-7.276611672592014,3.7960959848386615,-0.5992136663990814,1.898462177206708
-0.7657993568372286,1.799729866531988,-7.277093405086231,3.796924354413416,-0.5994597330639647,1.8988245660718446
-0.7933832374061813,1.8000029164986173,-7.277402797221194,3.797649132143689,-0.6000058329972232,1.8989186182289666
-0.8205644454791639,1.8001839873019128,-7.277835273270725,3.797837236457933,-0.6003679746038139,1.898692820701471
-0.8449748506915125,1.8005994304279145,-7.2778933603531595,3.797385641402942,-0.6011988608558173,1.8987018879476458
-0.8660991041314494,1.8012350495275637,-7.277645052686955,3.7974037758952917,-0.602470099055116,1.9000276877772815
-0.8843731119131268,1.8013911347026401,-7.278118485696393,3.800055375554563,-0.6027822694052685,1.899912602746532
-0.8985671937720676,1.801832816098577,-7.278155454749546,3.799825205493064,-0.6036656321971424,1.8995798570080717
-0.9143913044970313,1.8014423373476909,-7.279465547921703,3.7991597140161435,-0.6028846746953702,1.896632506925772
-0.9235901972259395,1.801521376027651,-7.2800411427223,3.793265013851544,-0.6030427520552906,1.896654043549199
-0.9309782128728559,1.801963182430923,-7.28005152822641,3.793308087098398,-0.6039263648618348,1.8972518771205429
-0.938170535279804,1.802160904889952,-7.280458737762382,3.7945037542410858,-0.604321809779893,1.8969397187808563
-0.9450515751673345,1.8020100040314997,-7.281363463565099,3.7938794375617126,-0.6040200080629882,1.8964673055805419
-0.9500635189653961,1.8025214542804353,-7.281280366256853,3.7929346111610838,-0.6050429085608593,1.8974834015784372
-0.9540190470649961,1.802230993806714,-7.282412242468337,3.7949668031568744,-0.6044619876134169,1.895760183405816
-0.9498880310657558,1.8027499177909254,-7.282353491737846,3.791520366811632,-0.6054998355818396,1.896898431628446
-0.9435195558993188,1.8018410283810584,-7.284367861419876,3.793796863256892,-0.6036820567621057,1.8938782554347116
-0.9256712704496701,1.8015859776865464,-7.285436292806886,3.787756510869423,-0.6031719553730818,1.8928665537227405
-0.9107687604068326,1.8014903399107383,-7.2862550503601975,3.785733107445481,-0.6029806798214653,1.8918526729040985
-0.8996488803169074,1.8018748616971503,-7.2863791653314305,3.783705345808197,-0.6037497233942896,1.8932518025943639
-0.8859079875764113,1.8021618346834918,-7.286641571027084,3.7865036051887278,-0.6043236693669726,1.8933868430643377
-0.873308008347589,1.8019359293086654,-7.287692270609217,3.7867736861286754,-0.6038718586173201,1.8915313057537573
-0.8601049989117238,1.8017297110163584,-7.288664340497475,3.7830626115075145,-0.603459422032706,1.8918195732995664
-0.848460899615465,1.8023858996703521,-7.288343275461006,3.783639146599133,-0.6047717993406933,1.8929197471309807
-0.8412132758102233,1.803131067931084,-7.287936862038805,3.7858394942619613,-0.6062621358621567,1.8936594387072831
-0.8314786069729045,1.80276441926818,-7.289155604235131,3.7873188774145663,-0.6055288385363489,1.8928739321418004
-0.8171571037604721,1.8034058535412745,-7.2888525680634215,3.785747864283601,-0.6068117070825381,1.8945226016165395
-0.810594290382161,1.8037635688656357,-7.289010375930552,3.789045203233079,-0.6075271377312605,1.8940857868856675
-0.800816710030003,1.8038197715255069,-7.2896352192199485,3.788171573771335,-0.607639543051003,1.8928750584608989
-0.7909131463718335,1.8043679132255532,-7.289535761042179,3.7857501169217977,-0.6087358264510956,1.8928541506355427
-0.7802949950719436,1.804007837657491,-7.290794377303285,3.7857083012710855,-0.6080156753149712,1.8906664748519257
-0.7652320415871667,1.8047140417360117,-7.2904532170566645,3.7813329497038515,-0.6094280834720126,1.8904311091995332
-0.7572280872023383,1.8053397200365446,-7.290193273195239,3.7808622183990663,-0.6106794400730787,1.890680761860328
-0.7467027646829525,1.8055710810134245,-7.29049639863643,3.781361523720656,-0.6111421620268382,1.89096415493302
-0.7316009679817048,1.8050950020702523,-7.291904417183415,3.78192830986604,-0.6101900041404938,1.8886270674569094
-0.716638891200188,1.8049156355110787,-7.2928635416594005,3.777254134913819,-0.6098312710221467,1.8890304604742072
-0.7038075931148517,1.804223680439646,-7.294580770082613,3.7780609209484144,-0.6084473608792816,1.8866417853129254
-0.693821123853005,1.8043160511442178,-7.295119514464552,3.7732835706258507,-0.6086321022884251,1.886458642353321
-0.6853828168173992,1.804675104531738,-7.295236359053195,3.772917284706642,-0.6093502090634654,1.8882109629693598
-0.6764540006463484,1.804731689620882,-7.29581798070509,3.7764219259387195,-0.6094633792417535,1.8891457439124355
-0.664958379361912,1.8046342817816512,-7.296602864735692,3.778291487824871,-0.6092685635632918,1.8896129300856415
-0.6553040205854206,1.8050051203119803,-7.296723130354678,3.779225860171283,-0.6100102406239504,1.8908712711656679
-0.6492248261573481,1.8054539079103595,-7.296757605217826,3.7817425423313358,-0.6109078158207089,1.890374144493632
-0.6408076725095411,1.805793463759962,-7.296960409529508,3.780748288987264,-0.6115869275199138,1.8906504653335368
-0.6292788404379488,1.8056733733443566,-7.2978190458232755,3.7813009306670735,-0.6113467466887031,1.8887989700301722
-0.61881296860411,1.8061308007335906,-7.297832872408136,3.7775979400603443,-0.6122616014671712,1.8896204119362383
-0.6147755155194066,1.806526229829378,-7.29786973727032,3.7792408238724766,-0.6130524596587462,1.8897218890262106
-0.6070151379740638,1.8072574682056162,-7.297442734253306,3.7794437780524213,-0.6145149364112226,1.8906154955861367
-0.601837689586671,1.8070751598934842,-7.298380138838204,3.7812309911722735,-0.6141503197869587,1.889619343522712
-0.5928021238388226,1.8071978755345854,-7.298869565798601,3.779238687045424,-0.614395751069161,1.889420715821192
-0.5861328303978377,1.8068648210748064,-7.300042344459217,3.778841431642384,-0.6137296421496029,1.889887976952233
-0.5809920155193051,1.8071166081931085,-7.300350108607034,3.779775953904466,-0.6142332163862072,1.8913683032716653
-0.5776122342838352,1.8065777846226603,-7.301842390749857,3.7827366065433305,-0.6131555692453108,1.8892014126093812
-0.5751117733570119,1.8070452607213165,-7.301845338099728,3.7784028252187625,-0.6140905214426235,1.8893367231821063
-0.5813411403750957,1.8068520732904458,-7.302804620904643,3.7786734463642127,-0.613704146580882,1.8882531330078507
-0.5851183595276117,1.8074474507891936,-7.302622866896458,3.7765062660157014,-0.6148949015783775,1.8877949279099246
-0.5898428354913028,1.8078664634404782,-7.302690691599396,3.7755898558198493,-0.6157329268809468,1.8878792154689483
-0.5904676512311804,1.8083177547842446,-7.302642993075808,3.7757584309378966,-0.6166355095684795,1.8889464274142427
-0.5860889913564842,1.8078389972826785,-7.3040416333438545,3.7778928548284854,-0.6156779945653472,1.8881674196069058
-0.577693922206926,1.8073269649463073,-7.305548413134329,3.7763348392138116,-0.6146539298926046,1.8847241338441776
-0.5734769830895328,1.807296489825393,-7.306187784317475,3.769448267688355,-0.6145929796507761,1.8853032814009225
-0.5735348636990389,1.807062353815505,-7.307242680961121,3.770606562801845,-0.6141247076310005,1.8833997567325638
-0.5728354127375077,1.8065930754980661,-7.3086079485585325,3.7667995134651275,-0.6131861509961228,1.8817617588383666
-0.5747823602578999,1.806735659351026,-7.309114606110499,3.763523517676733,-0.6134713187020425,1.8803388797587628
-0.5828994577663824,1.806662523991481,-7.309921832059985,3.7606777595175256,-0.613325047982953,1.878975082798763
-0.5916561795612667,1.8063253015527194,-7.311068391522604,3.757950165597526,-0.6126506031054294,1.878793268060985
-0.5996745030241311,1.8065516766864123,-7.311415237467556,3.75758653612197,-0.6131033533728151,1.8792041542254017
-0.6130915475620915,1.8066707531386488,-7.311921574049777,3.7584083084508033,-0.6133415062772882,1.8792533484996015
-0.627159049257858,1.807030915895858,-7.312040739798932,3.758506696999203,-0.6140618317917067,1.8790006868435252
-0.64511927784205,1.8069261433483588,-7.312886929862037,3.7580013736870503,-0.6138522866967084,1.8784829300367463
-0.6590950867845669,1.8074145921937241,-7.312801503524529,3.7569658600734925,-0.614829184387439,1.8818747475945399
-0.6756051842548096,1.8073173247143088,-7.3136182787370085,3.7637494951890798,-0.6146346494286085,1.8806139642524442
-0.6862924475508319,1.8072282725678934,-7.314408639407329,3.7612279285048884,-0.6144565451357779,1.8798287369923743
-0.6985415559145354,1.8071704435593794,-7.315138727557242,3.7596574739847486,-0.61434088711875,1.8796001010040329
-0.7084627321179244,1.8074307764189914,-7.315429014698712,3.7592002020080657,-0.6148615528379742,1.881299374442677
-0.7215486759957805,1.8078774594502856,-7.315427960217027,3.762598748885354,-0.6157549189005626,1.8824980228467425
-0.7325116114391736,1.8070885754554793,-7.317341983322271,3.764996045693485,-0.6141771509109503,1.8779104996240492
-0.7407993609982348,1.807056086228798,-7.318061783621216,3.7558209992480984,-0.6141121724575879,1.876348724012868
-0.756601795159586,1.807409738867385,-7.318180503972848,3.752697448025736,-0.6148194777347618,1.8769732993355934
-0.7755567956892335,1.8068685154177262,-7.3197156651388475,3.753946598671187,-0.6137370308354438,1.8739979784356524
-0.7876421383209271,1.8072799157021189,-7.319781845521849,3.747995956871305,-0.6145598314042293,1.8741458173367413
-0.801797720007908,1.8074027118368947,-7.320275772128034,3.7482916346734827,-0.6148054236737811,1.8756959136699023
-0.812413341270986,1.8074193747735756,-7.32092001726664,3.7513918273398046,-0.6148387495471429,1.8757102838810338
-0.820415929258238,1.8077851829645144,-7.321032500843032,3.7514205677620676,-0.6155703659290205,1.8767687199905017
-0.8263276359110563,1.807636670781833,-7.321928564054789,3.7535374399810033,-0.6152733415636574,1.8773455424830852
-0.8291475483612301,1.8081376492453511,-7.321821340970277,3.7546910849661703,-0.6162752984906936,1.8783029017173796
-0.8333805579389155,1.8084442400585723,-7.322036709302498,3.756605803434759,-0.6168884801171358,1.8810754433206645
-0.8322033644083335,1.8087824602263018,-7.322188526149949,3.762150886641329,-0.6175649204525949,1.8822096211316064
-0.8301066897419869,1.8090053046216474,-7.322559682251619,3.764419242263213,-0.6180106092432859,1.8819935793372682
-0.8259748364801274,1.809172937947447,-7.32294475508379,3.7639871586745364,-0.6183458758948852,1.882218586799078
-0.8219898237998056,1.8091017871219686,-7.323671180312235,3.764437173598156,-0.618203574243928,1.8844216128603484
-0.815587314695736,1.8084275822269205,-7.3253487355344555,3.7688432257206967,-0.6168551644538318,1.8835071746995364
-0.8101418171901811,1.8083763119741225,-7.326089547336474,3.767014349399073,-0.6167526239482358,1.886235117450883
-0.8086488660963536,1.8070673183161168,-7.328690850573108,3.772470234901766,-0.6141346366322246,1.883094279792907
-0.8035404923713418,1.8064593035424739,-7.330263326324959,3.766188559585814,-0.6129186070849386,1.8806163795577613
-0.8056268297057771,1.8060276178072623,-7.33158299804234,3.7612327591155226,-0.6120552356145154,1.880054817758551
-0.81218944832737,1.8053447939632514,-7.333292964645633,3.760109635517102,-0.6106895879264934,1.877214592318414
-0.8223688136933056,1.8055135579490624,-7.333691106267036,3.754429184636828,-0.6110271158981153,1.8800588991477232
-0.8340555133334053,1.8050650457942348,-7.335036873099052,3.7601177982954463,-0.6101300915884598,1.8791936164342986
-0.8429788102228146,1.805760838360628,-7.334711850664163,3.758387232868597,-0.6115216767212465,1.8798210019498869
-0.8585951716683722,1.8054201987825014,-7.335877272567171,3.7596420038997738,-0.6108403975649932,1.8782917644725685
-0.8651938277960545,1.8057324595778015,-7.336098682573655,3.756583528945137,-0.6114649191555934,1.8786545110432027
-0.8770821061026535,1.8057406226975479,-7.3368067485791695,3.7573090220864054,-0.6114812453950861,1.8774776495226233
-0.8870696109918708,1.804687271237788,-7.339065910219811,3.7549552990452466,-0.6093745424755662,1.8752351963998521
-0.8943618660337096,1.8052506384762692,-7.338864453032432,3.7504703927997043,-0.6105012769525286,1.8795522032903396
-0.9124793372478486,1.8050238637847167,-7.339891017738211,3.759104406580679,-0.6100477275694236,1.8778702862507022
-0.9247172113215738,1.8046453383755527,-7.341093708457521,3.7557405725014044,-0.6092906767510958,1.8773211393774458
-0.9402641545847761,1.8049811893216914,-7.341275284397936,3.7546422787548916,-0.609962378643373,1.8771918794976046
-0.9608572479490345,1.8048525718171613,-7.342101408801209,3.754383758995209,-0.6097051436343127,1.8793683590094574
-0.9801614871259137,1.804225413053548,-7.343706368215345,3.758736718018915,-0.6084508261070861,1.877894409263639
-0.999744576603951,1.8032576041645978,-7.345796249976542,3.755788818527278,-0.6065152083291855,1.8752340273471546
-1.0221366721748204,1.8031494621116901,-7.346609063457789,3.750468054694309,-0.60629892422337,1.8759837519738172
-1.0505913377442369,1.8039387639686675,-7.346124692084718,3.7519675039476343,-0.6078775279373245,1.877714336242291
-1.0780864397862864,1.803528188091637,-7.347448369817806,3.755428672484582,-0.6070563761832637,1.8763003889992582
-1.0974657402434254,1.803060721067771,-7.348836554579462,3.7526007779985164,-0.6061214421355317,1.8758549679481724
-1.1119954356379615,1.8033764499244385,-7.349034886859882,3.751709935896345,-0.6067528998488666,1.8793677692077624
-1.1271414080711777,1.8032596473179372,-7.349877539469585,3.7587355384155248,-0.6065192946358642,1.879913286611232
-1.1366679487367968,1.80378748014515,-7.349778320985977,3.759826573222464,-0.6075749602902893,1.8815202833529467
-1.1442763400425724,1.8037549714412626,-7.350498667632284,3.7630405667058935,-0.6075099428825147,1.8799368809075823
-1.1478004586707327,1.8042458943821367,-7.350439244158777,3.7598737618151645,-0.6084917887642628,1.8812746436057288
-1.1498100336815869,1.804438988383428,-7.350823032841596,3.7625492872114576,-0.6088779767668453,1.8812599839601967
-1.1515274360928007,1.8040617301838007,-7.3520881225944175,3.7625199679203933,-0.6081234603675907,1.8781100947131473
-1.1483665947238402,1.8038942107432565,-7.3530144328532385,3.7562201894262945,-0.6077884214865023,1.8785036428562836
-1.1486171561872869,1.803648978530629,-7.354077482337036,3.757007285712567,-0.6072979570612475,1.876029973630636
-1.14890061974483,1.8027575968322112,-7.356063511601853,3.752059947261272,-0.6055151936644114,1.8736752173489948
-1.1431765973466161,1.8022824171963545,-7.357435380488165,3.7473504346979896,-0.6045648343926983,1.872026087923564
-1.1452442935887177,1.8015631741933338,-7.359159563601312,3.744052175847128,-0.6031263483866567,1.8732819363407138
-1.1473825289294242,1.8013263883290593,-7.360202053559791,3.7465638726814277,-0.6026527766581079,1.872370157220334
-1.1517862462413637,1.8012526433839886,-7.3610007610196275,3.744740314440668,-0.6025052867679664,1.8715338898314084
-1.1591062085126058,1.8010828999280033,-7.361933930357685,3.743067779662817,-0.6021657998559957,1.8705965296521208
-1.1654835889299076,1.8012483835383326,-7.362362045655759,3.7411930593042415,-0.6024967670766544,1.8751928742774653
-1.1700553241550606,1.8017236549346396,-7.362330174224727,3.7503857485549306,-0.6034473098692683,1.8760653891512449
-1.1694678774410825,1.801806806948287,-7.362879135966973,3.7521307783024898,-0.6036136138965635,1.877300551572438
-1.1644612685678313,1.8014295371525708,-7.364115982323582,3.754601103144876,-0.6028590743051311,1.8780207920194056
-1.1619755562956104,1.800458680593884,-7.3662237401225505,3.7560415840388113,-0.6009173611877575,1.8753656980752482
-1.1576715350606266,1.8005342330645433,-7.366748177734235,3.7507313961504964,-0.601068466129076,1.8763520908765705
-1.1582106687583993,1.7995328486950763,-7.368948105591059,3.752704181753141,-0.5990656973901423,1.8743357585336275
-1.1571981894753485,1.7986506145279013,-7.370891781245651,3.748671517067255,-0.5973012290557923,1.8733810935002027
-1.1607315551120525,1.7983093432156994,-7.372048594612333,3.7467621870004053,-0.5966186864313883,1.8735689171204448
-1.1727134371752719,1.7975587196599934,-7.373869408697725,3.7471378342408896,-0.5951174393199761,1.8714719892353595
-1.1851892881638486,1.7978884269118727,-7.37404040951814,3.742943978470719,-0.5957768538237349,1.8731103157688163
-1.2067360564421845,1.7977730347771157,-7.374881402427443,3.7462206315376325,-0.595546069554221,1.87352222878149
-1.2264379619436392,1.7976449447764933,-7.375732844835948,3.74704445756298,-0.595289889552976,1.8741450765899472
-1.2447543468543207,1.7980297201793591,-7.375891314631343,3.7482901531798944,-0.5960594403587075,1.8748163329743535
-1.2639707277866625,1.7981504484603028,-7.376394642939932,3.749632665948707,-0.5963008969205948,1.8758831132665974
-1.2791094241199694,1.797745308485052,-7.377678405657388,3.751766226533195,-0.5954906169700933,1.8746802494381887
-1.287731554308463,1.7983762099426381,-7.377417530812269,3.7493604988763773,-0.5967524198852654,1.8772213578043324
-1.2983138891772663,1.79770571368486,-7.379102765581082,3.754442715608665,-0.5954114273697091,1.8761474276216377
-1.2983275569033106,1.797830207296594,-7.37960764763943,3.7522948552432753,-0.5956604145931769,1.8766241623728832
-1.3021026189998466,1.79767170945174,-7.380547854380701,3.7532483247457664,-0.5953434189034691,1.8754793816405833
-1.3038111919085278,1.7974335984280232,-7.381604496548962,3.7509587632811665,-0.5948671968560354,1.8745486400614626
-1.3049617585069901,1.7976450717211647,-7.38197527513683,3.749097280122925,-0.5952901434423186,1.8743116781218179
-1.3090516233124045,1.7979628504556433,-7.382200237544969,3.7486233562436357,-0.595925700911276,1.8748092507148288
-1.3145709463696456,1.7979899392227692,-7.382817279603123,3.7496185014296577,-0.5959798784455277,1.8779343126247368
-1.317849298402261,1.797617214564098,-7.384080279840261,3.7558686252494735,-0.5952344291281857,1.8778202724680593
-1.3176946601746549,1.7980933366086769,-7.3840636975933815,3.7556405449361185,-0.5961866732173435,1.8798627094836526
-1.3164743901659337,1.7978712861348127,-7.385100571618413,3.7597254189673053,-0.5957425722696151,1.8784969884589207
-1.3109653458799668,1.7976350098723213,-7.386148556081891,3.7569939769178413,-0.5952700197446323,1.8773480984735613
-1.3013416126455146,1.797294271496519,-7.387360353358525,3.7546961969471226,-0.594588542993028,1.876225767070937
-1.2879910980801332,1.796087607073694,-7.389842757269832,3.752451534141874,-0.5921752141473778,1.8741996428210366
-1.272184435537282,1.7960726324776106,-7.390517537755942,3.748399285642073,-0.592145264955211,1.8756855977729552
-1.2611922555316486,1.796110553175621,-7.391154522597254,3.7513711955459104,-0.5922211063512316,1.8755796860055562
-1.2519461735572204,1.7957123326742626,-7.392430244060682,3.7511593720111125,-0.591424665348515,1.87439458038515
-1.2407325698140168,1.7960859273340244,-7.392572883293021,3.7487891607703,-0.5921718546680387,1.8758425023950498
-1.232735741466258,1.7958184635432664,-7.393661275953448,3.7516850047900996,-0.5916369270865225,1.8751785280783533
-1.2232559537648173,1.7963206144533137,-7.393625509777829,3.7503570561567066,-0.5926412289066173,1.8753442499107826
-1.217762747684807,1.7962872162934327,-7.394377639386005,3.7506884998215653,-0.5925744325868553,1.8763660634929964
-1.2063680219783706,1.7966327401850701,-7.394547608656455,3.752732126985993,-0.59326548037013,1.8758628806937414
-1.1997451508680523,1.7955444676985897,-7.396832678904094,3.751725761387483,-0.591088935397169,1.8727727561268397
-1.1846834220595328,1.7950404309900752,-7.398253665150309,3.7455455122536794,-0.5900808619801398,1.8720799636093282
-1.17718912546583,1.794599317961968,-7.399551934924813,3.7441599272186563,-0.5891986359239253,1.8741206224599307
-1.1718828968970447,1.7942002704724551,-7.400785809234948,3.7482412449198614,-0.5884005409448998,1.8731888841506295
-1.168007984361621,1.7939476325775319,-7.401847232962907,3.746377768301259,-0.5878952651550534,1.8739368907702822
-1.1679127379057075,1.7930521956482848,-7.403837423831359,3.7478737815405645,-0.5861043912965592,1.8732730593292317
-1.1695859535010307,1.7923966276441687,-7.4055167954896435,3.7465461186584634,-0.584793255288327,1.870461834559625
-1.1766853356379965,1.7911828266558434,-7.408001577720682,3.74092366911925,-0.5823656533116761,1.8679265622522137
-1.184183972178765,1.7915434931617895,-7.40816430585554,3.7358531245044273,-0.5830869863235685,1.869889314500011
-1.2043099761213156,1.7914933220121996,-7.408958101102168,3.739778629000022,-0.5829866440243884,1.8695930153998312
-1.2207488730346308,1.7915269231969324,-7.409586055957381,3.7391860307996625,-0.5830538463938542,1.868337749089963
-1.2368271082247437,1.7908170139057955,-7.411344328176257,3.736675498179926,-0.5816340278115806,1.8670581805338184
-1.2494013115013,1.7904106620125544,-7.412644794003678,3.734116361067637,-0.5808213240250986,1.8675776149895156
-1.2606469861364094,1.7903535354997815,-7.413414428897781,3.735155229979031,-0.5807070709995527,1.8671001076720775
-1.274855362844085,1.7893583167422842,-7.41558205708368,3.734200215344155,-0.5787166334845578,1.865095285486905
-1.2872884507989735,1.7896672513982699,-7.415806195202481,3.73019057097381,-0.5793345027965293,1.8659000381692026
-1.3057923751989495,1.789204326844001,-7.417190197536384,3.731800076338405,-0.5784086536879914,1.8658448530593137
-1.3226947231981336,1.7886630766775535,-7.418685795861738,3.7316897061186274,-0.5773261533550966,1.8651926826185834
-1.340269320264862,1.7882362958998386,-7.420016801925476,3.730385365237167,-0.5764725917996666,1.8642892168271588
-1.3634227835561195,1.7887362375809817,-7.419958732337396,3.7285784336543175,-0.5774724751619528,1.8659928576205962
-1.3906913641173206,1.7883022553747807,-7.421272755930341,3.7319857152411924,-0.5766045107495508,1.8652829646778673
-1.4145321394199852,1.7882716754648669,-7.421996862638681,3.7305659293557345,-0.5765433509297231,1.8735190760125668
-1.4359000353711027,1.7880448895861805,-7.423121393117381,3.7470381520251337,-0.5760897791723505,1.872410316105908
-1.4538069577578252,1.7883058775605394,-7.423459182754146,3.744820632211816,-0.5766117551210681,1.8732063347251229
-1.4713726585191997,1.7882158782384652,-7.424306143323753,3.7464126694502458,-0.5764317564769195,1.8734135206703721
-1.4840286725622143,1.7882310768779326,-7.424968246001839,3.7468270413407443,-0.5764621537558541,1.8767817119748524
-1.4954668249468792,1.787848154951342,-7.426189403304374,3.753563423949705,-0.5756963099026733,1.8765851428603628
-1.5007160530591275,1.7870760929357663,-7.428049661553723,3.7531702857207256,-0.574152185871522,1.8750331220037841
-1.5028517392821987,1.7857301244694848,-7.4307490987760945,3.7500662440075683,-0.571460248938959,1.8717008010363971
-1.5007812446394482,1.7854042487557813,-7.431930593950683,3.7434016020727943,-0.570808497511552,1.8748387587295148
-1.5089622701114402,1.786312922483864,-7.431297134129434,3.7496775174590296,-0.5726258449677175,1.8763905751149252
-1.5209493939572383,1.7853675763509675,-7.4334222920761235,3.7527811502298505,-0.5707351527019244,1.8749857562799084
-1.5227053416674607,1.7848693970680805,-7.434882835696461,3.7499715125598168,-0.5697387941361503,1.8742921011870344
-1.5260426013334953,1.7834835011593941,-7.4376420667879675,3.7485842023740688,-0.5669670023187777,1.8701832293097738
-1.5270431249409917,1.78273167716034,-7.439465606778005,3.7403664586195475,-0.5654633543206696,1.8704899093328302
-1.5353986404706337,1.782104019227931,-7.441121177266989,3.7409798186656604,-0.5642080384558511,1.8683125647588852
-1.5423548054557674,1.7809529125594281,-7.443564163511523,3.7366251295177704,-0.5619058251188456,1.8644867823320488
-1.5523240515617758,1.7808453340697032,-7.444435150649742,3.7289735646640976,-0.561690668139396,1.8651983018682095
-1.5676757196603512,1.7802314167399207,-7.446002458280978,3.730396603736419,-0.5604628334798307,1.8649933584494067
-1.5791695046025405,1.7792821940234675,-7.448166602964987,3.7299867168988134,-0.5585643880469243,1.8632253882076126
-1.5901822400456895,1.7783905513023932,-7.450209785383307,3.7264507764152253,-0.5567811026047755,1.8614911248662314
-1.608423153267485,1.777789987470955,-7.451824135889101,3.7229822497324627,-0.5555799749418991,1.859074438818133
-1.6292277153272705,1.777850472070206,-7.452406696292547,3.718148877636266,-0.5557009441404012,1.8635775538307007
-1.6542807581312626,1.7766463039468143,-7.454848533348812,3.7271551076614013,-0.5532926078936177,1.8635064979957299
-1.6743613460923275,1.7770261904759133,-7.45499717211418,3.7270129959914597,-0.5540523809518154,1.8648109401140665
-1.7053015809152487,1.7761097800802388,-7.457083853159764,3.729621880228133,-0.5522195601604667,1.8669223305468678
-1.7301247603892147,1.7757965027544063,-7.458268433132305,3.7338446610937357,-0.5515930055088017,1.8665631003143743
-1.7607499844503964,1.7754894571896975,-7.459484796513085,3.7331262006287487,-0.5509789143793842,1.864571393249653
-1.7905961539871127,1.7743711511852882,-7.461889786515506,3.729142786499306,-0.5487423023705658,1.8619228983314335
-1.815653490877847,1.7739872584952714,-7.463204756808699,3.723845796662867,-0.5479745169905321,1.8625858057863185
-1.8409147881331922,1.773980103943997,-7.4639273823740275,3.725171611572637,-0.5479602078879834,1.8637221446607426
-1.866817033764149,1.7731491529681336,-7.465881410941548,3.727444289321485,-0.5462983059362565,1.8664969061398415
-1.895361964310604,1.7722601362378445,-7.467942313799011,3.732993812279683,-0.5445202724756784,1.865704642141176
-1.9224955416230438,1.771642043744995,-7.469579042138925,3.731409284282352,-0.5432840874899793,1.8641012342723873
-1.9514915324025877,1.7715183563775307,-7.470450594290063,3.7282024685447746,-0.5430367127550507,1.8646825600899923
-1.9772757304896658,1.771659735534514,-7.470997474101919,3.7293651201799847,-0.5433194710690171,1.867959261849547
-1.9995501542764167,1.7706603872241815,-7.473185032910847,3.735918523699094,-0.5413207744483519,1.8676703219299013
-2.01405674810162,1.7705419422434352,-7.474100816365695,3.7353406438598027,-0.5410838844868593,1.867004934133338
-2.028976243049006,1.7698696765974036,-7.4758378317258165,3.734009868266676,-0.5397393531947959,1.866886624685628
-2.0415751382113356,1.769283862183637,-7.4773990980942235,3.733773249371256,-0.5385677243672629,1.8679394511168936
-2.0537031879273373,1.7690075010453858,-7.478558676066071,3.7358789022337873,-0.5380150020907605,1.8701053441593896
-2.0637270299429975,1.768491070039612,-7.480077685674749,3.740210688318779,-0.5369821400792129,1.868130292098394
-2.069026301210413,1.7681662016841084,-7.481301925257468,3.736260584196788,-0.536332403368206,1.8707435045601348
-2.073372978011384,1.7679526137982753,-7.482352230809163,3.7414870091202697,-0.5359052275965396,1.870267447469375
-2.079101829983162,1.7675851691761635,-7.483626044466052,3.74053489493875,-0.5351703383523161,1.8732208297740562
-2.0786170529329056,1.7669296850117309,-7.485335676003614,3.7464416595481125,-0.533859370023451,1.8733974712965153
-2.0806071399557293,1.7655710066801131,-7.488170857345976,3.7467949425930307,-0.5311420133602153,1.8689047859016434
-2.078672656132664,1.7642973306662533,-7.490858478246241,3.737809571803287,-0.5285946613324957,1.8656389453999653
-2.0813053063654516,1.7640564939413168,-7.4919777639708744,3.7312778907999307,-0.5281129878826228,1.8659400756892668
-2.0906043153987595,1.7638556132685301,-7.492996196274967,3.7318801513785336,-0.5277112265370495,1.8684203753046997
-2.0950843105626262,1.7637234709607763,-7.493953722019145,3.7368407506093995,-0.527446941921542,1.8682611163667255
-2.098183847059339,1.762247081233977,-7.496938135248105,3.736522232733451,-0.5244941624679433,1.863237204459438
-2.098091027062444,1.7619887808952954,-7.498042466993037,3.726474408918876,-0.5239775617905802,1.8660035152202699
-2.103660914108821,1.7624903311739906,-7.4980174828277555,3.7320070304405397,-0.5249806623479705,1.8689504346907142
-2.1075556280385603,1.7623646644955855,-7.498915710000765,3.7379008693814284,-0.5247293289911604,1.8711706959208567
-2.103516846680927,1.7628453687222065,-7.498935338274456,3.7423413918417134,-0.5256907374444028,1.8755471491260853
-2.1007059373311563,1.7633873085609204,-7.498867984124214,3.7510942982521707,-0.5267746171218307,1.877718534207848
-2.0959285603394875,1.7629397735439516,-7.500270234174117,3.755437068415696,-0.5258795470878932,1.8783145959542666
-2.0804087618196165,1.7636432234447537,-7.499959492899276,3.7566291919085333,-0.5272864468894972,1.8835828667438201
-2.0693773292170583,1.763707312223467,-7.500642452220928,3.7671657334876403,-0.5274146244469238,1.8884134618278952
-2.0491937927663564,1.7635355160632586,-7.501680573768335,3.7768269236557903,-0.5270710321265071,1.8886330942483274
-2.025080057593427,1.7637101915843678,-7.502203504000616,3.7772661884966547,-0.5274203831687253,1.8889350911814853
-2.0014201648327674,1.7641091075988067,-7.502351928553714,3.7778701823629706,-0.5282182151976031,1.8912987354317126
-1.9749400096101555,1.7632324376676927,-7.504423942276575,3.782597470863425,-0.5264648753353751,1.889466809544248
-1.9416406430705067,1.7640895074694616,-7.503879956807229,3.778933619088496,-0.528179014938913,1.8935893404784518
-1.9163674295519568,1.7630082634013406,-7.506271407497819,3.7871786809569037,-0.5260165268026709,1.8893504622701418
-1.8798461853019726,1.7633443778369082,-7.5064974659217665,3.7787009245402836,-0.5266887556738058,1.8903622434923126
-1.8494626542055252,1.7633372084690044,-7.507282647570106,3.7807244869846253,-0.5266744169379983,1.8922589717999212
-1.8103150978044438,1.7623997646173517,-7.509455365675535,3.7845179435998424,-0.524799529234693,1.889642768923437
-1.7633612868822226,1.7613524019877331,-7.5117275174342755,3.779285537846874,-0.5227048039754558,1.8886306207638075
-1.7204335151537862,1.7611390981437856,-7.512791870739844,3.777261241527615,-0.5222781962875606,1.8889716230346707
-1.6846027007867983,1.7605185738502218,-7.514476638030291,3.7779432460693414,-0.5210371477004333,1.888338850631643
-1.649197250818398,1.7608539969535726,-7.51470629993517,3.776677701263286,-0.5217079939071348,1.890045771439813
-1.6133811256201165,1.7601032658415556,-7.516610375272597,3.780091542879626,-0.5202065316831009,1.8880763030589873
-1.5728892495459492,1.7603572658674393,-7.516938106158443,3.7761526061179747,-0.5207145317348683,1.8899467804138066
-1.5427521884661601,1.7596080933186327,-7.518837885220241,3.779893560827613,-0.5192161866372549,1.8875989938783448
-1.5094310765831525,1.759450197465513,-7.519823827260527,3.7751979877566897,-0.5189003949310157,1.8900893031541282
-1.4853736908785935,1.7603964743690108,-7.519181032937411,3.7801786063082563,-0.5207929487380112,1.8940499320781916
-1.4693045859205895,1.7608380122650973,-7.519289944100487,3.7880998641563832,-0.521676024530184,1.8969005673548578
-1.4459489382045305,1.761242285553619,-7.519468593066354,3.7938011347097156,-0.5224845711072275,1.8975693518059915
-1.4255284403457358,1.7621439511826715,-7.518880191963698,3.795138703611983,-0.5242879023653327,1.899045304370549
-1.4061119768087185,1.7622051726654495,-7.519553929494952,3.798090608741098,-0.5244103453308885,1.900228956414586
-1.3802506631913065,1.761772997930033,-7.520991960186027,3.800457912829172,-0.5235459958600556,1.899975628407392
-1.3552770375517262,1.7619844257649557,-7.521434266331068,3.799951256814784,-0.5239688515299012,1.9039496736792356
-1.337775605383679,1.761882822463016,-7.522364877596371,3.8078993473584712,-0.5237656449260221,1.9036175722341966
-1.3156441191194181,1.7610083237844465,-7.524477583950923,3.807235144468393,-0.5220166475688831,1.9018294229619284
-1.2983131140116049,1.7599717208293821,-7.526780723862545,3.8036588459238567,-0.5199434416587544,1.9000323018021112
-1.2811739390728443,1.7599289951639743,-7.527623767644961,3.8000646036042225,-0.5198579903279387,1.8996147367866203
-1.274666441398674,1.7601376127806172,-7.528061328015012,3.7992294735732406,-0.5202752255612244,1.9010824535545556
-1.2704087702430584,1.7598714452214754,-7.529233772903286,3.8021649071091113,-0.519742890442941,1.9004539662227866
-1.2606658332431682,1.7596724726417439,-7.530343378212561,3.8009079324455732,-0.5193449452834779,1.8993024459034034
-1.248606850906338,1.7591786489552312,-7.531866698345167,3.7986048918068067,-0.5183572979104526,1.899503875632384
-1.2369113761440076,1.7595964174095442,-7.5320000145715325,3.799007751264768,-0.5191928348190783,1.8993309086646888
-1.2279978831138036,1.7603010843283668,-7.531725927008117,3.7986618173293776,-0.5206021686567235,1.9003328699108324
-1.2203634588108914,1.7597819820741178,-7.53329039066208,3.800665739821665,-0.5195639641482253,1.898771994680193
-1.203175894827896,1.7599925539953603,-7.533757653716555,3.797543989360386,-0.5199851079907102,1.8988871306493396
-1.192571672548124,1.7600660611085792,-7.534403215475301,3.797774261298679,-0.5201321222171479,1.9025140959926625
-1.1777768018243533,1.7593797180304354,-7.536239614177008,3.805028191985325,-0.5187594360608601,1.9014751553092097
-1.1606517214589385,1.7586263628994334,-7.53816717412268,3.8029503106184195,-0.5172527257988562,1.8986276475554908
-1.152675823332804,1.7590474570593806,-7.5382919987818005,3.7972552951109817,-0.5180949141187505,1.901099552979208
-1.1544114694343843,1.7589310298343268,-7.5392537308108345,3.802199105958416,-0.517862059668643,1.9010861709409383
-1.1554201718544306,1.7595835775186157,-7.539058036448092,3.8021723418818767,-0.5191671550372207,1.903421222096006
-1.1645768092484303,1.7585977222037084,-7.54128602628484,3.806842444192012,-0.5171954444074061,1.9013698138626134
-1.167136772609875,1.7587588862689452,-7.541840467162267,3.802739627725227,-0.5175177725378798,1.9023943436423032
-1.1756382529185085,1.7588210155464872,-7.542541366269114,3.8047886872846064,-0.5176420310929637,1.9021794452552907
-1.1846589574011261,1.758861278839504,-7.543256162948922,3.8043588905105814,-0.5177225576789971,1.902867101547817
-1.193243163357594,1.7593900304977785,-7.5432303403170415,3.805734203095634,-0.5187800609955462,1.9062296176783782
-1.1989915027552618,1.7601481059642583,-7.542893058247432,3.8124592353567563,-0.520296211928506,1.9081688959388874
-1.1978088532049522,1.7598013904934777,-7.54418764548206,3.8163377918777748,-0.5196027809869449,1.9079423625422924
-1.189783332364339,1.7600468842242023,-7.544610374154623,3.815884725084585,-0.5200937684483942,1.909280608062217
-1.1862298385515286,1.7607264429742222,-7.544345990679456,3.818561216124434,-0.5214528859484338,1.9128336167118898
-1.1814046346105842,1.7607652282207427,-7.545103737896739,3.8256672334237796,-0.5215304564414746,1.9124104082551927
-1.1704630527438091,1.761709581346294,-7.544454795280167,3.8248208165103854,-0.5234191626925772,1.915910919835962
-1.1593904416811416,1.7619961078779796,-7.544813239147076,3.831821839671924,-0.5239922157559486,1.9191879421117717
-1.1438393198657248,1.7607833649328468,-7.547407950593765,3.8383758842235434,-0.5215667298656831,1.9153987537058839
-1.127043750994038,1.7614010656871197,-7.54728107101573,3.8307975074117677,-0.522802131374229,1.9157024479473033
-1.118154800472258,1.7618452324491087,-7.547360917114299,3.8314048958946065,-0.5236904648982073,1.9173939218565774
-1.106894913794643,1.7619133624011094,-7.548043238028926,3.834787843713155,-0.5238267248022086,1.9178140123221301
-1.0929088335018964,1.7622017765182385,-7.5484465502871,3.8356280246442602,-0.5244035530364667,1.9177274776675577
-1.0759541196893476,1.7622742778205986,-7.5490855537138675,3.8354549553351154,-0.5245485556411867,1.9203297238253825
-1.0536306929758874,1.7623009452193024,-7.549855305170957,3.840659447650765,-0.5246018904385942,1.9211596191849463
-1.0331728261384496,1.7627533824898844,-7.549974087996817,3.8423192383698925,-0.5255067649797585,1.920608173188303
-1.0133483282973001,1.7626848003828264,-7.5508541451935605,3.841216346376606,-0.5253696007656422,1.9204605832714008
-0.9936666826388398,1.762816702756393,-7.551495320899422,3.8409211665428016,-0.5256334055127757,1.9202839208538378
-0.9705203441369887,1.7630381918736937,-7.551961747736939,3.8405678417076756,-0.5260763837473771,1.9203540905851357
-0.948235480720224,1.7637716044631915,-7.551675081769582,3.8407081811702715,-0.5275432089263727,1.9214119725436107
-0.9269208982506632,1.7647679486986358,-7.5509682385781955,3.8428239450872215,-0.5295358973972615,1.9221983747404945
-0.9032006494973448,1.7644378677738906,-7.552244821003367,3.844396749480989,-0.528875735547771,1.9212424209437244
-0.8741890699613073,1.7647617920768635,-7.552534450316271,3.842484841887449,-0.5295235841537167,1.9222770706962349
-0.8531689145575516,1.7642036079597512,-7.554180991273695,3.8445541413924698,-0.5284072159194922,1.9206725419159152
-0.827369044939366,1.7651936979786844,-7.553491157182423,3.8413450838318304,-0.530387395957359,1.9214179772065365
-0.8101822782041985,1.764558258041862,-7.555242445352002,3.842835954413073,-0.5291165160837141,1.9183899688513366
-0.7880183962889094,1.7643524984884709,-7.556328155126298,3.8367799377026732,-0.528704996976932,1.917799583407271
-0.7710429130999499,1.7636149264427132,-7.558248956236514,3.835599166814542,-0.5272298528854166,1.9151907568012767
-0.7596545502851777,1.76445902681124,-7.557811683792217,3.8303815136025534,-0.5289180536224698,1.916811833772926
-0.7580358238116043,1.7641065783161178,-7.559141135924448,3.833623667545852,-0.5282131566322257,1.9149603213862971
-0.7443540127279364,1.7646417669571015,-7.55913670655362,3.8299206427725943,-0.5292835339141929,1.9159531890372612
-0.7386523117140369,1.764795779114686,-7.559705531137945,3.8319063780745224,-0.529591558229362,1.9166067186724267
-0.732382059480857,1.7642316135504557,-7.561272832998901,3.8332134373448534,-0.5284632271009012,1.9166370470627183
-0.7248219467535808,1.7640389654630118,-7.562346175609912,3.8332740941254366,-0.5280779309260136,1.916367964420707
-0.7230954214126886,1.764156641506887,-7.562922277198131,3.832735928841414,-0.5283132830137643,1.9198457455264102
-0.7242967281174382,1.7641207975825546,-7.563756644548621,3.8396914910528204,-0.5282415951650996,1.919596187481052
-0.7254054964923986,1.7650536119198041,-7.563113067156336,3.839192374962104,-0.5301072238395986,1.9214232583731272
-0.7321733985891177,1.7639675426918688,-7.565537648740884,3.8428465167462544,-0.5279350853837281,1.917992203389958
-0.7292289489683519,1.7637062779296513,-7.566743234121934,3.835984406779916,-0.5274125558592929,1.9166100953072798
-0.7345872668083064,1.7642743411709014,-7.566655802705186,3.8332201906145595,-0.5285486823417931,1.9200560993591547
-0.7450196954864241,1.7638868893524189,-7.567986818412247,3.8401121987183093,-0.5277737787048279,1.9189870984213886
-0.7545009695845,1.7637778508268922,-7.56895883518151,3.837974196842777,-0.5275557016537744,1.917119213037238
-0.7722900595290092,1.7634820430446179,-7.570251195545222,3.834238426074476,-0.5269640860892255,1.9141051520249288
-0.7889008860416098,1.764098682960132,-7.570083209940161,3.8282103040498576,-0.5281973659202537,1.9158363156977605
-0.8112457031582343,1.7652630440642263,-7.569137318546235,3.831672631395521,-0.5305260881284425,1.9175211172867022
-0.8292170524585041,1.7654823334228744,-7.5695971190006865,3.8350422345734043,-0.5309646668457387,1.9170195821346703
-0.8438468559942098,1.7659217215382084,-7.569743728029395,3.8340391642693405,-0.5318434430764069,1.9181003227046933
-0.8548287869183593,1.7657009025126449,-7.570817169706077,3.8362006454093867,-0.5314018050252799,1.9198683774379992
-0.8608068294902518,1.7660484810377037,-7.571090522347318,3.8397367548759984,-0.5320969620753977,1.919241019544395
-0.8655211148507238,1.766521201553352,-7.5712075876195595,3.83848203908879,-0.5330424031066943,1.9201672202352686
-0.8729900352413535,1.766312220507083,-7.572329723313959,3.8403344404705373,-0.5326244410141563,1.9197454488476295
-0.874336933123586,1.766181900340905,-7.573305030396373,3.839490897695259,-0.5323638006818004,1.9193655565958525
-0.8793944421969373,1.7654082341913873,-7.575331142867647,3.838731113191705,-0.5308164683827653,1.91684971883767
-0.8838412345838469,1.7652947278735394,-7.576246852383367,3.83369943767534,-0.5305894557470694,1.9166104334055662
-0.8906476156370209,1.7643155306063547,-7.57849279736771,3.8332208668111325,-0.5286310612127003,1.9143163619921963
-0.8944731136634951,1.7645152982721906,-7.578981277448175,3.8286327239843927,-0.5290305965443719,1.916157519239282
-0.9059976051759655,1.7648666130862694,-7.579240027658349,3.832315038478564,-0.5297332261725297,1.9168978206903562
-0.9162909266141108,1.7656357480287344,-7.578887456553475,3.8337956413807124,-0.5312714960574598,1.9176162144636093
-0.9304105707224481,1.765428004150448,-7.579983211858707,3.8352324289272186,-0.5308560083008873,1.918669065940335
-0.9324854867162031,1.7645473972473564,-7.582090092966361,3.83733813188067,-0.5290947944947042,1.9165932573425406
-0.9321052445021154,1.764902281360529,-7.5823415253424615,3.833186514685081,-0.5298045627210494,1.9179101139940136
-0.9414576283591805,1.7652738736887357,-7.582582419965937,3.835820227988027,-0.5305477473774626,1.9186723224092879
-0.9466537306937068,1.7649856860216844,-7.583824352620727,3.8373446448185757,-0.52997137204336,1.9179347382736933
-0.9472592563263111,1.7645860283661692,-7.585252913276535,3.8358694765473866,-0.5291720567323297,1.9177274845738257
-0.9470890324795329,1.7649725421727975,-7.585502270904752,3.8354549691476514,-0.5299450843455863,1.917773901611246
-0.9536877560113917,1.7654402725790195,-7.585554295939962,3.835547803222492,-0.5308805451580302,1.9197543825660888
-0.9646966963536219,1.764501529135698,-7.5877321860961935,3.8395087651321775,-0.5290030582713875,1.919927573744666
-0.9705654200203808,1.7646557209056435,-7.588295415782156,3.839855147489332,-0.5293114418112784,1.9205855982473803
-0.9855810759153334,1.7648226619272216,-7.588879335878245,3.8411711964947606,-0.5296453238544346,1.9191305457936574
-0.9984590774275475,1.7654651687106722,-7.588710865144036,3.8382610915873148,-0.5309303374213359,1.9208478177095842
-1.013234155749653,1.765531315205739,-7.5894212934947465,3.8416956354191685,-0.5310626304114697,1.9224503812521367
-1.0253241356587939,1.7654459555780262,-7.590320558923215,3.8449007625042735,-0.5308919111560442,1.9231806389225945
-1.0353771184917147,1.765412817390974,-7.591123424934593,3.846361277845189,-0.5308256347819396,1.9229254094614472
-1.0450051715164372,1.7646009423901026,-7.593180728372489,3.8458508189228944,-0.5292018847801968,1.9196830054453835
-1.0486899316436915,1.7641344825370908,-7.594663642087554,3.839366010890767,-0.5282689650741733,1.9191847474301955
-1.0562283147410998,1.7644796653817574,-7.594921294091495,3.838369494860391,-0.5289593307635065,1.9202301939822044
-1.063070235901777,1.7643899192635795,-7.595828411240615,3.840460387964409,-0.5287798385271507,1.9216752007144349
-1.0676801431726846,1.764794004217031,-7.596016753765709,3.8433504014288697,-0.5295880084340537,1.9219574655620895
-1.0754073030720939,1.7655610575572271,-7.595668201329116,3.843914931124179,-0.5311221151144461,1.9234214725585819
-1.0857203279171275,1.7660907960512349,-7.595631545665633,3.8468429451171637,-0.5321815921024614,1.92485942626315
-1.0899811797754149,1.7655951089008064,-7.597188583659973,3.8497188525263,-0.5311902178016044,1.9223164535598298
-1.084248068589595,1.7657473177354797,-7.597758213567334,3.8446329071196597,-0.5314946354709507,1.922269845317607
-1.0840369963627783,1.766748801230818,-7.597049555548841,3.844539690635214,-0.5334976024616273,1.9245097134272373
-1.0867636224048747,1.765722003532748,-7.599390562324014,3.8490194268544746,-0.5314440070654876,1.9236204272366868
-1.0771378691837663,1.7666883471871668,-7.598694166352213,3.8472408544733736,-0.5333766943743251,1.9258949628102697
-1.075086008196462,1.7669189761841038,-7.599185759885654,3.8517899256205395,-0.5338379523681989,1.9248265425546842
-1.0675163679739468,1.7670682222679053,-7.599780534943693,3.8496530851093684,-0.534136444535802,1.923512599405653
-1.060733821125324,1.7664498866454217,-7.601536396464526,3.847025198811306,-0.532899773290835,1.9214554108785855
-1.0465457115489905,1.7666143095403726,-7.602129107688971,3.842910821757171,-0.5332286190807369,1.920377431569149
-1.0378544163985755,1.7659340320793275,-7.603943717031883,3.840754863138298,-0.5318680641586471,1.9175303356682223
-1.0269502217718678,1.7655609752018369,-7.605301609860867,3.8350606713364446,-0.5311219504036656,1.916823036124784
-1.023390570516959,1.7659583691437097,-7.60548946859168,3.833646072249568,-0.5319167382874114,1.917596187091482
-1.0238973175990198,1.7667821987048407,-7.605054498064349,3.835192374182964,-0.5335643974096733,1.9191225412837676
-1.022955400353581,1.7662313551849518,-7.606682279803163,3.838245082567535,-0.5324627103698957,1.9180431952428125
-1.01398573321514,1.7661784681738122,-7.607551303896776,3.836086390485625,-0.5323569363476163,1.9187147691462443
-1.005107970793901,1.7660318176094312,-7.608551593780474,3.8374295382924886,-0.5320636352188542,1.9182066374498155
-0.9940672275424625,1.7660558531789912,-7.609312844441231,3.836413274899631,-0.5321117063579743,1.9187165750312778
-0.9860595628466395,1.7661484479324032,-7.609918349995501,3.8374331500625556,-0.5322968958647983,1.9199117842659665
-0.9778601309492725,1.7665464267389062,-7.610101439191614,3.839823568531933,-0.533092853477804,1.9215292198902028
-0.9721960484517336,1.767014077927418,-7.610161168550218,3.8430584397804055,-0.5340281558548275,1.9222220066898152
-0.9689854217390828,1.766927627384706,-7.611059237282582,3.8444440133796305,-0.5338552547694037,1.9209715202651803
-0.9649853862671725,1.767239378326303,-7.611401572891708,3.8419430405303605,-0.5344787566525971,1.9223825150618044
-0.9602461279453252,1.7680481515186126,-7.610989348729341,3.8447650301236087,-0.5360963030372166,1.9226024609774053
-0.9562054203343902,1.7685756708507636,-7.6110301593295295,3.8452049219548106,-0.5371513417015185,1.9228085181118917
-0.9528480422976697,1.7689266048812082,-7.6113227442197156,3.8456170362237834,-0.5378532097624079,1.9246983272044518
-0.9417921783929568,1.7690405412013772,-7.6119302631642345,3.8493966544089036,-0.5380810824027458,1.9236200037614266
-0.9339014112137551,1.7691071917605827,-7.6126454179202465,3.8472400075228532,-0.5382143835211569,1.9247691556689999
-0.9267591577842138,1.7694990014677228,-7.612870575726418,3.8495383113379997,-0.5389980029354372,1.9250476506805871
-0.9211569840734501,1.7691409275109975,-7.614220742782575,3.8500953013611743,-0.5382818550219867,1.9245338198929125
-0.9090010236362325,1.7694242962375566,-7.614605249784359,3.849067639785825,-0.5388485924751047,1.92633993561989
-0.9013196007384208,1.7695372520371708,-7.615207941150475,3.85267987123978,-0.5390745040743334,1.926368577965173
-0.8888549680957567,1.769254127117113,-7.616418645187648,3.852737155930346,-0.5385082542342176,1.9252243037380716
-0.8732988408863198,1.7696715447006819,-7.616614977922156,3.8504486074761433,-0.5393430894013553,1.9259229562881983
-0.8632015607920192,1.770669679106794,-7.615906866761337,3.8518459125763966,-0.5413393582135796,1.9285701001898514
-0.8571814776291058,1.7707763127995186,-7.616615496964337,3.857140200379703,-0.5415526255990288,1.9271758243138695
-0.841185357063889,1.7704196370299428,-7.617938879476166,3.854351648627739,-0.5408392740598773,1.9265523700091667
-0.8236851622730725,1.770547912445485,-7.618495303528846,3.8531047400183334,-0.5410958248909618,1.9272755906648669
-0.8088292386398095,1.7713094305667154,-7.618141910586612,3.8545511813297337,-0.5426188611334226,1.9285325454824884
-0.7953911839026526,1.7715313318489876,-7.618618467253551,3.857065090964977,-0.5430626636979671,1.9282670336778118
-0.7774459519390371,1.7715639515828174,-7.619378099206443,3.8565340673556237,-0.543127903165627,1.9274721630031173
-0.7603684472242334,1.7717819309783736,-7.619814240333495,3.8549443260062346,-0.5435638619567394,1.9292702156041857
-0.7464869322138119,1.7727316206126578,-7.619200196977879,3.8585404312083713,-0.5454632412253079,1.9312121686219512
-0.7333497410165757,1.7725501721573962,-7.62025503107244,3.8624243372439024,-0.5451003443147849,1.9307194504975085
-0.7144267281568712,1.7721170990508774,-7.621718901069568,3.861438900995017,-0.5442341981017476,1.9287028843649188
-0.7005103911025765,1.7720696116760672,-7.6225795627159805,3.8574057687298375,-0.5441392233521273,1.927913947021059
-0.6929249647785962,1.7711356788950445,-7.624784803377454,3.855827894042118,-0.542271357790082,1.923946128655498
-0.6857047039080646,1.7711044956933741,-7.625624236645491,3.847892257310996,-0.5422089913867413,1.9223819236036312
-0.6862210368542181,1.7706928475443873,-7.627037342439537,3.8447638472072625,-0.5413856950887673,1.920824731765187
-0.6868470134620273,1.7714501336610342,-7.62669481331794,3.841649463530374,-0.542900267322061,1.9214962549115053
-0.6949182374058207,1.7716822970373258,-7.627115794325108,3.8429925098230107,-0.5433645940746443,1.9202586497135805
-0.6965630394901261,1.7723469658277762,-7.626883304444559,3.840517299427161,-0.5446939316555448,1.9231083459888303
-0.7000468309460333,1.7734589546600712,-7.6259929699634945,3.8462166919776606,-0.546917909320135,1.9241963946846414
-0.7022050470742496,1.7734779659207065,-7.6267875934339004,3.848392789369283,-0.5469559318414057,1.9222495581867918
-0.6946180138319145,1.7736804168842744,-7.627266534214903,3.8444991163735835,-0.5473608337685414,1.9211917226478241
-0.689934124884175,1.7734448647815713,-7.628398068929833,3.8423834452956482,-0.5468897295631353,1.9196434166960938
-0.6888524592378911,1.77345812751793,-7.629193188373512,3.8392868333921877,-0.5469162550358528,1.9195302980430613
-0.6903921922054259,1.7741563048443671,-7.628966063374439,3.8390605960861226,-0.5483126096887271,1.919726507676423
-0.6921899312579001,1.7746665416721679,-7.628956408208516,3.839453015352846,-0.5493330833443287,1.9207811515585997
-0.6908616665084573,1.77504781233268,-7.629144236045191,3.8415623031171995,-0.550095624665353,1.9227551738493696
-0.6908122528967908,1.7751592120415316,-7.629757502106175,3.845510347698739,-0.5503184240830561,1.9226334511751701
-0.6894507963721539,1.775011563670492,-7.630754824020186,3.8452669023503403,-0.5500231273409769,1.922730450213527
-0.6872201353612084,1.775812466555287,-7.6302941812619025,3.845460900427054,-0.5516249331105672,1.924014578485756
-0.6893382666675052,1.7757330388755577,-7.6311576024654855,3.848029156971512,-0.5514660777511082,1.925949260891202
-0.6902006797135734,1.7759494994326743,-7.6316056978380065,3.851898521782404,-0.5518989988653417,1.9278573202848348
-0.6913457079751906,1.775427469232997,-7.633151700881909,3.8557146405696696,-0.550854938465987,1.9278147404045813
-0.6875160351814777,1.7745858262735288,-7.635194398644758,3.8556294808091627,-0.5491716525470506,1.9258124912561962
-0.6851044535418387,1.7739409242794084,-7.63698269491707,3.8516249825123925,-0.5478818485588097,1.9241805455805576
-0.6827202253141342,1.774789377287575,-7.636506121796019,3.8483610911611152,-0.5495787545751428,1.9246985465894044
-0.6869548430786505,1.775118038923848,-7.636768227115262,3.849397093178809,-0.550236077847689,1.9257052793993248
-0.6834618292480883,1.7758382303578888,-7.636444408969147,3.8514105587986496,-0.5516764607157709,1.9273173538803028
-0.6832164085777519,1.7761182469459986,-7.636805068599206,3.8546347077606056,-0.5522364938919905,1.9270029052346682
-0.6792490695359925,1.7765115549612727,-7.636986556789667,3.8540058104693364,-0.5530231099225387,1.9270019962627902
-0.677620744442601,1.7768956484097882,-7.637175824938856,3.8540039925255805,-0.5537912968195697,1.9274723872857884
-0.6800149513924545,1.7770257832336274,-7.637766432041233,3.854944774571577,-0.5540515664672481,1.9277996464268299
-0.6799317512578753,1.7760289780205427,-7.640045694473235,3.8555992928536598,-0.5520579560410788,1.9246109341271684
-0.6774093153612961,1.7762658356136718,-7.640460655103906,3.849221868254337,-0.5525316712273369,1.924500396595585
-0.6814484403154575,1.7756343492912,-7.64217877573406,3.84900079319117,-0.5512686985823931,1.9227449202744495
-0.6822042232029766,1.7758322452928295,-7.6426728480944535,3.845489840548899,-0.5516644905856525,1.922605052229857
-0.6916453686591026,1.7770235923857878,-7.641658933337758,3.845210104459714,-0.5540471847715692,1.9243441695725862
-0.7052421178435209,1.7771428870614574,-7.642276252574302,3.8486883391451725,-0.5542857741229082,1.925066473293532
-0.7115581759669469,1.778124429440037,-7.641587140793285,3.850132946587064,-0.5562488588800673,1.9271858051221327
-0.7199549154258316,1.777393003458025,-7.643416241031203,3.8543716102442653,-0.5547860069160435,1.92521298854345
-0.7180629267897736,1.7779639893747212,-7.643341444768017,3.8504259770869,-0.5559279787494359,1.9276613286091424
-0.7269495427086028,1.7788276596519117,-7.642834592153356,3.855322657218285,-0.5576553193038167,1.9288503170295281
-0.7331333708671623,1.778971846076004,-7.643420626594749,3.8577006340590563,-0.5579436921520012,1.9281093464241754
-0.7338975206435663,1.7796534703086515,-7.6431897585903945,3.856218692848351,-0.5593069406172965,1.9285655908880475
-0.7326708716671364,1.7797432108467528,-7.643853701472398,3.857131181776095,-0.5594864216934992,1.9276239526248118
-0.7223097702461683,1.780008956034927,-7.644215571550247,3.8552479052496236,-0.5600179120698476,1.9287789865864986
-0.7087760403519638,1.7802541041385738,-7.644635887097606,3.857557973172997,-0.5605082082771409,1.9289539740690325
-0.6981749763204759,1.780649077561729,-7.644808597368074,3.857907948138065,-0.5612981551234515,1.9288972869497618
-0.6883110806026549,1.780778688086434,-7.645400378569959,3.8577945738995236,-0.5615573761728614,1.9290832859441773
-0.679441034173407,1.7802642243050506,-7.646991372650732,3.8581665718883547,-0.5605284486100944,1.9269016882397416
-0.669640122736638,1.7808926670624172,-7.646821283244872,3.8538033764794832,-0.5617853341248275,1.9293023307111212
-0.6671509736161552,1.7819722917081637,-7.645967188781663,3.8586046614222425,-0.5639445834163206,1.9304826069953775
-0.6644728676185787,1.7820658102171678,-7.646606585085046,3.860965213990755,-0.5641316204343287,1.930082783303554
-0.6541325548675445,1.7826257883244208,-7.6465698780941596,3.860165566607108,-0.5652515766488344,1.9298843462666926
-0.6398818114182268,1.7834545532183725,-7.64610887203273,3.859768692533385,-0.5669091064367382,1.9303599043650947
-0.6246539909135134,1.7833567559676236,-7.647026671949266,3.8607198087301895,-0.56671351193524,1.9301431214063622
-0.5998703810248127,1.7838572312084768,-7.647033356390607,3.8602862428127245,-0.5677144624169467,1.930417299092211
-0.5781743980921812,1.7838613027181391,-7.647835278935963,3.860834598184422,-0.5677226054362711,1.9285137780140802
-0.5592795963729191,1.7848024995330882,-7.647190579299976,3.8570275560281604,-0.5696049990661695,1.930776412030792
-0.543612745653812,1.7851083260088927,-7.647524497463554,3.861552824061584,-0.5702166520177785,1.9314056131117192
-0.5268831672791592,1.784871977023074,-7.648646605202258,3.8628112262234384,-0.5697439540461412,1.9313827320771575
-0.5042968855715717,1.7854377243550434,-7.64858528645732,3.862765464154315,-0.57087544871008,1.9323475596281117
-0.488161596418367,1.786430148220792,-7.647889718830422,3.8646951192562233,-0.5728602964415773,1.9327597824245322
-0.4752053739231199,1.7865623412058171,-7.648457377455997,3.8655195648490643,-0.5731246824116274,1.933752110826616
-0.456142319499226,1.786546132479359,-7.649273141175619,3.867504221653232,-0.573092264958711,1.9319829049270094
-0.4401052521070179,1.7870504408014614,-7.649305147887571,3.863965809854019,-0.5741008816029157,1.931774200399665
-0.4265143721350686,1.7869978297872695,-7.650166899922028,3.86354840079933,-0.5739956595745319,1.9309460556755853
-0.4109425347187967,1.7872690890146585,-7.650535394787904,3.8618921113511706,-0.5745381780293101,1.9323041447431257
-0.39828120432755654,1.7878421716265072,-7.650444391595836,3.8646082894862515,-0.5756843432530074,1.932751496944799
-0.3876488004479146,1.787407451670774,-7.651889810814059,3.865502993889598,-0.5748149033415413,1.9290765701003196
-0.3728563303843071,1.7877042057808548,-7.652210724485252,3.8581531402006393,-0.5754084115617027,1.9302719550586178
-0.3602191339655114,1.7880202836015762,-7.652493117003979,3.8605439101172356,-0.5760405672031457,1.9297242640176633
-0.35001475910586954,1.7884916617898101,-7.652570292319035,3.8594485280353266,-0.5769833235796138,1.9299976785766646
-0.34497776471291264,1.788026567685496,-7.6540416921423295,3.859995357153329,-0.5760531353709858,1.9281892704907813
-0.3364060118581218,1.7880617120240272,-7.65476624914437,3.8563785409815625,-0.5761234240480483,1.9282712662743813
-0.3347500813222437,1.788212432459109,-7.6553200948848605,3.8565425325487626,-0.5764248649182121,1.9265891873668104
-0.3381520812711436,1.7890695691905965,-7.654790099993446,3.853178374733621,-0.578139138381187,1.928434461466301
-0.34279502054783606,1.7890925235595196,-7.6554950406091224,3.856868922932602,-0.5781850471190335,1.928825770104866
-0.34401970085744615,1.7899218845932279,-7.655052457445069,3.857651540209732,-0.57984376918645,1.928761387088084
-0.3476231007997628,1.7898969093877712,-7.655857333304847,3.857522774176168,-0.5797938187755368,1.9269945235463526
-0.35021451034647555,1.789705254077762,-7.656884936169801,3.853989047092705,-0.5794105081555182,1.9265126806198212
-0.3544693754897228,1.7902367315504053,-7.656843592485664,3.8530253612396423,-0.5804734631008049,1.9280533689801542
-0.360685987228627,1.7918215624353826,-7.655246941063257,3.8561067379603085,-0.5836431248707596,1.9285567996831934
-0.36999860250646854,1.791657955121324,-7.656296400725565,3.8571135993663868,-0.5833159102426425,1.9253754560643948
-0.3715161911377596,1.7921215790834708,-7.656415251755906,3.8507509121287895,-0.584243158166936,1.9244481862489917
-0.3762165064925176,1.7917240621952781,-7.657766766729581,3.8488963724979834,-0.5834481243905507,1.9216462133593806
-0.37656123052911195,1.792776755500155,-7.656937263250487,3.843292426718761,-0.5855535110003046,1.9236962188445725
-0.3850347777477907,1.7929507985456343,-7.657481485235807,3.847392437689145,-0.5859015970912633,1.9216673992925963
-0.3854894962111626,1.793714878350484,-7.657067732465356,3.8433347985851927,-0.5874297567009624,1.9238120548476185
-0.387972079740897,1.7934639236714562,-7.6582158329109085,3.847624109695237,-0.5869278473429071,1.9225690377641056
-0.3867954902177173,1.7935241504850947,-7.6589065190777745,3.845138075528211,-0.5870483009701841,1.921400554902375
-0.3854697601363073,1.7926653730677646,-7.660912025379111,3.84280110980475,-0.5853307461355239,1.9192704501903373
-0.3829819273480224,1.7929168217951394,-7.66130853726479,3.8385409003806745,-0.5858336435902737,1.9182815920719556
-0.3885760229908639,1.7926989683641692,-7.662426933657247,3.836563184143911,-0.5853979367283333,1.9177073917663687
-0.3939634464887227,1.7927655183964344,-7.663122771197416,3.8354147835327375,-0.5855310367928637,1.9155071678402837
-0.3987509659161024,1.7938490947124555,-7.662269693291814,3.8310143356805675,-0.5876981894249057,1.9161380355343465
-0.4057488505822624,1.7931670208880688,-7.664055297809925,3.832276071068693,-0.5863340417761324,1.9138399705421818
-0.40309048462174957,1.7928658369200572,-7.665285323054579,3.8276799410843636,-0.5857316738401092,1.9118436400105527
-0.40875125041978233,1.793657694228107,-7.664876780478723,3.8236872800211055,-0.5873153884562087,1.9114838134141916
-0.41848003003965495,1.7946631635891463,-7.66410440798527,3.822967626828383,-0.5893263271782875,1.9132380134148224
-0.42877075277261234,1.7955106318525291,-7.663540618676481,3.8264760268296447,-0.5910212637050531,1.9142597787847149
-0.4330137334597284,1.7960505571926133,-7.663487893314415,3.8285195575694297,-0.5921011143852214,1.9144119002151831
-0.430833990922423,1.7960496131956283,-7.664215846712072,3.8288238004303663,-0.5920992263912512,1.9136816782418666
-0.4270132854888429,1.7955999907069515,-7.6656777098484845,3.8273633564837333,-0.5911999814138977,1.9106214642814667
-0.4306708710649758,1.7953749873550688,-7.666768961863635,3.8212429285629335,-0.5907499747101322,1.9090448498352552
-0.43605599044366716,1.7958442796867224,-7.666821800753261,3.8180896996705105,-0.5916885593734396,1.9094672658436416
-0.44638952487513706,1.796038574509491,-7.6673119326558234,3.818934531687283,-0.5920771490189762,1.9077698145942326
-0.451554915324043,1.7967373812604168,-7.666967541200296,3.815539629188465,-0.5934747625208282,1.908418349702049
-0.46247757717422555,1.7969550094324507,-7.66738748780586,3.816836699404098,-0.593910018864896,1.9096411103339275
-0.46918869027904275,1.7972781108170146,-7.6676445418504615,3.819282220667855,-0.5945562216340241,1.9091551583431006
-0.4788133091203255,1.7969475406641928,-7.6688880050945025,3.818310316686201,-0.5938950813283805,1.9066144249242107
-0.48372423576666,1.796707577708367,-7.669986170992743,3.8132288498484215,-0.5934151554167286,1.9068459917406837
-0.490465464373786,1.7959602579276934,-7.671874209403424,3.8136919834813674,-0.5919205158553815,1.9038670340979367
-0.4928055992228373,1.796152409911849,-7.672318449045087,3.8077340681958733,-0.5923048198236928,1.90400885743771
-0.5019399460598626,1.7964153334796786,-7.672690887911618,3.80801771487542,-0.5928306669593516,1.9050187895777082
-0.5089076703891147,1.7961132480274946,-7.673898540752955,3.8100375791554164,-0.5922264960549833,1.9027187728460027
-0.5131694887590337,1.7961442329338733,-7.674620131861412,3.8054375456920053,-0.5922884658677408,1.902281828754079
-0.525205901406566,1.7968709129838802,-7.674265243562663,3.804563657508158,-0.5937418259677547,1.9032270398212785
-0.5353703490924655,1.796638477300208,-7.6753108871643025,3.806454079642557,-0.5932769546004103,1.9033190427315223
-0.537598184141368,1.797061795264221,-7.6754265971735505,3.8066380854630446,-0.5941235905284364,1.903224679816134
-0.5463212388871561,1.7970459970320003,-7.676155718788709,3.806449359632268,-0.5940919940639953,1.9030539161317261
-0.5568905793268168,1.797250070914371,-7.676570655492158,3.8061078322634523,-0.5945001418287368,1.9024771408838614
-0.5722284583519492,1.7973359714164763,-7.677173300908445,3.804954281767723,-0.5946719428329474,1.9018916883474346
-0.5886986133635901,1.79807856879647,-7.6767924719809955,3.803783376694869,-0.5961571375929349,1.9035071294139576
-0.6060198666650303,1.7979079390554749,-7.677798825957646,3.807014258827915,-0.5958158781109446,1.9023111799130537
-0.6145759887119429,1.7986874955217649,-7.67732332544703,3.8046223598261073,-0.5973749910435249,1.9044710949413637
-0.624842466126883,1.7978667118397524,-7.679291983069139,3.8089421898827274,-0.5957334236795002,1.900112282440481
-0.628893034975234,1.7978134489591913,-7.6801214736755465,3.800224564880962,-0.5956268979183779,1.8988423510847372
-0.6392010527433714,1.7985816299593163,-7.6796858205756475,3.7976847021694744,-0.597163259918628,1.900089708297499
-0.6550688349310656,1.797899632619701,-7.681453460635273,3.800179416594998,-0.5957992652393976,1.896435494042989
-0.6638775057744297,1.7982791821152246,-7.681616870945446,3.792870988085978,-0.5965583642304452,1.8967355712175347
-0.679752605977062,1.7987374137070375,-7.681633395028377,3.7934711424350693,-0.5974748274140712,1.8977494265765003
-0.6918375801092722,1.798725010346405,-7.682418343356887,3.7954988531530005,-0.5974500206928063,1.8974646955453685
-0.6986430195245532,1.7988019246479205,-7.6830128760666785,3.794929391090737,-0.5976038492958374,1.8971219901378737
-0.701727967218277,1.7990128348183732,-7.683465516735979,3.7942439802757475,-0.5980256696367425,1.8969564918722737
-0.7051315257497937,1.799236633986926,-7.683830010169621,3.7939129837445473,-0.5984732679738479,1.8960998885728007
-0.7083771711430762,1.800013228833506,-7.6833817774643425,3.7921997771456013,-0.600026457667008,1.8960021935234663
-0.7098611698386534,1.8006950084267448,-7.683094792318773,3.7920043870469327,-0.6013900168534856,1.8965474494248051
-0.7066010931298052,1.8015473065463419,-7.6825610663901625,3.7930948988496103,-0.6030946130926796,1.8969775232492936
-0.7035065874190751,1.8018149349767698,-7.682909736047485,3.793955046498587,-0.6036298699535356,1.8961965367978904
-0.6927880012233993,1.8018283943919502,-7.683633723342303,3.7923930735957807,-0.6036567887838966,1.8956841148552925
-0.6817982546566146,1.8021722901114834,-7.683893584718084,3.791368229710585,-0.604344580222963,1.8949738841803732
-0.6710487818073192,1.8025958948909742,-7.683952050404208,3.7899477683607463,-0.6051917897819447,1.89602508623037
-0.6594984459368272,1.8025793374359007,-7.684707645528324,3.79205017246074,-0.6051586748717979,1.8951966394460753
-0.6447746096978655,1.8027311895133873,-7.685220228140008,3.7903932788921506,-0.605462379026771,1.8945741199214434
-0.634230252407809,1.8030678765232275,-7.68543902950578,3.789148239842887,-0.6061357530464516,1.8950295303147666
-0.622424684666627,1.8036898484611554,-7.685228431961739,3.7900590606295332,-0.6073796969223072,1.8976135374153675
-0.6136327016463943,1.8046119387496948,-7.684586500625143,3.795227074830735,-0.609223877499386,1.8984340279116063
-0.5984574889226097,1.8051888926753143,-7.684435400376455,3.7968680558232126,-0.6103777853506253,1.8993646606380563
-0.5772625583054003,1.8052622463367272,-7.685063118681535,3.7987293212761126,-0.6105244926734507,1.8986293229265918
-0.5558980571663952,1.8049490488305107,-7.686247604062388,3.7972586458531836,-0.6098980976610178,1.897734182562988
-0.530185867425474,1.805140397751024,-7.686680367300953,3.795468365125976,-0.6102807955020447,1.8965770759904461
-0.5093899122669452,1.8046580339658522,-7.6881397411693,3.7931541519808922,-0.6093160679317008,1.8947212827850177
-0.48859684712733475,1.8056896761601282,-7.687317756994156,3.7894425655700354,-0.6113793523202526,1.8949352432539928
-0.4742274173169072,1.8064545584825416,-7.686898603555121,3.7898704865079855,-0.6129091169650794,1.9002592418915847
-0.4545179276055231,1.8064814686105657,-7.687592718622184,3.8005184837831694,-0.6129629372211279,1.8992901448406911
-0.4305324000642736,1.8063790453269872,-7.688457725699441,3.7985802896813823,-0.6127580906539709,1.8991025314187773
-0.4078009776517524,1.8067336393336617,-7.688663914641086,3.7982050628375545,-0.6134672786673196,1.898538717618594
-0.3913405072319307,1.8073534902423025,-7.688423510861473,3.797077435237188,-0.6147069804846012,1.8993012157748852
-0.37800560508541636,1.8080623842674552,-7.688046582368183,3.7986024315497704,-0.6161247685349065,1.9009325625389792
-0.3668819411344444,1.8074577590388905,-7.689740132251587,3.8018651250779585,-0.614915518077777,1.8968768736138293
-0.3507898309948203,1.8077433112422403,-7.690022980969046,3.7937537472276586,-0.6154866224844766,1.8988472736114042
-0.34062299111027095,1.8081481471471623,-7.690128498755718,3.7976945472228083,-0.6162962942943205,1.899378494046318
-0.331796601342786,1.8077210946562732,-7.691498683075109,3.798756988092636,-0.6154421893125421,1.8961650842633984
-0.3217186862130932,1.8079269583253499,-7.691921045000751,3.7923301685267967,-0.6158539166506956,1.8960439986206077
-0.3158940035505289,1.8082252551181117,-7.692214150746132,3.7920879972412154,-0.6164505102362191,1.8953891602877415
-0.3107512743066865,1.808650024116549,-7.6922840293708115,3.790778320575483,-0.6173000482330936,1.8951983828194172
-0.30686973390320027,1.808988001889465,-7.692500210922659,3.7903967656388344,-0.6179760037789255,1.8955876794435744
-0.3044898725321783,1.8094444669257315,-7.692569986464414,3.791175358887149,-0.6188889338514583,1.895386562037617
-0.3061956698047217,1.8096037123859545,-7.693029916441852,3.790773124075234,-0.6192074247719045,1.8949873930378085
-0.30850495166702263,1.8098734434788297,-7.693374498386796,3.789974786075617,-0.6197468869576548,1.8953751571161603
-0.3112221557848356,1.8101801056498286,-7.693605970765478,3.7907503142323207,-0.6203602112996524,1.8966044668925315
-0.3118211837922953,1.8097858435525365,-7.694947443725821,3.793208933785063,-0.619571687105068,1.8936134403154823
-0.3105036870797271,1.8099349600291637,-7.695430921452553,3.7872268806309646,-0.6198699200583223,1.8923801275208836
-0.31061844557632146,1.8105748519718037,-7.695167999906361,3.784760255041767,-0.6211497039436024,1.894654988477405
-0.31707064584185574,1.8107190566896025,-7.695674743527776,3.78930997695481,-0.6214381133791999,1.8938380194059243
-0.32328743514676894,1.8110182842950988,-7.695937625965846,3.7876760388118487,-0.6220365685901922,1.894768510740272
-0.32961346799562996,1.8114913595714288,-7.695940373933627,3.789537021480544,-0.622982719142852,1.8939392571012321
-0.3346054739039257,1.811460511714532,-7.696702303267201,3.7878785142024642,-0.6229210234290582,1.8925835452437691
-0.3378557663853847,1.8110178462788842,-7.698057269837801,3.7851670904875383,-0.6220356925577627,1.8914955460715321
-0.3435009083479521,1.8113994261979227,-7.698201118284841,3.7829910921430643,-0.62279885239584,1.8905641148635435
-0.35697288692624074,1.811446701994202,-7.698835323882123,3.781128229727087,-0.6228934039883988,1.8898345367292513
-0.36490895064961393,1.811572761926782,-7.699396704372551,3.7796690734585026,-0.6231455238535589,1.888855397843145
-0.3741291501612478,1.812495662346688,-7.698741358906757,3.77771079568629,-0.6249913246933706,1.8889130437784547
-0.38667620885757437,1.8124989358996804,-7.699460264301981,3.7778260875569094,-0.6249978717993556,1.8878073242354656
-0.3898924483304711,1.813274943015945,-7.699016293465034,3.775614648470931,-0.6265498860318847,1.8879936958702457
-0.39583264900684334,1.8137966199718418,-7.698911484606157,3.7759873917404914,-0.6275932399436782,1.8881811988495907
-0.39838876720530525,1.8141729305455607,-7.699078336693785,3.7763623976991814,-0.6283458610911159,1.8870300920877583
-0.3997437553234091,1.8137134275407247,-7.700449012173584,3.7740601841755166,-0.6274268550814439,1.88586902460936
-0.39857253523417846,1.812670038673546,-7.702686112541068,3.77173804921872,-0.6253400773470862,1.8822005620918028
-0.4001398936168359,1.812439406156762,-7.703739919863523,3.7644011241836055,-0.6248788123135184,1.8800596810819163
-0.40896969174515796,1.8127548224365746,-7.70397998165896,3.7601193621638327,-0.625509644873144,1.8794414108096926
-0.42135050747234004,1.813172032532278,-7.704033123479978,3.7588828216193853,-0.6263440650645505,1.880531083228505
-0.43369602806596674,1.813374040866558,-7.704429747680398,3.76106216645701,-0.6267480817331105,1.8797585021227436
-0.44117727566173315,1.8125912997737854,-7.706319444962044,3.7595170042454873,-0.6251825995475655,1.875164189472152
-0.4455612824899804,1.8136393276970908,-7.705431639896919,3.750328378944304,-0.627278655394176,1.8767471489546024
-0.46113455078156296,1.8138279875798953,-7.705864458902379,3.7534942979092047,-0.6276559751597851,1.876050602512464
-0.46925408634343757,1.814354991428555,-7.705805131694462,3.752101205024928,-0.6287099828571046,1.8757778884730651
-0.4783788254798722,1.8146904552755427,-7.70603236982752,3.7515557769461303,-0.6293809105510799,1.87489531971531
-0.4863401640750755,1.8152041341229328,-7.705974289757269,3.74979063943062,-0.6304082682458599,1.8746793042970171
-0.4925105520271522,1.8144309872695876,-7.70780838876641,3.7493586085940342,-0.6288619745391698,1.8730181482528474
-0.4903288466675937,1.814416649030083,-7.708519994017327,3.746036296505695,-0.6288332980601605,1.8720897516118213
-0.49514453003684444,1.8141898475699076,-7.709563626958292,3.7441795032236427,-0.6283796951398098,1.8710108447288343
-0.4993373861923427,1.8142072497615758,-7.7102234877257985,3.7420216894576686,-0.6284144995231462,1.8700979903241985
-0.5055116445602419,1.8150291138877872,-7.709693975071911,3.740195980648397,-0.630058227775569,1.8701738464617714
-0.5181569501932071,1.814985531951575,-7.710472966231122,3.740347692923543,-0.6299710639031445,1.8683897057714405
-0.523967355484185,1.814694270174947,-7.711637733157592,3.736779411542881,-0.6293885403498884,1.8669340728240837
-0.5330837314286878,1.8150766909684335,-7.71174907595987,3.7338681456481675,-0.6301533819368614,1.869812039639117
-0.5476769865232054,1.8148270150936834,-7.7127917956753524,3.739624079278234,-0.6296540301873613,1.8692846147895088
-0.5603167813748504,1.8146441342407134,-7.713733769193883,3.7385692295790176,-0.6292882684814212,1.8691109163449913
-0.5717488238978952,1.8146292741166115,-7.714452769370208,3.7382218326899825,-0.6292585482332173,1.8685772395099856
-0.5792160611187782,1.8149264811400694,-7.714670926735448,3.737154479019971,-0.6298529622801333,1.8698755707145311
-0.5859873262441573,1.8152486822557448,-7.714899969507102,3.7397511414290623,-0.6304973645114839,1.8679157376297384
-0.5924131436354045,1.8140547553228303,-7.717394727650037,3.735831475259477,-0.6281095106456548,1.8636853569855731
-0.5951203102675802,1.813738848550287,-7.718535496092182,3.7273707139711463,-0.6274776971005679,1.8619459708766888
-0.6061392108308397,1.813812957265193,-7.7191484040014196,3.7238919417533776,-0.62762591453038,1.8608382670590466
-0.6155221145631096,1.8143084783197847,-7.719130078798228,3.7216765341180933,-0.6286169566395632,1.8615133002429851
-0.6308802024080942,1.8138485001612272,-7.7204675571250885,3.7230266004859702,-0.6276970003224482,1.861589540969605
-0.6419227540410875,1.8145773124188418,-7.720046642839845,3.72317908193921,-0.6291546248376774,1.8626748841956318
-0.6604697240225157,1.8140082631740269,-7.721588402255223,3.7253497683912635,-0.6280165263480476,1.8589958130508064
-0.6732164511822782,1.8141542679312714,-7.72207980872802,3.717991626101613,-0.6283085358625367,1.858211351744634
-0.6927182050056873,1.8145782887963384,-7.722104870413699,3.716422703489268,-0.6291565775926707,1.860830413614488
-0.7081187377685456,1.8131055536096443,-7.724999552143239,3.721660827228976,-0.6262111072192825,1.8551872053159675
-0.7159807655602801,1.8135889256139426,-7.724971949431488,3.710374410631935,-0.627177851227879,1.8568647018052589
-0.7337913734216439,1.8132588988324363,-7.726150974951671,3.7137294036105177,-0.6265177976648665,1.8554503001032925
-0.7466213820248635,1.8127668647242416,-7.727569332582994,3.710900600206585,-0.6255337294484771,1.853289733321846
-0.7645453330365077,1.8124722577185048,-7.72874740553047,3.706579466643692,-0.6249445154370035,1.8504120237638793
-0.7845448600042761,1.811653274561756,-7.7306700344394566,3.7008240475277585,-0.6233065491235057,1.847748444646896
-0.8027299781987658,1.8114050467360563,-7.731689100227567,3.695496889293792,-0.6228100934721065,1.8482848239782526
-0.8277099406057884,1.8109463359776006,-7.733049044286935,3.696569647956505,-0.621892671955195,1.8470133417354002
-0.8515515608533804,1.8109633341085825,-7.733642686439699,3.6940266834708004,-0.621926668217159,1.8476069280204992
-0.8773616014936607,1.8100796990392256,-7.735636063770288,3.6952138560409984,-0.6201593980784452,1.8449684178553865
-0.9000738367485113,1.8101025628068603,-7.736243137523439,3.689936835710773,-0.6202051256137149,1.8465126533319365
-0.9301842178347695,1.8099883660921234,-7.73710540261575,3.693025306663873,-0.6199767321842413,1.8463423461420332
-0.9607799027341981,1.8100021828786272,-7.737743743560566,3.6926846922840664,-0.6200043657572489,1.8463066178261414
-0.9859078569417639,1.8100285798104063,-7.7383881569587105,3.6926132356522827,-0.6200571596208072,1.8460224521163235
-1.0085456310553509,1.8097061657995748,-7.739583114348048,3.692044904232647,-0.6194123315991442,1.8428880010077204
-1.029646501659573,1.8101084184898002,-7.739663680919331,3.685776002015441,-0.620216836979595,1.8429095963553017
-1.055939642787033,1.8093921447516363,-7.74139697480133,3.6858191927106034,-0.6187842895032671,1.8414105655187065
-1.0741112896091343,1.8089802227094647,-7.742672288857687,3.682821131037413,-0.6179604454189238,1.8403934388928982
-1.099569572087728,1.8083950017222175,-7.744188031084098,3.6807868777857964,-0.6167900034444294,1.8420756945952796
-1.122897285842689,1.8078546572828373,-7.7456853194748865,3.6841513891905593,-0.6157093145656691,1.840805298524508
-1.1489718278047842,1.8069197005806772,-7.747745862717023,3.681610597049016,-0.6138394011613488,1.8382062167003486
-1.178087112012462,1.8078722372875187,-7.746985246701608,3.676412433400697,-0.6157444745750318,1.8427686297712234
-1.208509715099379,1.8071215984455826,-7.748700869159652,3.6855372595424467,-0.6142431968911596,1.8435788676478262
-1.2309686435990654,1.8069790229014857,-7.749552027045358,3.6871577352956524,-0.6139580458029658,1.8438350650939577
-1.2558318391376,1.8070315717850984,-7.750117768588062,3.6876701301879153,-0.6140631435701914,1.8460462061808829
-1.2783172048759992,1.8068549505183524,-7.751076284904608,3.6920924123617658,-0.6137099010366994,1.8463628015334608
-1.2972613908571757,1.8065905716113202,-7.75217654126231,3.6927256030669215,-0.6131811432226347,1.8470156722750048
-1.3116829832509156,1.806632395559009,-7.752781040110585,3.6940313445500097,-0.6132647911180122,1.8473654381710802
-1.3258257301439498,1.806714946399525,-7.753350458703128,3.6947308763421605,-0.6134298927990444,1.8497464182612473
-1.3363620116809045,1.8067017311229228,-7.7540288313844075,3.6994928365224946,-0.6134034622458401,1.8507431523137954
-1.3452326205232996,1.8066458898203575,-7.75478511298195,3.7014863046275908,-0.6132917796407097,1.852265719201818
-1.3486034735679402,1.805880410232233,-7.756597102738111,3.704531438403636,-0.6117608204644608,1.8498717039956005
-1.3495699906961747,1.805537462264458,-7.757771921093896,3.699743407991201,-0.6110749245289108,1.850801101977878
-1.3538201445382674,1.8057767692200102,-7.758076794675526,3.701602203955756,-0.6115535384400151,1.85350669667288
-1.3604428754078208,1.805102987650255,-7.759735883902661,3.70701339334576,-0.6102059753005047,1.853651022400002
-1.362816150085548,1.8046678080588896,-7.761071110940419,3.707302044800004,-0.6093356161177742,1.8532924020623607
-1.3666589458066607,1.804154025834814,-7.762485415719827,3.7065848041247214,-0.6083080516696232,1.854206431662477
-1.3739883650903622,1.803782453644566,-7.763723441151873,3.708412863324954,-0.6075649072891267,1.8547845129744567
-1.3799641811825882,1.8033825897183162,-7.765006737431719,3.7095690259489134,-0.6067651794366272,1.8542215046396218
-1.385003015153063,1.8025148770196013,-7.7669634243772805,3.7084430092792435,-0.6050297540391973,1.8530343502359732
-1.3873758896754511,1.8017566601125907,-7.768844488311807,3.7060687004719464,-0.603513320225176,1.8494627364418346
-1.3909187318502791,1.80194815188831,-7.7692674990133,3.698925472883669,-0.6038963037766145,1.8501993493010789
-1.3955194772217494,1.8015080550028686,-7.770605528854886,3.7003986986021578,-0.6030161100057317,1.8507324789573867
-1.402540348616177,1.8011595485281064,-7.77179243135324,3.7014649579147734,-0.6023190970562077,1.8507802542259473
-1.4079116164402485,1.8004685464590648,-7.773448922256069,3.7015605084518945,-0.6009370929181245,1.8505834707172744
-1.4131690012220517,1.8002901188541887,-7.774432912630633,3.7011669414345487,-0.6005802377083721,1.8504832977596943
-1.4230567236978935,1.7991256364771213,-7.776821807392228,3.7009665955193887,-0.5982512729542374,1.8479766057552383
-1.4303182190718111,1.7994450349213575,-7.777020063633465,3.6959532115104765,-0.5988900698427096,1.8497936830057842
-1.4453353328596865,1.7992855167135082,-7.7779576193859015,3.6995873660115683,-0.5985710334270112,1.8496147153035527
-1.4574463191953635,1.7981208059699116,-7.780381117728371,3.6992294306071054,-0.596241611939818,1.8464119497890679
-1.4681394838613704,1.7978923195939167,-7.781421986499241,3.6928238995781357,-0.5957846391878281,1.8482820023566962
-1.4865677481108293,1.7977957652716499,-7.782229620636594,3.6965640047133923,-0.5955915305432946,1.8492718253014155
-1.5060670120973008,1.7973939595295712,-7.7835130032155115,3.698543650602831,-0.5947879190591372,1.8487450592555632
-1.5212198751700345,1.797911325668423,-7.783386130046932,3.6974901185111264,-0.5958226513368406,1.8535398774655245
-1.5387151189185948,1.7976382879024135,-7.784484268799308,3.707079754931049,-0.5952765758048217,1.8519479540470036
-1.5523414536830051,1.7980431697979167,-7.784604161985862,3.7038959080940073,-0.596086339595828,1.8540970216508799
-1.565288012910922,1.7978310897396284,-7.785568035531909,3.7081940433017597,-0.5956621794792516,1.8547823286105931
-1.5719477578080125,1.797983070617853,-7.785987304307402,3.7095646572211862,-0.5959661412357008,1.858776032042315
-1.5775806237137502,1.7977132014486927,-7.787104372260612,3.71755206408463,-0.5954264028973802,1.8584054611932095
-1.5789465824514473,1.7973006595920271,-7.788430538290747,3.716810922386419,-0.5946013191840489,1.8590260467029887
-1.5788853813832882,1.7976831023450486,-7.788576858730582,3.7180520934059773,-0.5953662046900916,1.8590251741311354
-1.5781676555337825,1.7971366428103168,-7.7901194396685645,3.718050348262271,-0.594273285620628,1.85787758733108
-1.5688186105939437,1.7964943347600613,-7.791782683803848,3.71575517466216,-0.5929886695201168,1.857149894855665
-1.5626749846357306,1.7970257632263686,-7.79168333663634,3.71429978971133,-0.5940515264527316,1.8589090911633683
-1.5600979297964663,1.7968039530323194,-7.792717086403349,3.7178181823267367,-0.5936079060646332,1.8591788910413392
-1.5505842567422796,1.7968858783164228,-7.79329222122944,3.7183577820826783,-0.59377175663284,1.8594307245117219
-1.5391878426178076,1.7964382727679058,-7.794710544090126,3.7188614490234437,-0.592876545535806,1.8563850747435555
-1.524781299284606,1.7972573191590577,-7.794196398194885,3.712770149487111,-0.5945146383181099,1.8578365495749032
-1.5099382913871224,1.796711975155649,-7.795724855634612,3.7156730991498064,-0.5934239503112925,1.856181762170579
-1.4886457594143083,1.7966170252597207,-7.796531862411196,3.712363524341158,-0.5932340505194356,1.856556985460183
-1.470360940991906,1.7958930253411505,-7.798307011868458,3.713113970920366,-0.5917860506822953,1.8584439822472483
-1.4452807698391004,1.7958121173900221,-7.799094307988345,3.7168879644944965,-0.5916242347800387,1.8614714849243643
-1.424325732299745,1.794980462478664,-7.801012342277594,3.7229429698487286,-0.5899609249573226,1.8589534345613836
-1.4015738548375634,1.7938265098627155,-7.80346053430562,3.7179068691227672,-0.5876530197254254,1.8559728194948704
-1.3802996813488386,1.7926077828434699,-7.805949371403305,3.7119456389897407,-0.5852155656869341,1.8528416579559517
-1.3676738966251687,1.7921181966628867,-7.8073960194209215,3.7056833159119034,-0.5842363933257677,1.8532507316626414
-1.3617303250891277,1.7920443848200678,-7.8081621723813015,3.706501463325283,-0.5840887696401298,1.8532647547601646
-1.3620370842625924,1.791827679097587,-7.809172170802874,3.7065295095203292,-0.5836553581951679,1.8569692924509156
-1.3618041070238434,1.79176710644806,-7.809959120168828,3.713938584901831,-0.5835342128961141,1.8563240604859184
-1.3644352295925888,1.7923368151662182,-7.809838887669895,3.7126481209718367,-0.5846736303324304,1.8569382031238926
-1.3681216197666046,1.7920014511259987,-7.811063813663781,3.713876406247785,-0.5840029022519913,1.8570157057649284
-1.3649416220330481,1.7923290579644626,-7.811338085379799,3.7140314115298567,-0.584658115928919,1.857870899840559
-1.3677017500278446,1.7922557168385882,-7.81215167934154,3.715741799681118,-0.5845114336771703,1.8581286660266103
-1.3655965255335163,1.7918979517712097,-7.813455406841917,3.7162573320532206,-0.5837959035424132,1.8568326334894383
-1.3604244215977905,1.7922056147781809,-7.813714877716037,3.7136652669788766,-0.5844112295563555,1.8587797861583013
-1.3621977102029685,1.792358918917443,-7.814171951999674,3.7175595723166026,-0.5847178378348797,1.8593079172817493
-1.3613752797601002,1.7927772884011028,-7.814262270364652,3.7186158345634985,-0.5855545768021995,1.8606203202984821
-1.3613139981408358,1.792805023145625,-7.814924721652816,3.7212406405969642,-0.5856100462912436,1.8618286487255502
-1.3562554702243217,1.7919383401655866,-7.81696997686974,3.7236572974511004,-0.5838766803311669,1.8601360011811723
-1.3537860077682229,1.7919249082159558,-7.817728738101964,3.7202720023623446,-0.5838498164319055,1.859930158794367
-1.3554019084324604,1.791914369001827,-7.818440563525416,3.719860317588734,-0.5838287380036481,1.8612630046359606
-1.35703155692981,1.7915086448094029,-7.819798183352447,3.7225260092719212,-0.5830172896187998,1.8605934315658303
-1.3544110121330029,1.791103700846454,-7.821081426389872,3.7211868631316607,-0.5822074016929022,1.86171398288235
-1.35376258982632,1.790443738809168,-7.822792054704479,3.7234279657647,-0.5808874776183302,1.859745036651551
-1.3505916548377375,1.789897163558087,-7.824312730579953,3.719490073303102,-0.5797943271161676,1.858244702573091
-1.345585925771755,1.7901623196526621,-7.824663531984151,3.716489405146182,-0.580324639305318,1.857823116333605
-1.3395433960102388,1.790630549227444,-7.824629386579777,3.71564623266721,-0.5812610984548815,1.8623898830261922
-1.3303148406032452,1.7908465042656654,-7.825022402051573,3.7247797660523845,-0.5816930085313243,1.8628844411076901
-1.3175967878968908,1.7903071611205064,-7.8265174320042865,3.7257688822153803,-0.5806143222410064,1.8616988893812376
-1.3008936311736798,1.7905125410735794,-7.826927425928509,3.7233977787624752,-0.5810250821471523,1.8649665505144173
-1.2885436213056973,1.7913710619048617,-7.826363106580144,3.7299331010288346,-0.5827421238097171,1.8691881783008728
-1.280018805838198,1.7915881446796005,-7.826771858739006,3.7383763566017456,-0.5831762893591945,1.8698802919832582
-1.263659867488105,1.7914693840808757,-7.827702571596769,3.7397605839665164,-0.582938768161745,1.8687725968763413
-1.2472915626394876,1.7911129773433103,-7.828945068087856,3.7375451937526827,-0.5822259546866141,1.8680368413746433
-1.2309003139450514,1.7909667318520104,-7.829910403039058,3.7360736827492866,-0.5819334637040141,1.8672890508364948
-1.2153145340882991,1.790531830707037,-7.831295701966274,3.7345781016729895,-0.5810636614140675,1.865874652868692
-1.2017441798209898,1.7896840754905614,-7.8333488408138034,3.731749305737384,-0.5793681509811162,1.8605244215455596
-1.190456859079882,1.7892836739270876,-7.83463597073217,3.7210488430911193,-0.5785673478541685,1.8613055945133599
-1.187153479306593,1.7899183500991243,-7.834394010005412,3.7226111890267197,-0.579836700198242,1.8633701880002922
-1.1890086740271641,1.789097056460286,-7.836354997915272,3.7267403760005844,-0.5781941129205654,1.860399699451163
-1.1800058073820896,1.789159189000965,-7.836992482012338,3.720799398902326,-0.5783183780019238,1.8629445779265952
-1.1775675345853855,1.7890756943435877,-7.837856072356245,3.7258891558531904,-0.5781513886871691,1.8622716516995168
-1.1748389683530718,1.788558983251124,-7.8393398759432555,3.7245433033990336,-0.5771179665022417,1.862704121275394
-1.1699197791408604,1.7883194916950227,-7.8404351222112165,3.725408242550788,-0.576638983390039,1.862426839462562
-1.1666665211425729,1.7885651789391999,-7.840810341524016,3.724853678925124,-0.5771303578783932,1.8626385766562774
-1.163055232000219,1.7883203457058021,-7.841934938780022,3.725277153312555,-0.5766406914115979,1.861508829420761
-1.154686746118581,1.7892476099217502,-7.841267693718874,3.723017658841522,-0.5784952198434941,1.8650153281680293
-1.152372110222192,1.7890527499486284,-7.842239610868693,3.7300306563360586,-0.5781054998972501,1.8646088213075507
-1.1451398354044402,1.7889344894684471,-7.843124886349015,3.7292176426151014,-0.5778689789368876,1.8668648639808014
-1.1406352056436964,1.788803459867753,-7.844079335298006,3.733729727961603,-0.577606919735499,1.8667558246463782
-1.1344219900561674,1.7882098332416503,-7.845691351598777,3.7335116492927565,-0.5764196664832939,1.8652669014574204
-1.1292364580120253,1.7877390991071032,-7.8470893914986375,3.7305338029148407,-0.5754781982141994,1.8685474614576039
-1.132422474608716,1.788412644348185,-7.846792081835102,3.7370949229152077,-0.5768252886963632,1.8715346851349794
-1.1423128084908871,1.7884446414287984,-7.84745786918331,3.743069370269959,-0.5768892828575902,1.8726608377313798
-1.1467190517380343,1.7889815983157387,-7.847391497740228,3.7453216754627596,-0.5779631966314708,1.8741776544508506
-1.1507055147333807,1.7885830788066461,-7.848700490757968,3.748355308901701,-0.5771661576132858,1.873818681289629
-1.1490108462556456,1.789033232066387,-7.84879517878565,3.747637362579258,-0.5780664641327677,1.8756914502944102
-1.1493886699944733,1.788778487261376,-7.849933841734213,3.7513829005888204,-0.5775569745227453,1.874698606915062
-1.1416768006869331,1.7890953421937263,-7.850179526755168,3.749397213830124,-0.5781906843874461,1.8753642930317336
-1.1348471876284645,1.7887714227211986,-7.8514080298798055,3.750728586063467,-0.5775428454423907,1.877553503461886
-1.1282934558283833,1.7882618980936325,-7.852938922393343,3.755107006923772,-0.5765237961872585,1.8754471804701642
-1.1190474258689367,1.7886334055150468,-7.853122254499696,3.7508943609403285,-0.5772668110300873,1.8773287219598822
-1.115027267932554,1.7885124524412062,-7.8540802505803375,3.7546574439197644,-0.577024904882406,1.8762739283149603
-1.107535949813343,1.7890461252098302,-7.853999903005728,3.7525478566299206,-0.578092250419654,1.8783033354849084
-1.099975092467079,1.789323514137176,-7.854300896315038,3.7566066709698167,-0.5786470282743457,1.8799950019978369
-1.0879141323676862,1.7889232525599683,-7.85564298169622,3.7599900039956737,-0.5778465051199304,1.8778672000865293
-1.0741581230973196,1.7891386983959685,-7.856047094046236,3.7557344001730586,-0.5782773967919307,1.8780197257947429
-1.062924931173467,1.7891108691193112,-7.85676670046376,3.7560394515894857,-0.5782217382386161,1.8786644335640823
-1.0553368343129614,1.789218911121606,-7.857294224762703,3.7573288671281646,-0.5784378222432056,1.8808864271993568
-1.0474809421808002,1.7885531901921037,-7.859048558751504,3.7617728543987137,-0.5771063803842013,1.881009715522909
-1.03671702293705,1.7884571489907217,-7.859922242586484,3.762019431045818,-0.5769142979814373,1.8802446522302627
-1.0302307520290341,1.7885205777694837,-7.860575120972251,3.7604893044605254,-0.5770411555389611,1.8824869034493543
-1.0219725001076467,1.7887381854233735,-7.86098085398209,3.7649738068987086,-0.5774763708467404,1.8829035806973922
-1.011740632896089,1.789115524188973,-7.861217605259204,3.7658071613947843,-0.5782310483779393,1.8829552253616828
-1.0046096537119071,1.7889633185865266,-7.862183561347775,3.7659104507233656,-0.5779266371730466,1.8832039564130216
-0.9947496994862455,1.7890727072446504,-7.862775492433841,3.7664079128260433,-0.5781454144892941,1.882664603311901
-0.9894869340438177,1.7890626814096915,-7.863522377383753,3.765329206623802,-0.5781253628193763,1.8843243397293576
-0.9818185234139456,1.7894971863192544,-7.863616082336446,3.7686486794587153,-0.5789943726385018,1.8841408678942884
-0.9780589005387563,1.789574470837895,-7.864238371934123,3.7682817357885767,-0.5791489416757829,1.8852596892671565
-0.9702927691539571,1.7894819914528401,-7.86511871597535,3.770519378534313,-0.5789639829056734,1.8854166878148624
-0.9637565638001524,1.7899530647316266,-7.865175370789517,3.7708333756297248,-0.5799061294632466,1.8875238116758775
-0.957880559947303,1.7897874691808633,-7.866189103483465,3.775047623351755,-0.5795749383617197,1.8858635045670775
-0.9458599502228031,1.7891747310542299,-7.8678303568731005,3.771727009134155,-0.5783494621084528,1.8852588264553534
-0.9359226813565567,1.7894644477010606,-7.8681683434772065,3.7705176529107067,-0.5789288954021142,1.88527535640827
-0.9309701784571907,1.789341546066479,-7.869087983601285,3.77055071281654,-0.5786830921329511,1.8859372514087254
-0.926762258053766,1.7899087489189667,-7.868971273994394,3.7718745028174507,-0.5798174978379264,1.8868760982186263
-0.926743459947259,1.789795969771636,-7.8698637226760875,3.7737521964372527,-0.5795919395432647,1.8880885876934554
-0.9204799424001058,1.7896398005963077,-7.870792123663666,3.776177175386911,-0.5792796011926081,1.888266506219167
-0.9161703966346426,1.7893359814411258,-7.871977926496811,3.776533012438334,-0.5786719628822443,1.8881204422119062
-0.9124505064595887,1.788985427038469,-7.8733108201132564,3.7762408844238124,-0.5779708540769308,1.8852021662021943
-0.9109347702147232,1.789009380685389,-7.874021133601754,3.7704043324043885,-0.578018761370771,1.885383204099179
-0.9092666132749851,1.789634619699555,-7.873802632062326,3.770766408198358,-0.5792692393991027,1.8890009641447496
-0.9088345362917583,1.7902311312824806,-7.8736804724375045,3.778001928289499,-0.5804622625649537,1.8891306159124768
-0.9055893239338637,1.7904852393376456,-7.8740193824268845,3.7782612318249535,-0.5809704786752837,1.8904746539476753
-0.8997847268455343,1.7902737197278276,-7.875086826064788,3.7809493078953507,-0.5805474394556476,1.890588791165932
-0.8936929867088388,1.7905568155032778,-7.8754604505604044,3.781177582331864,-0.581113631006548,1.8902798453267455
-0.8893352344161363,1.7908120692369092,-7.87583774713187,3.780559690653491,-0.5816241384738107,1.8912963220864534
-0.8842919438068586,1.7912351818738588,-7.875979328059831,3.7825926441729067,-0.5824703637477097,1.8920899742898472
-0.8785355841480049,1.7909975957288249,-7.87709696498774,3.7841799485796943,-0.5819951914576418,1.8920351945674958
-0.8714378022223475,1.7899965993998344,-7.879337213326531,3.7840703891349916,-0.5799931987996607,1.8908397944724136
-0.8642595262508586,1.7900515674978836,-7.880014946295673,3.781679588944827,-0.5801031349957595,1.8915459572346789
-0.8641912864153021,1.7903373623137024,-7.880343399061367,3.7830919144693578,-0.5806747246273972,1.8928139044254402
-0.8671274405502611,1.7902632834889105,-7.881149903966427,3.7856278088508803,-0.5805265669778132,1.892870559179344
-0.8671690960926446,1.7894165640339366,-7.883189061463267,3.785741118358688,-0.5788331280678655,1.8890471830245203
-0.8628152269479727,1.790252609582609,-7.88270949779505,3.7780943660490407,-0.5805052191652105,1.8907730420281423
-0.8683464142125414,1.7898377505921885,-7.884094057752897,3.7815460840562847,-0.5796755011843695,1.8900166066830901
-0.8658345791339341,1.7900189117728957,-7.88457993261038,3.7800332133661803,-0.5800378235457839,1.8904425347235871
-0.8699665534755496,1.7899949263906016,-7.8853627243277,3.7808850694471743,-0.5799898527811956,1.891232964706864
-0.872266203590315,1.789992929471056,-7.886112075373484,3.782465929413728,-0.5799858589421043,1.891722179165571
-0.8740900385058765,1.7903342852580764,-7.886373861950507,3.783444358331142,-0.580668570516145,1.8912330961676351
-0.8753664503435985,1.7900932405571903,-7.887503367497106,3.7824661923352703,-0.5801864811143727,1.8893538150760154
-0.8718031199646177,1.7902150427682273,-7.888033630630922,3.778707630152031,-0.5804300855364468,1.890082478321785
-0.8705981804589094,1.7906912069933456,-7.888076577389038,3.78016495664357,-0.5813824139866834,1.8916887454155575
-0.8730055779468202,1.7911226760011592,-7.8882208788833434,3.783377490831115,-0.5822453520023106,1.8923035864589421
-0.8760176377033551,1.7902227086533684,-7.890329671159724,3.7846071729178843,-0.5804454173067292,1.8882176093816974
-0.8748755171931419,1.7901022967797109,-7.891304485092736,3.7764352187633947,-0.5802045935594143,1.8869628185855767
-0.8789230182082832,1.7898661182976126,-7.892422115765372,3.7739256371711534,-0.5797322365952177,1.8849892533093155
-0.8848151144349812,1.7896375028492513,-7.893518329793006,3.769978506618631,-0.5792750056984949,1.8840464485802428
-0.8932475759674654,1.7895540678390611,-7.894393749339671,3.7680928971604857,-0.5791081356781144,1.8835943983419996
-0.9053911429861348,1.7893888422310325,-7.895390987596671,3.767188796683999,-0.578777684462057,1.8828740721668444
-0.9165494466129669,1.7899733905222144,-7.895227725372301,3.765748144333689,-0.5799467810444207,1.8849512463219698
-0.9256298250382722,1.790018506335411,-7.8959371785477375,3.7699024926439395,-0.5800370126708138,1.8872218013495599
-0.9303621516635072,1.7903645475319188,-7.896159485194167,3.7744436026991197,-0.580729095063829,1.8869755116111662
-0.9369732591098536,1.7897064691890079,-7.897919996088833,3.7739510232223323,-0.5794129383780074,1.8872151610913275
-0.9387187654243254,1.7899551702525565,-7.89829773328808,3.774430322182655,-0.5799103405051047,1.887061057824894
-0.9417063298584196,1.7904404163519154,-7.898269460490343,3.774122115649788,-0.5808808327038225,1.8882787855580587
-0.9483854228559485,1.790913714815537,-7.898299243055908,3.7765575711161175,-0.5818274296310654,1.8892948521823305
-0.950229299353377,1.7910258284272014,-7.898909699010158,3.778589704364661,-0.5820516568543941,1.8886569410034137
-0.9493708188698298,1.790904320993865,-7.899872614940482,3.7773138820068275,-0.5818086419877218,1.8884028944099693
-0.9470275734027673,1.7907000114465212,-7.900931320642982,3.7768057888199387,-0.5814000228930339,1.8863999119132633
-0.9449029770146584,1.7910786725919372,-7.901129628683844,3.7727998238265266,-0.582157345183866,1.8896618385736854
-0.9468198831781507,1.790980610373529,-7.902081884394872,3.779323677147371,-0.5819612207470499,1.888509411293154
-0.9441572727226184,1.7908485443275297,-7.90300884575275,3.777018822586308,-0.581697088655051,1.8891503589429435
-0.9424084190629065,1.7912117530766205,-7.9032291570146445,3.778300717885887,-0.5824235061532324,1.8890363804771024
-0.9448313150448762,1.7913636581191026,-7.903757054391167,3.778072760954205,-0.5827273162381963,1.8892816950888176
-0.9469306370611168,1.7906404083398835,-7.90559569129634,3.778563390177635,-0.5812808166797582,1.887595460004296
-0.9415997388137809,1.7900611062381564,-7.907192085693004,3.775190920008592,-0.5801222124763041,1.886442190317783
-0.9393514847234234,1.7902757003424468,-7.907619738820458,3.772884380635566,-0.5805514006848846,1.8871071010919167
-0.9405501151144016,1.7902518715191051,-7.908413752494379,3.7742142021838334,-0.5805037430382015,1.8861179104795984
-0.9387726359734572,1.7898821700173795,-7.909733598619723,3.772235820959197,-0.5797643400347502,1.8855175416923347
-0.9357082761090174,1.7897895371430368,-7.910642656710871,3.7710350833846693,-0.5795790742860647,1.8847927936321662
-0.9342435580468473,1.789624107890949,-7.911696327747882,3.7695855872643325,-0.5792482157818892,1.8843519584310535
-0.9360705647328897,1.7901429975431524,-7.911650983594986,3.768703916862107,-0.5802859950862962,1.886220040721638
-0.9407185856185869,1.7897552723350958,-7.912974204321266,3.772440081443276,-0.579510544670183,1.8866020350958643
-0.9421485022471918,1.789435220718799,-7.914281447743911,3.7732040701917287,-0.5788704414375894,1.883981672028893
-0.9423771855885912,1.7895488410102325,-7.914868230842835,3.767963344057786,-0.5790976820204565,1.8833819793049444
-0.9466157172738763,1.7883564776108118,-7.91738038169369,3.766763958609889,-0.5767129552216151,1.8801213888094952
-0.9495934941646818,1.7880422544484877,-7.918600315574139,3.7602427776189904,-0.5760845088969667,1.8818784170273197
-0.9628316946743158,1.788485577015081,-7.918706319404336,3.7637568340546395,-0.5769711540301531,1.8825474373389117
-0.9801025730118829,1.7882341180191081,-7.919778690311453,3.7650948746778234,-0.5764682360382075,1.8838018178548706
-0.9927851659878648,1.7883239897217955,-7.92041396585594,3.767603635709741,-0.576647979443582,1.8841929223694986
-1.006425823021031,1.788307464920995,-7.921204313776129,3.7683858447389973,-0.5766149298419808,1.8861702698762908
-1.0212479489633663,1.787884899764605,-7.9226002659509716,3.7723405397525815,-0.575769799529201,1.8846086383242089
-1.0345383471220027,1.7877163254639612,-7.923612542158935,3.7692172766484178,-0.5754326509279131,1.882991297543195
-1.0497410139511665,1.7879809770472563,-7.923973885741977,3.76598259508639,-0.5759619540945035,1.8822693725508326
-1.0686002187893804,1.7885113569253512,-7.923938252353824,3.764538745101665,-0.5770227138506931,1.8835253992073844
-1.0873271699781695,1.7892074059534695,-7.92362440722915,3.7670507984147688,-0.5784148119069299,1.8859207667820317
-1.0998995999651013,1.7892237050879618,-7.9243311458083845,3.7718415335640634,-0.5784474101759146,1.8855448926301261
-1.1038364878394242,1.7890091764244982,-7.925399175874871,3.7710897852602523,-0.5780183528489875,1.886651261513361
-1.107831355121042,1.7886010205270693,-7.92671315668766,3.773302523026722,-0.5772020410541296,1.8876827196786279
-1.111956927776463,1.789113705781085,-7.926744110377239,3.7753654393572558,-0.5782274115621611,1.887045210329048
-1.1180726105726304,1.7892278808747506,-7.927299013894068,3.774090420658096,-0.5784557617494921,1.8866239756420136
-1.1196582906734314,1.788458013312338,-7.929228984320103,3.773247951284027,-0.5769160266246668,1.882697276778523
-1.1171202559989828,1.7882835574256786,-7.930286478366944,3.765394553557046,-0.5765671148513479,1.882007547635374
-1.1221171557423988,1.788754814882652,-7.930387263597722,3.764015095270748,-0.577509629765295,1.8829776224542791
-1.127246091594623,1.7886546223072162,-7.9313229065582656,3.7659552449085583,-0.5773092446144232,1.882373057445971
-1.1264362271405215,1.7890649707914967,-7.931458052843967,3.764746114891942,-0.5781299415829845,1.8831149101549105
-1.1275875055595481,1.7890246278445214,-7.932256956937821,3.766229820309821,-0.578049255689034,1.8845945420817247
-1.119365405893248,1.7887660132334957,-7.93340597204968,3.7691890841634494,-0.5775320264669827,1.8834514299439495
-1.1087741761136236,1.7889753189185378,-7.9338587804181415,3.766902859887899,-0.5779506378370669,1.8849774689383967
-1.102606125946977,1.788974481187836,-7.934615213964944,3.7699549378767934,-0.5779489623756634,1.8856701344121458
-1.093264501604665,1.7898483291721377,-7.934099048735036,3.7713402688242916,-0.5796966583442664,1.886268403210277
-1.086268993983368,1.7887242609070673,-7.936533545030068,3.772536806420554,-0.5774485218141259,1.8840095441650235
-1.069260006993849,1.7897449722055323,-7.935763814171162,3.768019088330047,-0.579489944411056,1.8848111205519527
-1.0606773259203752,1.7898781173798721,-7.936375790821679,3.7696222411039053,-0.5797562347597354,1.8841257038151484
-1.0432568526869295,1.7900306640241448,-7.936901109344999,3.768251407630297,-0.5800613280482807,1.8852903253300934
-1.0266074951919748,1.7891715183408128,-7.938935931649968,3.770580650660187,-0.5783430366816165,1.8836115343008153
-1.0095218537492006,1.7897970176085558,-7.938753053230844,3.7672230686016306,-0.5795940352171026,1.8842433514548247
-1.0041374126298441,1.7899845764635152,-7.93925002966545,3.7684867029096494,-0.5799691529270211,1.8844822310351483
-0.994611293578088,1.7897261484212394,-7.940376348596212,3.7689644620702967,-0.5794522968424697,1.8832834184908949
-0.9822153893194905,1.7898107431472499,-7.940981564229541,3.7665668369817897,-0.5796214862944905,1.8839885995003054
-0.9702286324826028,1.7892765169863682,-7.942574363331338,3.767977199000611,-0.5785530339727273,1.8816513425377523
-0.9592071755601506,1.7899321388424136,-7.942337591795125,3.7633026850755047,-0.5798642776848179,1.885280778711743
-0.9547465815270879,1.7897207974565037,-7.943393454365243,3.770561557423486,-0.5794415949129977,1.884034076334439
-0.9413247734176986,1.7891093095526165,-7.945073293482857,3.768068152668878,-0.5782186191052232,1.881408860676326
-0.9274528967046143,1.78989460698509,-7.944655280688888,3.762817721352652,-0.5797892139701704,1.8827765418782842
-0.9229370388448919,1.789990289174813,-7.94525730077823,3.7655530837565685,-0.5799805783496162,1.8823413879996298
-0.9124803086203714,1.7900550727678313,-7.945933140530173,3.7646827759992596,-0.5801101455356528,1.881831461019032
-0.9040531188158596,1.7897589635326863,-7.947123291866394,3.763662922038064,-0.5795179270653628,1.8803100873265564
-0.8947340067103147,1.789762126800208,-7.947862529315084,3.7606201746531127,-0.5795242536004063,1.8810303891880313
-0.8868569477165495,1.7886884896880877,-7.95027302478441,3.7620607783760627,-0.5773769793761657,1.8760406728826193
-0.8777917807370974,1.7887571126158786,-7.950905095789396,3.7520813457652387,-0.5775142252317473,1.8749469892147148
-0.8771967819204392,1.7894792932709644,-7.950562981174087,3.7498939784294296,-0.5789585865419192,1.8768501247245728
-0.8831038560588356,1.789959748554504,-7.950638972357884,3.7537002494491456,-0.5799194971089983,1.8770061466002559
-0.8797398928236877,1.7884569473924599,-7.953636267907825,3.7540122932005118,-0.5769138947849098,1.8708549248029624
-0.87497278908537,1.7883053254440107,-7.954596752115472,3.741709849605925,-0.5766106508880113,1.874974382837371
-0.8815910457664824,1.7883460422587214,-7.955292813884009,3.749948765674742,-0.5766920845174326,1.8760401486911495
-0.8906059844889747,1.788723822269097,-7.955510192919943,3.752080297382299,-0.5774476445381841,1.8782536629998496
-0.8964942906858555,1.788975808363216,-7.955845317944324,3.7565073259996993,-0.5779516167264215,1.8806525698593528
-0.903779010944314,1.7881036158178818,-7.957858222258176,3.7613051397187056,-0.576207231635753,1.8792271312608775
-0.9081953125682949,1.7878872419629197,-7.958949010233052,3.758454262521755,-0.5757744839258288,1.8784420727502802
-0.9172948913733201,1.7884029583078571,-7.958957169017761,3.7568841455005604,-0.5768059166157034,1.8783150085716858
-0.929914401990624,1.7885650574246952,-7.959460964578187,3.7566300171433715,-0.5771301148493797,1.8793309090100987
-0.9365213211199501,1.7886910502656412,-7.960005207128065,3.7586618180201974,-0.5773821005312719,1.8805750089993236
-0.9457904137603181,1.7891893310919482,-7.959979136626297,3.7611500179986472,-0.5783786621838859,1.8822700798278982
-0.9543612278559248,1.7882558349220492,-7.962122196154371,3.7645401596557964,-0.5765116698440879,1.8790603813567548
-0.9537412483754997,1.7878189103106588,-7.963515268288541,3.7581207627135096,-0.5756378206213071,1.878411725161149
-0.96297982527049,1.7876148079293135,-7.964548928862332,3.756823450322298,-0.5752296158586165,1.8801908153474958
-0.9753931374804559,1.7867707724635926,-7.966536699066943,3.7603816306949915,-0.5735415449271747,1.8792516450587546
-0.9874698445942922,1.7870018839879267,-7.966968976442348,3.7585032901175093,-0.5740037679758428,1.8793590148813337
-1.004619917090534,1.7865587512220973,-7.9683922978655755,3.7587180297626674,-0.573117502444184,1.8773044011023223
-1.018751846543779,1.786781816121809,-7.968807999684204,3.7546088022046447,-0.5735636322436075,1.8772852992184728
-1.0313924551874383,1.7869893504249619,-7.969242873635655,3.7545705984369455,-0.5739787008499133,1.8785951817474527
-1.0428883862273182,1.7879324843442383,-7.968558713158455,3.7571903634949053,-0.575864968688466,1.8824679439800218
-1.0587185159787227,1.7882848015776578,-7.968765477151693,3.7649358879600436,-0.5765696031553049,1.883969703880857
-1.0700873076554496,1.7898291898618766,-7.967211846002287,3.767939407761714,-0.5796583797237427,1.8868019147615465
-1.0751669033649742,1.7898637018770809,-7.967913936441112,3.773603829523093,-0.5797274037541511,1.8877075309075035
-1.066275132850202,1.790511831581578,-7.967714636964711,3.775415061815007,-0.5810236631631451,1.8887811692084238
-1.058465499153729,1.7913884419958601,-7.967221809295836,3.7775623384168475,-0.5827768839917091,1.8897110734262736
-1.0492716997544695,1.7915159559496892,-7.967794755872589,3.7794221468525473,-0.5830319118993673,1.89210071305792
-1.0344063436026625,1.7916531397136524,-7.968388417949445,3.78420142611584,-0.5833062794272937,1.891898185571009
-1.0143370980533293,1.7908212666001386,-7.970363996559175,3.783796371142018,-0.581642533200266,1.8909039072593337
-0.9898384371024811,1.790776638873372,-7.9711655343564045,3.7818078145186673,-0.5815532777467326,1.8911942173
-0.9737874236093322,1.79067523466901,-7.972098171821476,3.7823884346,-0.5813504693380089,1.891700603642749
-0.9584702441678887,1.7911805816058342,-7.972153861961424,3.783401207285498,-0.5823611632116571,1.893240995827201
-0.9457093964937355,1.7911581675966544,-7.972955588146652,3.786481991654402,-0.5823163351932974,1.894609492511199
-0.9316177199824907,1.791861818066593,-7.97264299378662,3.789218985022398,-0.5837236361331749,1.895360874832524
-0.9150749353699803,1.7918384218563466,-7.973440494142062,3.790721749665048,-0.5836768437126818,1.895831230542034
-0.8908898855312994,1.7920394075325419,-7.973903849272357,3.791662461084068,-0.5840788150650722,1.8953949214357722
-0.8665103632245019,1.7925038472235324,-7.973891010406659,3.7907898428715443,-0.5850076944470533,1.8972423163839656
-0.8380679993814333,1.7928979452361553,-7.974081965446284,3.794484632767931,-0.5857958904722989,1.8972009628142192
-0.8084440924251624,1.7930467505257697,-7.9746831947595185,3.7944019256284385,-0.5860935010515275,1.8963571041192733
-0.7744290743150133,1.7935261699313316,-7.974744794484186,3.7927142082385465,-0.5870523398626513,1.8969604843537191
-0.7422173504693612,1.793068441150065,-7.9762033701885,3.7939209687074382,-0.5861368823001182,1.8954390874913138
-0.7069074882184436,1.7937845148437588,-7.975880934173144,3.7908781749826277,-0.5875690296875057,1.8987324464229474
-0.6825542357270438,1.794070839711927,-7.976164173732004,3.7974648928458947,-0.5881416794238419,1.8995090237918164
-0.6560647383209197,1.794188148618504,-7.976745160929859,3.799018047583633,-0.5883762972369962,1.8986392203011573
-0.6373222542302859,1.7950754324849563,-7.976166731742239,3.7972784406023146,-0.5901508649699007,1.9030955624892987
-0.6211007389738734,1.7956189533358784,-7.976114911233371,3.8061911249785974,-0.5912379066717447,1.9047974426731507
-0.6036928307990364,1.7951596320765648,-7.977558939999629,3.8095948853463013,-0.5903192641531174,1.9036117794255714
-0.5866659003736538,1.7944126047089486,-7.9794555903564985,3.8072235588511427,-0.5888252094178852,1.9009460749601985
-0.5727919021091825,1.794348765421585,-7.980324688174064,3.801892149920397,-0.5886975308431582,1.8986742330456914
-0.5658768396024945,1.7946116715197142,-7.98069019239134,3.7973484660913828,-0.5892233430394165,1.8985208528037667
-0.5572765846728247,1.7945369175447121,-7.981556389905641,3.7970417056075334,-0.5890738350894122,1.898291218415961
-0.5473001135441233,1.7947422449135553,-7.981988133545345,3.796582436831922,-0.5894844898270984,1.8975978773088955
-0.5388875471881294,1.7944646167108254,-7.983180610095945,3.795195754617791,-0.5889292334216388,1.89547169396721
-0.5317459826685305,1.7951487669916244,-7.982895124223657,3.79094338793442,-0.5902975339832369,1.8981337881811218
-0.5292226188958873,1.7957328282893574,-7.982777833461056,3.7962675763622435,-0.5914656565787028,1.8988867211672518
-0.5274627898862425,1.7957553118623304,-7.9834817032687,3.7977734423345035,-0.5915106237246488,1.898386973285484
-0.522107139451573,1.7955378834320814,-7.984592046685667,3.796773946570968,-0.5910757668641509,1.8971069990202103
-0.5178361923909467,1.7963045537528952,-7.984207834357082,3.7942139980404206,-0.5926091075057786,1.8971657295427604
-0.5202508552430878,1.7970166322211678,-7.98389943075272,3.794331459085521,-0.5940332644423237,1.8996166873899172
-0.5212724433816218,1.7968692735707201,-7.984917442605684,3.7992333747798344,-0.5937385471414284,1.8979933868287788
-0.5178134863864239,1.797768207248715,-7.984339156057584,3.7959867736575577,-0.595536414497418,1.8986085690462136
-0.5207290825520845,1.7979601549238797,-7.984820749618359,3.797217138092427,-0.5959203098477476,1.897447516425334
-0.5154724368776211,1.7982875528061493,-7.9850895852260315,3.794895032850668,-0.5965751056122867,1.8975489559133747
-0.5137296784699723,1.798968439683485,-7.984818472355193,3.7950979118267494,-0.5979368793669582,1.8996679765078004
-0.5130293197229125,1.799170317418559,-7.985257461654409,3.799335953015601,-0.5983406348371058,1.900124510278865
-0.5084981049228947,1.8001620665000322,-7.984506850421732,3.80024902055773,-0.6003241330000522,1.9014638509367245
-0.5098630471428018,1.8004127836899015,-7.984889170536651,3.802927701873449,-0.6008255673797911,1.9003494876025124
-0.5070883066201315,1.7999246218029696,-7.9863573773467165,3.800698975205025,-0.5998492436059272,1.8993173209518122
-0.4992300997753958,1.7996462594551725,-7.987524380600186,3.7986346419036243,-0.5992925189103329,1.8968156284168283
-0.4908552522996974,1.7988997617814853,-7.989437865900432,3.7936312568336565,-0.5977995235629581,1.8932163655029812
-0.48241942427597717,1.7993591559450923,-7.989502595845853,3.7864327310059624,-0.5987183118901723,1.8936546758322406
-0.4819638686037182,1.7993632431550874,-7.990236623541312,3.787309351664481,-0.5987264863101625,1.892700612962593
-0.47782084372259703,1.799504232023221,-7.990801024581497,3.785401225925186,-0.5990084640464297,1.8913715365273482
-0.4750891827744539,1.799758338306936,-7.99117576358344,3.7827430730546965,-0.5995166766138595,1.8909027297783039
-0.4707255123037646,1.8003853538861625,-7.991028530613879,3.7818054595566077,-0.6007707077723125,1.8903733350773024
-0.4695980781946316,1.8004199725653014,-7.9917317376014,3.780746670154605,-0.60083994513059,1.889678085681726
-0.4668777102909534,1.7997807376457802,-7.993439640954937,3.779356171363452,-0.5995614752915477,1.8892278449478648
-0.4625007701112107,1.7998403217412084,-7.994125935175244,3.7784556898957296,-0.599680643482404,1.889532397492778
-0.4618724503713967,1.8001750087900272,-7.994433501499187,3.779064794985556,-0.6003500175800414,1.8876016571177225
-0.46566504083487814,1.7999499383797997,-7.995507460560123,3.775203314235445,-0.5998998767595862,1.8866670981213824
-0.4702291209055325,1.799977893168467,-7.996214203825486,3.773334196242765,-0.5999557863369209,1.8851144690216541
-0.47587318716880933,1.800086115027685,-7.996810561865142,3.7702289380433083,-0.6001722300553574,1.8838127967918072
-0.48637124174198654,1.8008738956830725,-7.996334766910359,3.7676255935836145,-0.6017477913661327,1.8861328975110612
-0.4991157692095838,1.8012595631449224,-7.996535142146793,3.7722657950221223,-0.6025191262898325,1.8849641548984581
-0.5083507152946707,1.801742595940058,-7.996535496222182,3.7699283097969163,-0.6034851918801034,1.8861925206237422
-0.5194560013013145,1.8024158210346424,-7.996288429793263,3.7723850412474844,-0.6048316420692724,1.8861562049093845
-0.5295144689218061,1.802165854618513,-7.997438860973632,3.772312409818769,-0.6043317092370136,1.8844777441451912
-0.5389775377205401,1.8021584873711087,-7.998235379421337,3.7689554882903824,-0.604316974742205,1.8841003758387946
-0.551422467749779,1.8012123872245156,-8.000377700597065,3.7682007516775893,-0.6024247744490188,1.881750112613003
-0.5591797201317146,1.8012468978828762,-8.001058868088716,3.763500225226006,-0.6024937957657398,1.8815276209073866
-0.5722618899957164,1.8021165106968102,-8.000497028909582,3.763055241814773,-0.6042330213936078,1.8846748868155452
-0.5835445822326628,1.8030520215765866,-7.999832431890182,3.7693497736310904,-0.6061040431531605,1.8861810756868276
-0.5924862221120373,1.8030669633657364,-8.000532388945022,3.772362151373655,-0.6061339267314599,1.8860504378993115
-0.5938898163548751,1.8037273387450055,-8.000279446188792,3.772100875798623,-0.6074546774899983,1.8867827484341195
-0.5971952569282344,1.8039801115452696,-8.000642916020327,3.773565496868239,-0.6079602230905268,1.8872824980441307
-0.5969844440967167,1.8034281737389368,-8.002218095774577,3.7745649960882615,-0.6068563474778614,1.8845510739695044
-0.5963816875622676,1.8034999091310635,-8.002867175140251,3.7691021479390088,-0.6069998182621148,1.8823976368341806
-0.5997827054095071,1.8041351425386667,-8.002666762440377,3.764795273668361,-0.6082702850773211,1.8828860341859306
-0.6008522324190615,1.8044052597368858,-8.003008312294178,3.765772068371861,-0.6088105194737593,1.8823087924283732
-0.5976247338417089,1.8036910893277995,-8.004823548774032,3.7646175848567465,-0.6073821786555866,1.8789184387144324
-0.5918798238033798,1.8032766028103329,-8.006188835818513,3.757836877428865,-0.6065532056206534,1.8762328207440657
-0.5887888828381396,1.8033196903773099,-8.006854835761304,3.7524656414881314,-0.6066393807546075,1.8759264740102835
-0.5886415110090191,1.8037374020878472,-8.00699640393506,3.751852948020567,-0.607474804175682,1.8758143967031031
-0.5893961790173625,1.8038263537161248,-8.00761859509594,3.7516287934062063,-0.6076527074322372,1.8751262629424363
-0.5910583170626538,1.8042345852222068,-8.007744741919167,3.7502525258848727,-0.6084691704444014,1.8754360982955824
-0.594792129420953,1.8041353217994467,-8.008634374364357,3.750872196591165,-0.6082706435988813,1.874967765362085
-0.5974086052399121,1.8037819964621529,-8.009919454610348,3.74993553072417,-0.6075639929242935,1.872921677138643
-0.603152390773321,1.802931087020518,-8.011882446740595,3.745843354277286,-0.6058621740410237,1.8696373362478522
-0.6080161648878919,1.802665232325286,-8.013004767381572,3.7392746724957044,-0.6053304646505602,1.8679747300565936
-0.6180767001226046,1.8032689622644473,-8.012820250226856,3.7359494601131873,-0.6065379245288828,1.870556142340185
-0.6270313471028679,1.8035882520897797,-8.013015901041259,3.74111228468037,-0.6071765041795474,1.8733182752771647
-0.63217919284551,1.8034496610559816,-8.013940803053037,3.7466365505543293,-0.6068993221119513,1.8737587364830621
-0.6389727284791986,1.8036561412466032,-8.01431543289353,3.7475174729661243,-0.6073122824931947,1.8769414377139628
-0.6522087476313878,1.8038092105128782,-8.014802852690114,3.7538828754279256,-0.6076184210257447,1.8788725239327744
-0.6641859145802691,1.8046414818235599,-8.014272000122814,3.7577450478655487,-0.6092829636471081,1.8803537117423725
-0.680400824563967,1.8054225884796273,-8.013834368793637,3.760707423484745,-0.6108451769592432,1.8814473323656518
-0.6931658524879953,1.805928720061379,-8.013769130557106,3.7628946647313035,-0.6118574401227463,1.8844534628514371
-0.6982738019423103,1.8061214319043157,-8.014174774010161,3.7689069257028742,-0.61224286380862,1.8855220749442017
-0.7000733753830488,1.8060853399208394,-8.01494458833475,3.7710441498884033,-0.6121706798416674,1.8858224255413083
-0.7033731564176104,1.8067740036265985,-8.014682928079766,3.7716448510826166,-0.6135480072531856,1.8877197676230664
-0.7097290136961387,1.8066007539021738,-8.015709603831144,3.7754395352461327,-0.6132015078043361,1.886180192671443
-0.7066357406072576,1.806855596909369,-8.016061933266759,3.772360385342886,-0.6137111938187264,1.8878158009066168
-0.7031829324523615,1.8059325471988328,-8.018204898609014,3.7756316018132337,-0.6118650943976542,1.8828058187796906
-0.6953771774058106,1.8063162191437272,-8.018367091066635,3.765611637559381,-0.6126324382874432,1.8828675984744212
-0.6970541659505463,1.8062861589063262,-8.019157199772964,3.7657351969488424,-0.6125723178126409,1.8819304974667908
-0.6958971353023227,1.8064029032694353,-8.019725082004475,3.7638609949335815,-0.6128058065388592,1.8836498968719726
-0.6970888936137909,1.806756355573415,-8.019906084669275,3.767299793743945,-0.6135127111468187,1.885046671152545
-0.6975675667924301,1.8073607632890247,-8.0197308689319,3.77009334230509,-0.6147215265780382,1.8855881369299643
-0.6948687745596871,1.8076787145393587,-8.020018643133223,3.7711762738599286,-0.6153574290787059,1.8862938787763492
-0.6840087174085303,1.807155473421666,-8.021544104052913,3.7725877575526985,-0.6143109468433203,1.8838066461325946
-0.6679258550338201,1.8070897893626965,-8.022345476972514,3.7676132922651893,-0.6141795787253815,1.8825019841115331
-0.6585179703078508,1.8071027789008423,-8.023074934162034,3.7650039682230663,-0.614205557801673,1.8813957602684772
-0.6511005338543097,1.8082858714975996,-8.022032685492217,3.7627915205369544,-0.6165717429951875,1.8829261233334251
-0.6457968147262241,1.8077885958719,-8.02350749145479,3.7658522466668503,-0.6155771917437886,1.8811318659308476
-0.6308073868620871,1.8077049828004383,-8.024376628722289,3.762263731861695,-0.6154099656008652,1.88028103498282
-0.6199853052855309,1.8064154353928226,-8.027043223580204,3.76056206996564,-0.6128308707856337,1.8746333060438305
-0.6110309557497695,1.8067284339488823,-8.027286731642088,3.749266612087661,-0.613456867897753,1.8757957291039584
-0.6162426140695523,1.8076686605184187,-8.026609830109058,3.751591458207917,-0.6153373210368258,1.87703287437309
-0.6242042637509186,1.8080128237365074,-8.026836653319359,3.75406574874618,-0.6160256474730034,1.877017638634853
-0.6267845914739425,1.8078089134352666,-8.027821775886974,3.754035277269706,-0.6156178268705218,1.8784772184485354
-0.626281483725001,1.8085587357920434,-8.027429181042928,3.756954436897071,-0.6171174715840754,1.8793848163458653
-0.632871270864249,1.8085468412591656,-8.028183917694975,3.7587696326917306,-0.6170936825183199,1.8787810503177307
-0.6329297607662046,1.8095539276178625,-8.027418705327383,3.7575621006354614,-0.6191078552357134,1.880762391134637
-0.6370265728070725,1.8105472573352754,-8.026677665154804,3.761524782269274,-0.6210945146705393,1.8808913530647529
-0.6314747377004588,1.8111674789981669,-8.026491077889396,3.7617827061295057,-0.6223349579963223,1.8809721272549356
-0.6217168173383234,1.8108631182496935,-8.027660778286242,3.761944254509871,-0.6217262364993758,1.8794599608996359
-0.6064218498739073,1.8106475172065883,-8.028699363087041,3.7589199217992717,-0.6212950344131654,1.87911611131273
-0.5935530104055404,1.8116041330254071,-8.027996531117717,3.75823222262546,-0.623208266050803,1.8826828695390265
-0.5866263031901058,1.8118066610111838,-8.028405858516015,3.765365739078053,-0.6236133220223565,1.8827257897480323
-0.5760590472938194,1.811692189020893,-8.029325531454997,3.7654515794960646,-0.6233843780417749,1.8811049179767985
-0.5654800600569958,1.811984932712831,-8.029631946224118,3.762209835953597,-0.6239698654256507,1.8804450091974123
-0.5542086315098373,1.8114714039949582,-8.031151982241704,3.7608900183948246,-0.622942807989905,1.8773876268029073
-0.5393241135271492,1.811896402085514,-8.03125530611381,3.7547752536058145,-0.6237928041710162,1.8783306906595738
-0.5295225764635614,1.8118535071820516,-8.032064734416192,3.7566613813191476,-0.6237070143640917,1.8767940448278708
-0.5230389106607207,1.812281136705429,-8.03216234233986,3.7535880896557416,-0.6245622734108465,1.8766029997100686
-0.5158189198632055,1.8123033816020817,-8.032869438063619,3.753205999420137,-0.6246067632041518,1.875316624080744
-0.5052152018439289,1.8121212036289374,-8.033868420378052,3.750633248161488,-0.6242424072578628,1.8743416217033784
-0.4883624785756542,1.8118952333404437,-8.03490233560867,3.7486832434067567,-0.6237904666808753,1.874814188242285
-0.47410737036423,1.812441214471816,-8.034820807353078,3.74962837648457,-0.6248824289436201,1.875574576257549
-0.4680749394957706,1.8130360602834987,-8.034654494817545,3.751149152515098,-0.6260721205669854,1.8765173776013753
-0.46143317483230195,1.8130673875736236,-8.03533628026398,3.7530347552027505,-0.626134775147235,1.8754952910297105
-0.4496766030587107,1.813226805559891,-8.035889831121349,3.750990582059421,-0.62645361111977,1.8746628138769081
-0.4422710898881279,1.8132277012793245,-8.036634831739681,3.7493256277538163,-0.626455402558637,1.874456053505467
-0.4340615513723245,1.812701315639297,-8.038153010376174,3.748912107010934,-0.6254026312785822,1.8719972570079004
-0.43030895787875334,1.8129240690729254,-8.038529194468351,3.743994514015801,-0.6258481381458387,1.8741290226545682
-0.43666007977306975,1.8132900153257385,-8.038699786105344,3.7482580453091363,-0.6265800306514653,1.8752021075999175
-0.44589534346040693,1.8127970331869767,-8.040123268036815,3.750404215199835,-0.6255940663739414,1.873334906826803
-0.45013208476729805,1.8137343141230189,-8.03942305227331,3.746669813653606,-0.6274686282460257,1.8738507172612344
-0.4595849127929492,1.8129316868062053,-8.041391560794025,3.747701434522469,-0.6258633736123983,1.8698256014898451
-0.4650600675502252,1.8136436625089432,-8.041038456776342,3.7396512029796902,-0.6272873250178741,1.8704638769437814
-0.4794122065312134,1.8143832231401804,-8.040667513681619,3.7409277538875627,-0.6287664462803487,1.8723008085367283
-0.4897929686071585,1.8146791255609072,-8.040933584712782,3.7446016170734566,-0.629358251121802,1.8745007804896268
-0.496883593222047,1.8143070873434113,-8.042215146609916,3.7490015609792535,-0.6286141746868104,1.8725418781022343
-0.49847530004617724,1.814611141600773,-8.042468041569624,3.7450837562044685,-0.6292222832015341,1.8730581714811667
-0.5057945147338296,1.815160550101867,-8.04238039526669,3.7461163429623334,-0.6303211002037222,1.8727631221425551
-0.5119994431073867,1.8150388717484758,-8.04329269193477,3.7455262442851103,-0.6300777434969397,1.8709282071971776
-0.5158951278082533,1.815539032305667,-8.043264675946366,3.741856414394355,-0.6310780646113224,1.8725021772055297
-0.5220362770725577,1.815232316255941,-8.044446231394673,3.7450043544110594,-0.6304646325118702,1.8724749340091205
-0.5226458991619332,1.815770167421645,-8.04436729215759,3.744949868018241,-0.6315403348432787,1.8736543089728088
-0.5256279052719144,1.815804903177863,-8.045087725691026,3.7473086179456176,-0.6316098063557145,1.8718230789006274
-0.5271951935504839,1.8158676297964198,-8.045748536087084,3.7436461578012548,-0.6317352595928285,1.8694637958282485
-0.5315803820386256,1.816348658983994,-8.04576214720858,3.738927591656497,-0.6326973179679765,1.869072260606944
-0.5366812034227513,1.8164214074440195,-8.046346611894489,3.738144521213888,-0.6328428148880278,1.8685029131061768
-0.5388959056680838,1.8163298188993986,-8.047194838147686,3.7370058262123536,-0.6326596377987861,1.8672509789708027
-0.5400551186506402,1.8163505192908656,-8.047859817316262,3.7345019579416054,-0.63270103858172,1.8661358829911034
-0.5391489420678042,1.8167977545559897,-8.047890882079576,3.732271765982207,-0.6335955091119684,1.866932606233731
-0.5400099038964461,1.8173643626460567,-8.047753855286139,3.733865212467462,-0.6347287252921026,1.8671533473862345
-0.5404322170512552,1.817391206474172,-8.048383763214652,3.734306694772469,-0.6347824129483328,1.8682889367149096
-0.5339814666718592,1.8175694388464778,-8.048810116131031,3.736577873429819,-0.6351388776929447,1.870382606158105
-0.5324746960485243,1.8184672834219286,-8.048172403161866,3.74076521231621,-0.6369345668438465,1.8730540045140776
-0.5278660532925024,1.8184985266538753,-8.04885488463056,3.746108009028155,-0.6369970533077398,1.8718159727279942
-0.5198124769897259,1.819030429011025,-8.048777057104727,3.7436319454559883,-0.6380608580220394,1.8727066633960234
-0.5165776403871547,1.819309872205217,-8.049078547476359,3.745413326792047,-0.638619744410423,1.873891672570626
-0.5113535067482671,1.8184801845090763,-8.051051174650786,3.747783345141252,-0.6369603690181419,1.869923175095902
-0.5000569396365693,1.8184022179119887,-8.051854861556366,3.739846350191804,-0.6368044358239667,1.8701834440369112
-0.49602311703942714,1.8191547737871816,-8.051424842197235,3.7403668880738223,-0.6383095475743523,1.8712288204848377
-0.4972350202095015,1.8192896786013941,-8.051962179318611,3.7424576409696755,-0.6385793572027776,1.8697774474324351
-0.49232821525180537,1.8187828195417475,-8.053421425817502,3.7395548948648702,-0.6375656390834842,1.8686368912141482
-0.4877543267092692,1.819202516408967,-8.05348242628925,3.7372737824282964,-0.638405032817923,1.8699797543165362
-0.4864734750667026,1.8196541287045658,-8.053475995254242,3.7399595086330724,-0.6393082574091207,1.8720576299324465
-0.4859613978941768,1.8201982116412245,-8.053380526504144,3.744115259864893,-0.6403964232824381,1.8728253103889227
-0.4835521474762361,1.819772208768982,-8.054706543424118,3.7456506207778455,-0.6395444175379531,1.8716657851146064
-0.4763271717935842,1.8204193964989255,-8.054463008223108,3.7433315702292127,-0.6408387929978399,1.8726604883328661
-0.47632640168308704,1.8204898265398188,-8.055092035258987,3.7453209766657323,-0.6409796530796267,1.871794525724776
-0.47199822387096724,1.820507124972219,-8.055784901623134,3.743589051449552,-0.6410142499444269,1.8715023314811632
-0.4668756381161341,1.8196392048047971,-8.057819163574418,3.7430046629623264,-0.6392784096095835,1.8670362933110396
-0.459675941612665,1.8194759364902164,-8.058784320845582,3.734072586622079,-0.6389518729804222,1.8660422717132035
-0.46071396708553536,1.8202759060084328,-8.058315724689498,3.732084543426407,-0.640551812016855,1.8668575168004131
-0.4680284240362278,1.8202361640355997,-8.05912780200144,3.7337150336008262,-0.6404723280711889,1.8642330942941834
-0.4693271851140661,1.8201111598508024,-8.05999818900446,3.7284661885883668,-0.6402223197015943,1.8624748206214177
-0.47169843775280107,1.8199724346890929,-8.060977289294854,3.7249496412428353,-0.639944869378175,1.8592561775431713
-0.47943541174647564,1.8206197363269958,-8.060707965490783,3.7185123550863426,-0.6412394726539807,1.8599879670472705
-0.490150225018259,1.8207798050011965,-8.061142688025853,3.719975934094541,-0.641559610002382,1.859619265267406
-0.49911882202452595,1.821267912911672,-8.06113218425218,3.719238530534812,-0.6425358258233329,1.8591842001439467
-0.5095060566955398,1.8221436918929208,-8.060463306236972,3.7183684002878934,-0.6442873837858305,1.860878261903707
-0.5145426221189133,1.8211221125539698,-8.06268095869183,3.721756523807414,-0.6422442251079287,1.8563768428945269
-0.5096963365783562,1.8211378271610816,-8.063328099416402,3.7127536857890537,-0.6422756543221522,1.856479406243789
-0.5160468328116679,1.819919857193516,-8.065839389959939,3.712958812487578,-0.639839714387021,1.8512378484076597
-0.5198273274317469,1.819825762702739,-8.066740250633899,3.7024756968153194,-0.6396515254054669,1.8485895144963693
-0.5294112056407574,1.8195778404806322,-8.067789002933388,3.6971790289927386,-0.6391556809612532,1.8465766083462876
-0.5411980141684429,1.8198230814399605,-8.06809742766251,3.693153216692575,-0.6396461628799099,1.8469363694459757
-0.5576185827492317,1.819837823482144,-8.068760648347425,3.6938727388919514,-0.6396756469642767,1.8473742010660854
-0.5748797750655541,1.8197561509803246,-8.069568397975694,3.694748402132171,-0.6395123019606378,1.8467005569950614
-0.5895714503130565,1.8199071125396935,-8.070025485707246,3.693401113990123,-0.6398142250793756,1.8478315186131586
-0.608382556570243,1.8196055070600938,-8.07115078867508,3.6956630372263173,-0.6392110141201764,1.846371347713443
-0.625380586842188,1.8196513503684693,-8.071810533258855,3.692742695426886,-0.6393027007369273,1.8460972113205556
-0.6444143487573619,1.8200063819750942,-8.07193960821951,3.692194422641111,-0.640012763950177,1.8469268409349122
-0.6595608622746392,1.820090138352692,-8.072516019546711,3.6938536818698244,-0.6401802767053724,1.8454569779468035
-0.6708850852605863,1.8198581589793943,-8.07354226584383,3.690913955893607,-0.6397163179587768,1.8465983002070891
-0.6847813109815384,1.8197212196368706,-8.074413022294529,3.6931966004141783,-0.6394424392737295,1.846375923957789
-0.6993625427214667,1.8194859448369196,-8.075454135079312,3.692751847915578,-0.6389718896738273,1.8451916809047633
-0.7131987803812532,1.8201305009960544,-8.07519987786381,3.6903833618095265,-0.6402610019920971,1.8453872025164113
-0.729119281023558,1.8194616810738518,-8.076898122750627,3.6907744050328226,-0.6389233621476915,1.844004868550308
-0.7412194815379429,1.8195825194964452,-8.077393102210351,3.688009737100616,-0.6391650389928784,1.843190302351793
-0.7587641213003895,1.820874140459738,-8.07614753664279,3.686380604703586,-0.641748280919464,1.8451927181612822
-0.7805820012185354,1.821113991557726,-8.076455335334927,3.6903854363225643,-0.6422279831154397,1.8458139964075082
-0.7966811418527691,1.8222246655029355,-8.075466629135645,3.6916279928150164,-0.644449331005859,1.8488281366514416
-0.8082228220514436,1.8227509844763743,-8.075384499327093,3.6976562733028833,-0.6455019689527365,1.8507437252563708
-0.81148547825096,1.8216706459518826,-8.077643081912496,3.7014874505127415,-0.6433412919037528,1.8474063449716869
-0.8015839582989486,1.8213475281372986,-8.078779318546982,3.6948126899433738,-0.6426950562745848,1.8464984627570207
-0.7974435431463283,1.821386377432555,-8.079391638726658,3.6929969255140414,-0.6427727548650976,1.846943337564392
-0.7938668708595635,1.8217915456614167,-8.079451207008296,3.693886675128784,-0.6435830913228209,1.8474051951513935
-0.7916300761647568,1.8219344449548707,-8.079939821020021,3.694810390302787,-0.6438688899097287,1.8461764923499453
-0.7860742221108294,1.8222358285021136,-8.080189135939422,3.6923529846998906,-0.6444716570042146,1.8456662944133364
-0.779229694830482,1.8218277291793326,-8.08148831950831,3.691332588826673,-0.6436554583586525,1.842347604460131
-0.7693422855573502,1.8219730083032557,-8.081967499720777,3.684695208920262,-0.6439460166064986,1.8436052440396362
-0.7609012979163667,1.8213260474152562,-8.083614934417753,3.6872104880792724,-0.6426520948304995,1.8417433635089255
-0.749617507087704,1.820870476737379,-8.084949717762736,3.683486727017851,-0.6417409534747448,1.8409095531016624
-0.7434901811547245,1.820561135981112,-8.086060463614514,3.6818191062033248,-0.641122271962211,1.8409321339091371
-0.7401431606579445,1.8210330854050698,-8.08606072453672,3.6818642678182743,-0.6420661708101267,1.8406141945158563
-0.7388720665261088,1.8211959297566367,-8.086536777033851,3.6812283890317126,-0.6423918595132606,1.8399030353891928
-0.7335233014536531,1.820925244899786,-8.087606353438801,3.6798060707783855,-0.6418504897995592,1.840870315937982
-0.7250387455965361,1.8211059616762397,-8.088010635451257,3.681740631875964,-0.6422119233524669,1.8410475227546979
-0.7223423128519562,1.8216897008685913,-8.087816992788127,3.6820950455093957,-0.64337940173717,1.8427484578927034
-0.7165062148619148,1.8208643117546832,-8.089756074873655,3.6854969157854067,-0.6417286235093539,1.8401220998706056
-0.7047036273490397,1.8210360345179335,-8.090203304338766,3.680244199741211,-0.6420720690358545,1.841107955786022
-0.7066319576118287,1.8206253736833553,-8.091529728237248,3.682215911572044,-0.6412507473666981,1.8385166221022813
-0.7076299880853449,1.8213009378775955,-8.091201114625028,3.6770332442045626,-0.6426018757551784,1.840312485838996
-0.7197070774571639,1.8213920203263918,-8.091729093784167,3.680624971677992,-0.642784040652771,1.842489922327911
-0.7297762976811741,1.8218962664684804,-8.091638920518964,3.684979844655822,-0.6437925329369483,1.8437667885854665
-0.7355665211457891,1.8218611663099618,-8.09236871205351,3.687533577170933,-0.6437223326199111,1.8430926011003745
-0.7359410129564106,1.8219632178010852,-8.092884104613988,3.686185202200749,-0.6439264356021579,1.8433297701296536
-0.7371809447676618,1.8222091754661092,-8.093198542375573,3.686659540259307,-0.6444183509322061,1.8439842583098305
-0.7404830238345514,1.8222851363942079,-8.093808780023258,3.687968516619661,-0.6445702727884035,1.8433263640153503
-0.7429116979996575,1.822614931644562,-8.094009930234897,3.6866527280307007,-0.6452298632891117,1.8449887792900017
-0.7472782857593643,1.8220256254783183,-8.095544068716489,3.6899775585800034,-0.6440512509566246,1.8429399440592888
-0.745774776063107,1.8218743612986061,-8.096463580132209,3.6858798881185777,-0.6437487225972002,1.8426693339041111
-0.7489694529736957,1.8225874239692272,-8.096081763706017,3.6853386678082223,-0.6451748479384422,1.8449158686498432
-0.7519960840291056,1.8233660704961163,-8.095607397403938,3.6898317372996865,-0.6467321409922204,1.846742271860857
-0.7491555830038079,1.8229682840214356,-8.096884776088729,3.693484543721714,-0.6459365680428591,1.8446131965770203
-0.7376642267133375,1.8232348233519562,-8.097177508349247,3.6892263931540406,-0.6464696467039001,1.8450190715571466
-0.7321976728465813,1.822300541841069,-8.099257277061886,3.6900381431142932,-0.6446010836821258,1.8417664416282562
-0.7231971523494387,1.8225777980916866,-8.099518632361345,3.6835328832565124,-0.6451555961833612,1.8421092582584313
-0.7203061270582616,1.822771798461563,-8.099876885176663,3.6842185165168626,-0.645543596923114,1.844999495143124
-0.716726549687138,1.8226953951958857,-8.10067648551128,3.689998990286248,-0.6453907903917594,1.843763867649533
-0.7145086068112887,1.8218292908077913,-8.102706779699565,3.687527735299066,-0.6436585816155705,1.8384931361232997
-0.7067131843113588,1.8222896056570548,-8.102690316104182,3.6769862722465994,-0.6445792113140976,1.8396249763300554
-0.7072427015228806,1.822179425304131,-8.103568059866745,3.679249952660111,-0.6443588506082503,1.837726483596763
-0.7018956235086709,1.8222821079708051,-8.104087607846859,3.675452967193526,-0.6445642159415985,1.8384494019669497
-0.7012318769546466,1.8222666979828472,-8.104820039902807,3.6768988039338995,-0.6445333959656827,1.8365824049896353
-0.7002096119008572,1.8223603919376166,-8.105352400704804,3.6731648099792706,-0.6447207838752215,1.8366353623917968
-0.7022611769667408,1.82159987472246,-8.107148620216583,3.6732707247835936,-0.6431997494449084,1.832724458710032
-0.7016173596358968,1.8211783742461156,-8.108441593355016,3.665448917420064,-0.6423567484922197,1.8321867159031007
-0.7060360564011274,1.8214867656445715,-8.108648487453223,3.6643734318062013,-0.6429735312891313,1.8338608768688447
-0.7156681170172998,1.8207082995160238,-8.110506764060931,3.6677217537376894,-0.6414165990320359,1.8322498396009774
-0.7214435567396436,1.8211422511214532,-8.110545040546377,3.664499679201955,-0.6422845022428948,1.8332091133475024
-0.7357442358352451,1.8204821566788554,-8.1121802356537,3.6664182266950047,-0.6409643133576992,1.831928844302545
-0.7423162225198645,1.8206610294929118,-8.112598330254535,3.66385768860509,-0.6413220589858118,1.833969340490319
-0.7533990847907015,1.8211623419186376,-8.112569422343515,3.667938680980638,-0.6423246838372636,1.8355150414400796
-0.7681677659141668,1.8212488202833963,-8.11311716845826,3.671030082880159,-0.6424976405667809,1.83593691243004
-0.7835164568304167,1.8217043272295195,-8.11309477024718,3.67187382486008,-0.6434086544590271,1.8372476599945629
-0.7973821440364857,1.8216000262858747,-8.113969726613211,3.6744953199891257,-0.6432000525717377,1.835703454888332
-0.8086901619489604,1.8213073967888698,-8.115075621116366,3.671406909776664,-0.6426147935777279,1.834951269589932
-0.8155011092242166,1.8220167794544064,-8.114723462700406,3.669902539179864,-0.6440335589088011,1.835691932126699
-0.8274558912091665,1.8215819146832815,-8.116026232542692,3.671383864253398,-0.6431638293665513,1.8350312709833294
-0.8335919166927548,1.8221505323196383,-8.115856374037142,3.670062541966659,-0.6443010646392652,1.8373298904270357
-0.8436888376770497,1.8213148669439112,-8.117775418449856,3.6746597808540713,-0.6426297338878109,1.8339059503211002
-0.8428370626952333,1.8217014004808965,-8.117864190177919,3.6678119006422003,-0.6434028009617815,1.8348169539153178
-0.8511355811259183,1.8216500283076087,-8.1186043723346,3.6696339078306357,-0.643300056615206,1.8340256945107671
-0.8554456159204742,1.8212059540506342,-8.119972447542704,3.6680513890215343,-0.6424119081012569,1.831826730279999
-0.8591601378411475,1.8209912643086301,-8.120959510865507,3.663653460559998,-0.6419825286172487,1.831949293514615
-0.8652223273556254,1.820620382703267,-8.122153939371701,3.66389858702923,-0.6412407654065225,1.83156228278405
-0.8720965211911382,1.8205702343098402,-8.122937817521933,3.6631245655681,-0.6411404686196688,1.8311398109035204
-0.8774714920102973,1.820528611439739,-8.123696216402351,3.662279621807041,-0.6410572228794663,1.8321265893157357
-0.8806440052696445,1.8204029406432447,-8.12456948427557,3.6642531786314714,-0.6408058812864778,1.8307682336819238
-0.8850237953860312,1.8205190080674831,-8.125105463403013,3.6615364673638475,-0.6410380161349545,1.831062383616041
-0.8864554393421509,1.8207113830639146,-8.125520483002948,3.662124767232082,-0.6414227661278175,1.830895958363205
-0.8893752723223907,1.820937716186497,-8.125822727264158,3.66179191672641,-0.6418754323729823,1.8330236531781965
-0.8878683724015186,1.820929802105623,-8.126521053217225,3.666047306356393,-0.6418596042112346,1.8318818692791585
-0.8851224456976983,1.821170481721759,-8.126888398804075,3.663763738558317,-0.6423409634435068,1.8318650176422102
-0.8853159617735127,1.8212160313847916,-8.127499604056496,3.6637300352844204,-0.6424320627695717,1.8339854405005003
-0.8839811797091324,1.8212987360514636,-8.128062330472096,3.6679708810010005,-0.6425974721029156,1.833811724878832
-0.8846473399676142,1.8212018708360902,-8.128908186547617,3.667623449757664,-0.6424037416721686,1.8340954196548913
-0.8836911321054455,1.820781209225282,-8.130212124622306,3.6681908393097826,-0.641562418450552,1.8324279302106452
-0.8807988535249347,1.8200297245777697,-8.131984877524811,3.6648558604212904,-0.6400594491555275,1.8298167274242076
-0.8828358510890437,1.820195684057129,-8.13242291152161,3.6596334548484153,-0.6403913681142459,1.830173761000709
-0.8884933836101334,1.820271100356279,-8.132976574080958,3.660347522001418,-0.6405422007125461,1.8295468398656052
-0.8960081773687474,1.819822709478044,-8.134328463717896,3.6590936797312104,-0.6396454189560756,1.8278512041836112
-0.8976866368297021,1.8196489454510782,-8.13526013425249,3.6557024083672225,-0.6392978909021444,1.8269068605486665
-0.9041804666012592,1.8201263260321614,-8.135222011056408,3.653813721097333,-0.6402526520643106,1.828857634840599
-0.9128100305697737,1.8199929413726215,-8.13608255278269,3.657715269681198,-0.6399858827452306,1.8300691804032003
-0.915107332803144,1.8193543973124606,-8.137717188774818,3.6601383608064006,-0.638708794624909,1.827182997281856
-0.9155978099890918,1.8202327819242983,-8.137096910788634,3.654365994563712,-0.6404655638485843,1.8287006113017235
-0.9210220538567286,1.8205988089353602,-8.137237486219048,3.657401222603447,-0.6411976178707081,1.8332431578455826
-0.9200259420386168,1.8205893487608362,-8.137931310047653,3.666486315691165,-0.64117869752166,1.8346558625052483
-0.9158687469506273,1.821134807627335,-8.137791620657746,3.6693117250104965,-0.6422696152546578,1.8368748585462003
-0.9124203312331058,1.8214157619319158,-8.138011206470624,3.6737497170924005,-0.6428315238638194,1.838664717054034
-0.9059824676525716,1.820507499953758,-8.140057854282874,3.677329434108068,-0.6410149999075038,1.834467204030393
-0.8960059086712082,1.819972256255403,-8.141504691486226,3.668934408060786,-0.6399445125107938,1.8360947707141364
-0.8924998940041835,1.8205910502248686,-8.141279129646293,3.672189541428273,-0.6411821004497249,1.838688268542227
-0.8943954688124842,1.8206695151674273,-8.141810175760375,3.677376537084454,-0.6413390303348422,1.8384226536128818
-0.8929429443909358,1.820032370226261,-8.143466794931923,3.6768453072257636,-0.6400647404525099,1.8354426838334839
-0.889476052665426,1.8207177856157002,-8.143170430617767,3.6708853676669677,-0.6414355712313882,1.8373177788969648
-0.8928069562542502,1.820556331800137,-8.144126910297405,3.6746355577939296,-0.641112663600262,1.83667840869472
-0.8898801129383846,1.8200077475348526,-8.145637738394646,3.67335681738944,-0.6400154950696935,1.8337248628387177
-0.8847311243459997,1.820158847050448,-8.146132522443622,3.6674497256774354,-0.640317694100884,1.8326317472215858
-0.8803342045626881,1.8204420518655173,-8.14635566512647,3.6652634944431717,-0.640884103731023,1.8352394845455076
-0.8764230388863119,1.8203526458397,-8.147180202537363,3.670478969091015,-0.6407052916793882,1.8353044563979157
-0.8704810385491832,1.8202828596827005,-8.147952922992504,3.6706089127958315,-0.6405657193653894,1.837056947737677
-0.8629077244678269,1.8207885973167885,-8.147885304692187,3.674113895475354,-0.6415771946335656,1.8383629009987459
-0.856306403705724,1.8213582284867196,-8.147713568425676,3.6767258019974918,-0.6427164569734275,1.840214311387941
-0.8498336309785017,1.8215607255331983,-8.14809265031696,3.680428622775882,-0.643121451066385,1.8412332534211169
-0.8389073706596566,1.8220840085952539,-8.147986104267169,3.6824665068422338,-0.6441680171904962,1.8425350536774907
-0.8248135482468992,1.8225217064478922,-8.148018792638197,3.6850701073549814,-0.6450434128957732,1.8450681017659447
-0.8127027728942577,1.8214428624837786,-8.150319388013193,3.6901362035318894,-0.6428857249675459,1.8397759536603775
-0.7966690264393108,1.822050586174446,-8.150085392536628,3.679551907320755,-0.644101172348881,1.8429090788848332
-0.7901662822892241,1.8223016608178475,-8.150421492024236,3.6858181577696665,-0.6446033216356839,1.8452005204751503
-0.7826862974167401,1.8228563005428895,-8.150290537147956,3.6904010409503005,-0.6457126010857678,1.8456029465094028
-0.7764342349505968,1.8235669359683575,-8.149902718102286,3.6912058930188056,-0.647133871936704,1.8479604723794623
-0.7636595570789666,1.8235530845910128,-8.150589142697134,3.6959209447589245,-0.6471061691820148,1.8487367625596063
-0.7429997417407614,1.8235265220827863,-8.151317860471883,3.6974735251192126,-0.647053044165562,1.8478338186950531
-0.7259359762917992,1.8226066977668707,-8.153425069497787,3.6956676373901063,-0.6452133955337307,1.8414743316464346
-0.707499405259151,1.8224736423058918,-8.15429970356872,3.682948663292869,-0.6449472846117731,1.8409948757633052
-0.6927730430998862,1.8221857393941892,-8.15542792943742,3.6819897515266105,-0.6443714787883675,1.8414386444989157
-0.6823561946957009,1.8224202278519395,-8.155763289412967,3.6828772889978314,-0.6448404557038682,1.841373564702053
-0.6743453267074466,1.8218597687159919,-8.15723961666095,3.682747129404106,-0.643719537431973,1.8416841365582912
-0.661050177747116,1.821956030885531,-8.15778326768141,3.6833682731165824,-0.6439120617710512,1.8416320632916534
-0.6533140821995538,1.821527227901124,-8.159104616683734,3.683264126583307,-0.6430544558022375,1.8402061449615088
-0.6457651137847478,1.821755730347231,-8.159512398428715,3.6804122899230176,-0.6435114606944513,1.8389828145518679
-0.6419602575103465,1.8216313094047627,-8.160407415905617,3.6779656291037357,-0.643262618809515,1.8377124627157841
-0.6363446407309405,1.8220582721576093,-8.160452429690157,3.6754249254315683,-0.6441165443152079,1.839730925324301
-0.6358944772869926,1.8220373469491051,-8.16116229927039,3.679461850648602,-0.6440746938981996,1.8394867372787802
-0.6356227985891829,1.8219588259679824,-8.161926083930934,3.6789734745575604,-0.643917651935954,1.84126414240626
-0.6368804925252904,1.8214058480901816,-8.163430489403758,3.68252828481252,-0.6428116961803524,1.8390016012487251
-0.6405205652384813,1.8216954310069569,-8.163688742418937,3.6780032024974503,-0.6433908620139029,1.839419887059028
-0.6516370578295261,1.8213386148666797,-8.16491361948769,3.678839774118056,-0.6426772297333488,1.837217956591911
-0.6550402715514441,1.8212134117754069,-8.16577529888384,3.674435913183822,-0.6424268235508032,1.8377285611238978
-0.6643222456115376,1.8216990269080862,-8.165704804036821,3.6754571222477956,-0.6433980538161616,1.8403529757539547
-0.6773867898077608,1.8218123454545332,-8.166255897284984,3.6807059515079095,-0.6436246909090554,1.8393823952372375
-0.6901344101941671,1.8212215504933817,-8.167791772969126,3.678764790474475,-0.6424431009867527,1.8385901033311436
-0.7046508897111181,1.8203912868278975,-8.169731924143584,3.677180206662287,-0.6407825736557843,1.8350492021706062
-0.7215156723597707,1.8204685504186455,-8.17030438490008,3.6700984043412124,-0.6409371008372801,1.8351525790372036
-0.7446144305517652,1.8205477735445,-8.170863661533266,3.6703051580744073,-0.6410955470889887,1.8355972912370424
-0.7630206594878768,1.820699894616949,-8.17132307510995,3.671194582474085,-0.6413997892338867,1.835794128584391
-0.780478711744891,1.8206315417144787,-8.17207660510777,3.671588257168782,-0.6412630834289462,1.8351806090507963
-0.7950790664872249,1.8211840449217163,-8.171893813369659,3.6703612181015925,-0.6423680898434215,1.8388779713822465
-0.8125743692318377,1.821211938858165,-8.172536555861972,3.677755942764493,-0.6424238777163186,1.8391000636751316
-0.8227992018977552,1.82094562485623,-8.173640742837156,3.678200127350263,-0.6418912497124487,1.8377886920456337
-0.8322600788689751,1.8211048396199183,-8.17408595848872,3.6755773840912673,-0.6422096792398254,1.8377239504651421
-0.8416143431636831,1.8215633460119367,-8.174084084879384,3.6754479009302843,-0.6431266920238622,1.8379090998709438
-0.8516317734400776,1.821871927423634,-8.174303203020132,3.6758181997418875,-0.6437438548472567,1.8378952331817944
-0.857767049063912,1.8217368066007258,-8.175192391031018,3.6757904663635887,-0.6434736132014405,1.838301314752097
-0.8629043812508534,1.8213989741924579,-8.176362727985971,3.676602629504194,-0.6427979483849047,1.838233263317002
-0.8675910322628191,1.8215897567742347,-8.176757876819622,3.676466526634004,-0.6431795135484585,1.8385818417702933
-0.8743101082954929,1.8213780981290841,-8.177754547419301,3.6771636835405865,-0.6427561962581575,1.8378271177512409
-0.8757694752731551,1.8207830876091162,-8.179337965890284,3.6756542355024817,-0.6415661752182218,1.8371076286909949
-0.8782510207941341,1.8211660814019393,-8.179476325883641,3.6742152573819897,-0.6423321628038677,1.8371163981276346
-0.8837451596111423,1.8207231109865232,-8.180807334169852,3.674232796255269,-0.6414462219730356,1.8377293826981282
-0.8840477298332852,1.8201179697480563,-8.182404277121055,3.6754587653962565,-0.6402359394961017,1.8349012132058526
-0.8881374716007793,1.8199150626522833,-8.183404620377598,3.6698024264117053,-0.6398301253045556,1.835309309926439
-0.8962705932952071,1.819453751919744,-8.184749935691656,3.670618619852878,-0.638907503839477,1.8333722055736352
-0.9014549588440275,1.8190275267669056,-8.186083990829276,3.6667444111472705,-0.6380550535338002,1.8321977887095646
-0.9044948355831153,1.8190104222414751,-8.18677258479585,3.6643955774191292,-0.6380208444829392,1.8333435879718134
-0.910664598567509,1.8183096056921282,-8.188492699437784,3.666687175943627,-0.6366192113842452,1.8316396420652719
-0.9152371585756702,1.8177644953857053,-8.19002241115596,3.6632792841305437,-0.6355289907713991,1.8294257913299967
-0.9240087815668927,1.8175603579299475,-8.190981479603463,3.6588515826599934,-0.6351207158598837,1.8297010724284375
-0.9357240711552883,1.8179144080834404,-8.191107928569158,3.659402144856875,-0.6358288161668695,1.8312194808993107
-0.9525224375708197,1.8184362774498368,-8.191009393240273,3.6624389617986215,-0.6368725548996625,1.8332749058831588
-0.967744357043733,1.818320280908318,-8.191889119887682,3.6665498117663176,-0.6366405618166253,1.8337834218888593
-0.9769580802208822,1.8192209829128927,-8.191252064800912,3.6675668437777187,-0.6384419658257744,1.8357657402268839
-0.989816961373057,1.818947922288763,-8.192333014876095,3.6715314804537678,-0.6378958445775149,1.8349472981072443
-0.9969755190666492,1.8188796082042813,-8.193179537579272,3.6698945962144887,-0.6377592164085514,1.8321872176020952
-1.0072573413158379,1.8187514159235816,-8.194057582779122,3.6643744352041905,-0.6375028318471518,1.8341787447770015
-1.0168045758908768,1.8185430650528327,-8.195079285547148,3.668357489554003,-0.6370861301056542,1.8324251895841166
-1.0247594889159624,1.8180532990420177,-8.196513806116121,3.664850379168233,-0.6361065980840243,1.8291862907251444
-1.0337338898944415,1.8187888667389265,-8.19609558542295,3.6583725814502888,-0.6375777334778419,1.8309724199910773
-1.046811882375735,1.818795457331692,-8.196761661456287,3.6619448399821546,-0.6375909146633729,1.8316464712414655
-1.050780567140496,1.818647474487977,-8.197626375185786,3.663292942482931,-0.6372949489759427,1.8340618457515319
-1.0559942077712972,1.8181385023551448,-8.19906333685654,3.6681236915030637,-0.6362770047102785,1.8334733858346752
-1.0584252628501627,1.8180906958357863,-8.199841190660552,3.6669467716693505,-0.6361813916715612,1.8345476717971003
-1.0611100199141763,1.818982947499458,-8.199238381234967,3.6690953435942006,-0.637965894998905,1.8361000857107297
-1.0649348446484765,1.818906735772692,-8.200049687506786,3.6722001714214594,-0.6378134715453728,1.8372171523207612
-1.0587765592329177,1.8194519070801392,-8.199921730077104,3.6744343046415224,-0.638903814160267,1.8374838908563964
-1.0520508063316694,1.8200332039931426,-8.199766488712319,3.674967781712793,-0.640066407986274,1.8393433158335184
-1.0420240448724494,1.820096132602467,-8.20038734340027,3.678686631667037,-0.6401922652049228,1.8386362678922163
-1.02381800321925,1.8203287443394516,-8.200777019258155,3.6772725357844327,-0.6406574886788923,1.8386951823325866
-1.0027017683253154,1.819705245742891,-8.202387004327838,3.677390364665173,-0.6394104914857714,1.8365564171501196
-0.9770474980433983,1.819258067867255,-8.203772932746555,3.6731128343002393,-0.6385161357344994,1.8340840312035214
-0.95656569838739,1.8189227289133443,-8.204897481553372,3.6681680624070427,-0.637845457826678,1.834049541498761
-0.9413940291689382,1.8192204386613298,-8.205141371417977,3.668099082997522,-0.6384408773226491,1.8353965031019965
-0.9288539702110539,1.8192529515496902,-8.205792375990395,3.670793006203993,-0.6385059030993699,1.838447264264641
-0.9191078630132683,1.8187674606317967,-8.207242714515562,3.676894528529282,-0.6375349212635831,1.8370429995900184
-0.906667325439054,1.8187277322781157,-8.208022902646649,3.6740859991800368,-0.637455464556221,1.8363851064039463
-0.8975861882889564,1.818477599265576,-8.209056026666893,3.6727702128078925,-0.6369551985311415,1.8369681303805978
-0.8878539897538458,1.8187812131078196,-8.20927476903908,3.6739362607611956,-0.6375624262156288,1.837710717628562
-0.8799923964791985,1.8191300197559,-8.20948175139435,3.675421435257124,-0.6382600395117893,1.839410708145398
-0.8685483319878591,1.8194631222070792,-8.209689863409466,3.678821416290796,-0.638926244414148,1.8397789431509965
-0.859606496955923,1.8194245735848547,-8.210430194594656,3.679557886301993,-0.638849147169699,1.840951422373966
-0.848509775728342,1.8188785090543678,-8.211980543236255,3.681902844747932,-0.6377570181087251,1.8389813786367002
-0.8360217167284825,1.8181109706671015,-8.21384667909115,3.6779627572734004,-0.6362219413341924,1.8358089746510837
-0.8236807033863842,1.8176532859646481,-8.215214125473677,3.6716179493021674,-0.6353065719292856,1.8345112739657943
-0.8161436804933517,1.8178406357462105,-8.215614704201528,3.6690225479315886,-0.6356812714924104,1.836363995338397
-0.8178770194073968,1.818796564302083,-8.214882840021243,3.672727990676794,-0.6375931286041553,1.8400357319553489
-0.8207794230625209,1.8187505402713569,-8.215636285419949,3.6800714639106977,-0.6375010805427033,1.840308164322764
-0.8194507892566527,1.8187503464134278,-8.216302886052969,3.680616328645528,-0.6375006928268451,1.8421212993084308
-0.8221295659931416,1.8184329658389662,-8.217467965220871,3.6842425986168617,-0.6368659316779216,1.8423804341673
-0.8248672130554686,1.8180464410161514,-8.218757437837395,3.6847608683346,-0.636092882032292,1.8405107853675293
-0.8306907449445244,1.8180170154406996,-8.219495711546262,3.6810215707350586,-0.6360340308813883,1.8396307584613059
-0.8367544004151508,1.8188727588470777,-8.218943219752328,3.6792615169226117,-0.6377455176941443,1.8413609351993419
-0.8433224885688144,1.8189050894251597,-8.219592954941813,3.6827218703986837,-0.6378101788503086,1.8408959753440755
-0.8418861810812901,1.818888102418289,-8.220318036253447,3.681791950688151,-0.637776204836567,1.8433103772059976
-0.8419532569326753,1.8184997307483013,-8.221604788811925,3.686620754411995,-0.6369994614965914,1.8410674634103685
-0.8415616337546092,1.8187439975416908,-8.221935681896563,3.682134926820737,-0.6374879950833704,1.8411025718062104
-0.8424905840414834,1.8184465439020807,-8.223067805508526,3.682205143612421,-0.6368930878041503,1.8417753212854786
-0.840784334353093,1.8181712789141526,-8.224168590660302,3.683550642570957,-0.636342557828294,1.8409391197095433
-0.8395028691221178,1.818001751176101,-8.225129449531318,3.6818782394190865,-0.6360035023521907,1.8411395981970258
-0.8415315899779019,1.8182434781316925,-8.225508284899078,3.6822791963940515,-0.6364869562633734,1.841390401333638
-0.8473284426809133,1.8175155061229449,-8.227276558684133,3.682780802667276,-0.6350310122458781,1.8387583752801975
-0.8513352079209309,1.8173364021977094,-8.228221607179572,3.677516750560395,-0.6346728043954072,1.839901196231295
-0.8600889291557294,1.816863418805158,-8.229639951078747,3.67980239246259,-0.6337268376103046,1.8369931615686188
-0.8663138787575999,1.81716185685536,-8.229874935780261,3.6739863231372376,-0.6343237137107086,1.8400243056646444
-0.8730716678221571,1.8169245830781722,-8.230967129784615,3.6800486113292887,-0.6338491661563327,1.838773684446249
-0.8745475090854615,1.8173664061531027,-8.231033461448398,3.677547368892498,-0.634732812306194,1.8391968513837378
-0.8797548935243915,1.816905825122865,-8.232402987569797,3.6783937027674756,-0.6338116502457182,1.8370120958703327
-0.8855559966965192,1.8166797379931814,-8.233468224215686,3.6740241917406653,-0.6333594759863511,1.8375746117127556
-0.8938074231913316,1.8174244956600087,-8.233022001640023,3.675149223425511,-0.6348489913200059,1.8405118414455255
-0.9055328305558525,1.8166924484402807,-8.23480451023143,3.681023682891051,-0.6333848968805498,1.8380977653608903
-0.9078106879622538,1.8162974942197765,-8.236102197500768,3.6761955307217806,-0.6325949884395414,1.8355985669119574
-0.9123573142431924,1.8166133810623817,-8.236344748618547,3.671197133823915,-0.6332267621247517,1.8369573780979989
-0.920304402102321,1.8164913710849322,-8.237225641956124,3.6739147561959977,-0.6329827421698527,1.8361505412332249
-0.9300257696558578,1.8171700487162945,-8.236882740781544,3.6723010824664497,-0.6343400974325771,1.8399971087986653
-0.9423922254132222,1.8166484562322343,-8.238352000564168,3.6799942175973306,-0.6332969124644566,1.8409224433716893
-0.947831223344715,1.8166947675830019,-8.238974252491248,3.6818448867433786,-0.633389535165992,1.8409322075351675
-0.9550951798836644,1.8172700409832043,-8.238823231357335,3.681864415070335,-0.6345400819663969,1.8417383892915362
-0.9644607080738279,1.8176242094642105,-8.23897404930108,3.6834767785830724,-0.6352484189284091,1.8432032697883294
-0.968499838108972,1.817277682431283,-8.240221988013703,3.6864065395766588,-0.634555364862554,1.8410071777802255
-0.967216865155633,1.8170845773042703,-8.241226139905962,3.682014355560451,-0.6341691546085284,1.84043119704664
-0.9668985785092454,1.817228167705572,-8.241707746635283,3.68086239409328,-0.6344563354111317,1.8403689173785354
-0.9693725849336783,1.8177972972908218,-8.241570147514995,3.6807378347570707,-0.6355945945816317,1.840975966002977
-0.968320389897225,1.818025048018518,-8.241885074984564,3.681951932005954,-0.636050096037024,1.844574940552908
-0.9622597494376981,1.8179951215308197,-8.242648637545054,3.689149881105816,-0.6359902430616272,1.8441722442188853
-0.9517085143813375,1.8178395494686839,-8.243579078490463,3.6883444884377705,-0.6356790989373559,1.8448425535818762
-0.942346047787769,1.8178645675768195,-8.24422963771732,3.6896851071637524,-0.635729135153627,1.8451277762396865
-0.9328499255085303,1.8181416321204462,-8.244555169591049,3.690255552479373,-0.6362832642408803,1.8446024164470594
-0.925969766428449,1.817805614240419,-8.24574692578001,3.6892048328941187,-0.6356112284808261,1.8431977230634506
-0.9137761651248786,1.8165013858982717,-8.248428313457952,3.6863954461269013,-0.6330027717965312,1.8391424334436641
-0.8995714519817009,1.8159017389094994,-8.250033858227695,3.6782848668873283,-0.6318034778189866,1.8362858749976063
-0.8972273875400587,1.8159069540141752,-8.250724607022706,3.6725717499952126,-0.6318139080283384,1.8362285118957253
-0.8958039176364476,1.8164911509817732,-8.25058538926839,3.6724570237914507,-0.6329823019635342,1.83831859629211
-0.8938392363694216,1.816090756674019,-8.25191530737711,3.67663719258422,-0.6321815133480257,1.8363739528837264
-0.888013105503167,1.8164864254111186,-8.252014087903323,3.672747905767453,-0.6329728508222252,1.8384785781150104
-0.8856483529528019,1.8161227363300498,-8.253238913015727,3.6769571562300207,-0.6322454726600876,1.8382638477528255
-0.8830683626053384,1.816225491127129,-8.253791262070857,3.676527695505651,-0.632450982254246,1.8387841565559455
-0.8810119063119854,1.8164180293132728,-8.254165717971171,3.677568313111891,-0.6328360586265338,1.8411898345104225
-0.8790939160721676,1.8151853797741022,-8.256714481302492,3.682379669020845,-0.6303707595481927,1.8362703099200806
-0.8758177322912175,1.8157064378705874,-8.256651538355213,3.672540619840161,-0.6314128757411632,1.8379778216934466
-0.8847667272714039,1.8160741686208024,-8.256790237374354,3.675955643386893,-0.6321483372415934,1.8390665410217888
-0.8891365230495181,1.8154810078480534,-8.25836289762014,3.6781330820435776,-0.6309620156960954,1.8393860488755334
-0.8884391349954219,1.8157865249294252,-8.258616291309844,3.6787720977510667,-0.6315730498588388,1.8381892935327995
-0.89379358279571,1.8157897161327592,-8.259361639319444,3.676378587065599,-0.6315794322655067,1.8382603241567081
-0.9000038755005013,1.815999347842927,-8.259743445671987,3.6765206483134163,-0.6319986956858422,1.8389982861410257
-0.90814876516776,1.8155932502318213,-8.26104067696591,3.6779965722820513,-0.6311865004636307,1.8372666663930282
-0.9136993730536895,1.815523797182658,-8.261858728204466,3.6745333327860563,-0.6310475943653043,1.837686441192253
-0.9214165276000914,1.815558133409516,-8.26249991314645,3.675372882384506,-0.6311162668190203,1.8382403644911958
-0.9299823466633503,1.8160123700000632,-8.262477755168952,3.6764807289823915,-0.6320247400001144,1.8408143192319484
-0.9409466531563915,1.8150231930481129,-8.264622621643294,3.6816286384638968,-0.6300463860962136,1.8370836152941337
-0.9442467424718473,1.815050196924265,-8.265307331732119,3.6741672305882673,-0.6301003938485176,1.8368680846821581
-0.9485675633812978,1.8147402029944277,-8.26647637738978,3.6737361693643162,-0.6294804059888433,1.8344840907034679
-0.9488921054285946,1.8154342828261076,-8.266172763131712,3.6689681814069357,-0.630868565652203,1.8377535987096847
-0.9531540683173985,1.8153599706144432,-8.2669391421416,3.6755071974193694,-0.6307199412288741,1.838803737399369
-0.9548481439035799,1.8147632255912052,-8.268523600732477,3.677607474798738,-0.629526451182398,1.8360700038841407
-0.953455389725649,1.8153297349206376,-8.268371102464721,3.6721400077682813,-0.6306594698412631,1.8375985951042335
-0.9598190501672104,1.8144543961206965,-8.270327670974172,3.675197190208467,-0.628908792241381,1.8355107477906394
-0.9576588757705018,1.8147557861839538,-8.270552536211307,3.6710214955812788,-0.6295115723678958,1.8389003602402434
-0.9629810127688048,1.8142215887610469,-8.27209218622271,3.677800720480487,-0.6284431775220817,1.8358180440496763
-0.9654095848936075,1.8146326594583524,-8.272167011656194,3.6716360880993526,-0.6292653189166925,1.8365902108565264
-0.9668540537768946,1.8149464317008985,-8.272390436331928,3.673180421713053,-0.6298928634017849,1.8374872464359806
-0.9684511559614597,1.8155787197321085,-8.27212748615856,3.674974492871961,-0.6311574394642048,1.841173511004707
-0.9709565041378818,1.8156338874303786,-8.272769735663932,3.682347022009414,-0.6312677748607448,1.8411259298554976
-0.9655009121400138,1.8153133437100248,-8.273956248252256,3.6822518597109952,-0.6306266874200374,1.841164873363624
-0.9602411568280873,1.8155447558118565,-8.274318711485922,3.682329746727248,-0.6310895116237005,1.841296755009876
-0.9578072856214632,1.8162731890441906,-8.273956565104053,3.682593510019752,-0.6325463780883687,1.8428425998285571
-0.9563464862109718,1.8163382704215063,-8.2745574941903,3.6856851996571143,-0.6326765408430001,1.8428954297055677
-0.9472110645005944,1.81630572771235,-8.275350050064267,3.6857908594111355,-0.6326114554246872,1.842036401263611
-0.9370049305653243,1.8161719316157638,-8.276285818838808,3.684072802527222,-0.632343863231515,1.8420268734431129
-0.9268387531465434,1.8156472512475152,-8.277769690667684,3.6840537468862258,-0.6312945024950177,1.8408519976537914
-0.9187858907145721,1.8162638836629985,-8.277567242478527,3.6817039953075827,-0.6325277673259844,1.8416927055623262
-0.9114464380310832,1.8170640699311107,-8.277119067505016,3.6833854111246525,-0.6341281398622086,1.8430866669721224
-0.9014619113802684,1.8171802698708033,-8.277649035844147,3.686173333944245,-0.6343605397415937,1.8423727677059745
-0.8840529582260501,1.8181595605754377,-8.276906236821853,3.684745535411949,-0.6363191211508626,1.8449883797520228
-0.8720171136683783,1.8179145734234181,-8.277966202643178,3.6899767595040456,-0.6358291468468235,1.8453145962027644
-0.8513978071793611,1.8176699829069762,-8.279103620305543,3.690629192405529,-0.6353399658139396,1.8434579707446326
-0.8292242369335163,1.817580432242798,-8.279957639651485,3.686915941489265,-0.6351608644855833,1.8424155416561077
-0.8119454449721397,1.8177721364181456,-8.280386386253562,3.6848310833122153,-0.6355442728362785,1.8420604083399015
-0.7919637350753082,1.8166492342470142,-8.28278519394573,3.684120816679803,-0.6332984684940158,1.838215403199503
-0.7696260790236078,1.8164956810012676,-8.283707696716785,3.676430806399006,-0.6329913620025225,1.8395055359538175
-0.752820592501382,1.8168843080651627,-8.283860934701819,3.679011071907635,-0.6337686161303128,1.8385426928868338
-0.7406862911311496,1.8163839488400364,-8.285285045448182,3.6770853857736676,-0.6327678976800601,1.8384387284652597
-0.7265079610567264,1.8169825785228844,-8.285073679173413,3.6768774569305194,-0.6339651570457561,1.8408537471885356
-0.7213616044470825,1.8169800589110874,-8.285805598481055,3.681707494377071,-0.6339601178221621,1.8401640118194618
-0.7123885834748336,1.8167971831353709,-8.286777489416833,3.6803280236389235,-0.6335943662707293,1.838876340559964
-0.7020133609418568,1.8156340296696005,-8.289182960469901,3.677752681119928,-0.6312680593391885,1.8367446171261919
-0.6918928741502395,1.8155644034144807,-8.289982559976277,3.6734892342523837,-0.6311288068289487,1.8375403776799395
-0.6943538243384877,1.8165941332938287,-8.289130541977572,3.675080755359879,-0.6331882665876445,1.8402021991456108
-0.7008772155010377,1.8170995887975459,-8.289049493841897,3.6804043982912216,-0.634199177595079,1.8422390394060864
-0.7009616206907356,1.8171447925694766,-8.289642553179737,3.6844780788121727,-0.6342895851389406,1.844781123910407
-0.6971819319433354,1.816833513815558,-8.290780348474305,3.689562247820814,-0.6336670276311035,1.844523421239088
-0.6902696005767615,1.8164989579217137,-8.292031308884615,3.689046842478176,-0.6329979158434146,1.8415502464887255
-0.6885085983094514,1.8162631682023815,-8.29306610832915,3.683100492977451,-0.6325263364047501,1.84080880918902
-0.6934958137001441,1.815490989295504,-8.294920275827758,3.68161761837804,-0.6309819785909953,1.8376440229874131
-0.6993998793034661,1.8157149542080704,-8.295274207825267,3.6752880459748263,-0.631429908416128,1.8385693077007705
-0.7172687253780277,1.8161533904884255,-8.295326821279254,3.677138615401541,-0.6323067809768382,1.8401760362795518
-0.7337553869210822,1.81561284148477,-8.296819695688738,3.6803520725591037,-0.6312256829695273,1.839417241311997
-0.7446917650362757,1.8159997394121672,-8.296959715639993,3.678834482623994,-0.6319994788243215,1.8394529854813695
-0.7603411726486229,1.8163081185318173,-8.297188870463629,3.678905970962739,-0.6326162370636217,1.840868490088282
-0.7749958393303347,1.8163597487597865,-8.297829987259274,3.681736980176564,-0.6327194975195602,1.8406801026033834
-0.7822112476036756,1.8159572473864998,-8.29916316280434,3.681360205206767,-0.6319144947729869,1.8397908335537432
-0.787251307967451,1.8159838971789577,-8.299787115071666,3.6795816671074864,-0.6319677943579028,1.840129050519824
-0.7973622199719559,1.8162132563632292,-8.300109652015918,3.680258101039648,-0.6324265127264457,1.8427434918480985
-0.8053009841020442,1.8169451076093392,-8.299717354078682,3.685486983696197,-0.633890215218666,1.8440485524917822
-0.8162837038539257,1.8160136032534124,-8.30178840011545,3.6880971049835645,-0.6320272065068123,1.8411154715944655
-0.8190336208474909,1.815727547927711,-8.302910492459127,3.682230943188931,-0.6314550958554097,1.8401038741256381
-0.8266609450185305,1.8152357749532857,-8.304357197672426,3.6802077482512763,-0.6304715499065587,1.8371289226639829
-0.829426761700276,1.8153349708227542,-8.304903760523239,3.6742578453279657,-0.6306699416454958,1.8389021283514506
-0.8354188041192216,1.814636498850133,-8.306609661430935,3.6778042567029012,-0.6292729977002531,1.8369739134646461
-0.8442790754003724,1.814729028244347,-8.307189769196677,3.6739478269292922,-0.6294580564886811,1.8384781043648628
-0.860792864866486,1.815040310995487,-8.307417813844927,3.6769562087297256,-0.6300806219909609,1.8392577232143406
-0.8773234040631932,1.8150536399365935,-8.30811788448498,3.678515446428681,-0.6301072798731743,1.838364342241295
-0.8895522966539264,1.8147281813093086,-8.309351710477895,3.67672868448259,-0.6294563626186043,1.8353391507218475
-0.8987408051093926,1.8145794871103376,-8.310262806390076,3.670678301443695,-0.6291589742206621,1.8348239674296836
-0.9083925263281794,1.8150804292756033,-8.310220884544346,3.669647934859367,-0.6301608585511937,1.836315095364026
-0.9161654030309441,1.8151737076387464,-8.310794621571333,3.672630190728052,-0.6303474152774802,1.8373116962233933
-0.9209305237075744,1.8153131564892326,-8.31129319906697,3.6746233924467866,-0.6306263129784526,1.8373727887233828
-0.9271654196719652,1.8149026060667102,-8.312584001902096,3.6747455774467657,-0.6298052121334077,1.835971014960956
-0.928233436245586,1.8139161202939762,-8.314749985208042,3.671942029921912,-0.6278322405879398,1.8346237309648101
-0.9314683006366815,1.8138540190149852,-8.315540436212434,3.6692474619296203,-0.627708038029958,1.8346369418062645
-0.9429350529452245,1.813518132611982,-8.316794870594773,3.669273883612529,-0.6270362652239515,1.832874954669315
-0.953888420027476,1.8134817788564415,-8.317517208765995,3.66574990933863,-0.6269635577128705,1.8361382903156136
-0.9649814302698738,1.8129696992138298,-8.318965957531647,3.672276580631227,-0.6259393984276471,1.83412957672303
-0.9748124193276144,1.812336868634594,-8.320636308755592,3.66825915344606,-0.6246737372691755,1.833198744879976
-0.9876443098004106,1.8123721812404954,-8.321286995250729,3.666397489759952,-0.6247443624809782,1.8335743708148984
-1.0088550594897772,1.811671340056967,-8.323058915650606,3.6671487416297968,-0.6233426801139217,1.8312364000548162
-1.0231634020400069,1.8108281190608133,-8.325015520014924,3.6624728001096325,-0.6216562381216142,1.8282495906333807
-1.0387182509573138,1.810457451085794,-8.326294428929673,3.6564991812667613,-0.6209149021715757,1.8263225182992173
-1.0566461320689982,1.8096751118145635,-8.328174930426506,3.6526450365984346,-0.6193502236291147,1.8235537442942247
-1.0754792326645841,1.8096818472386653,-8.328867653315864,3.6471074885884494,-0.6193636944773182,1.825325498645187
-1.0961946209696585,1.8094855064901654,-8.32990780818957,3.650650997290374,-0.6189710129803182,1.8251310249896537
-1.1163031028441068,1.8087024041333042,-8.33175510615396,3.6502620499793075,-0.6174048082665959,1.822031117397321
-1.1371494464232912,1.8095664720855849,-8.331132510872722,3.644062234794642,-0.619132944171157,1.8259955352364416
-1.1655166813285502,1.8094115751952013,-8.33205998527223,3.6519910704728833,-0.6188231503903899,1.8263436346380053
-1.1843834497570995,1.808533870952135,-8.334082839404902,3.6526872692760106,-0.6170677419042574,1.8239218244488826
-1.2008749237772856,1.8085987766573204,-8.334736080714631,3.6478436488977652,-0.617197553314628,1.8230979457968082
-1.226072657961093,1.8085284578504295,-8.335555267361825,3.6461958915936163,-0.6170569157008462,1.8244622526483696
-1.2505170133419332,1.8086738161816511,-8.336024917132004,3.648924505296739,-0.6173476323632896,1.8254800599313483
-1.2759673339937576,1.808077232449346,-8.337605815362016,3.6509601198626966,-0.6161544648986792,1.8241083922155255
-1.2960157851104182,1.8088563974882261,-8.33712650107434,3.648216784431051,-0.6177127949764398,1.826095844823403
-1.3168693995454896,1.8082198589721472,-8.338784962129893,3.652191689646806,-0.6164397179442821,1.8238743626464022
-1.3287197086876148,1.8083008706136545,-8.33936694825706,3.6477487252928045,-0.6166017412272966,1.8262094138785891
-1.3429681446557717,1.8081135458372075,-8.340342887555042,3.6524188277571783,-0.6162270916744026,1.8257410636187434
-1.3550767917073276,1.808399692789082,-8.34065477247346,3.651482127237487,-0.6167993855781515,1.826088792116333
-1.3658173946842975,1.8084013698904642,-8.341333107471186,3.652177584232666,-0.6168027397809159,1.829123642417542
-1.3703103961044034,1.8083741866684737,-8.342091795554337,3.658247284835084,-0.616748373336935,1.8296916532116165
-1.3739778051089386,1.807445529992149,-8.344188337966152,3.659383306423233,-0.6148910599842858,1.8261931072363624
-1.3711864902358206,1.807462629997579,-8.344866650733515,3.652386214472725,-0.6149252599951456,1.8276365715420855
-1.3703228213323646,1.8068061460945422,-8.34651931200858,3.655273143084171,-0.6136122921890721,1.825099951415827
-1.3650477674757129,1.8070478732149136,-8.346862168226481,3.650199902831654,-0.6140957464298151,1.8271269587221624
-1.3606380043786492,1.8064302603919244,-8.348493527424594,3.6542539174443247,-0.612860520783837,1.8255479129154333
-1.352161302778497,1.8067792434100278,-8.348696237087088,3.6510958258308666,-0.6135584868200439,1.8276834111127056
-1.347551561895716,1.8066318529480883,-8.3495810290729,3.655366822225411,-0.613263705896165,1.8299821532672003
-1.3354667811004752,1.8061315206304283,-8.35105841817086,3.6599643065344005,-0.6122630412608451,1.8275773367395853
-1.3275352171025299,1.8062419621141,-8.351617073107786,3.6551546734791707,-0.6124839242281885,1.8281289146026627
-1.322482015197683,1.8058648951918514,-8.35289305737826,3.6562578292053254,-0.6117297903836915,1.82735968317428
-1.311003825328271,1.806367978850416,-8.352871730608209,3.65471936634856,-0.6127359577008205,1.8283611727701399
-1.3036984182791675,1.805789333530102,-8.3544871563431,3.6567223455402798,-0.6115786670601927,1.8268671944866492
-1.290435760071662,1.8051282560723803,-8.356211384780211,3.6537343889732985,-0.610256512144749,1.8235201099369793
-1.2805503305597083,1.8041355856915509,-8.358354516605917,3.6470402198739587,-0.6082711713830902,1.8211317824845343
-1.2702208650341458,1.805112557408009,-8.357604898110713,3.6422635649690687,-0.6102251148160064,1.8236792302610958
-1.2739621487890211,1.804995633679527,-8.35849455360027,3.6473584605221916,-0.6099912673590426,1.8246591916270223
-1.2664963111620535,1.8048306406491081,-8.359457502380963,3.6493183832540446,-0.6096612812982047,1.8245872059093902
-1.2601041709262883,1.8046819943963144,-8.360401507236476,3.6491744118187803,-0.6093639887926171,1.82404629617649
-1.2538543312868384,1.8049814478736228,-8.360656855687282,3.64809259235298,-0.6099628957472338,1.8243068590925466
-1.251286328043994,1.8049813400907961,-8.36134693890038,3.6486137181850933,-0.6099626801815804,1.8262163692692615
-1.2467192136080705,1.8047499944690708,-8.36238617547182,3.652432738538523,-0.6094999889381298,1.826109112211785
-1.2417520934568156,1.8050573283041529,-8.362647720714516,3.65221822442357,-0.610114656608294,1.828001214939091
-1.2350766608737738,1.8041734112502332,-8.364666727788471,3.656002429878182,-0.6083468225004545,1.8270078745595664
-1.2242632341926525,1.8045226794153242,-8.364856102145044,3.6540157491191327,-0.6090453588306363,1.829615350703772
-1.217935484028077,1.8051567136317976,-8.364646777771828,3.659230701407544,-0.6103134272635832,1.8304170892912845
-1.2120897074261174,1.8053879705428213,-8.365027414492083,3.660834178582569,-0.6107759410856303,1.8302049111167578
-1.1991326427517581,1.8060549644956998,-8.364719572616337,3.6604098222335155,-0.612109928991387,1.834938404905354
-1.188305818392874,1.806336554580229,-8.365020623733018,3.669876809810708,-0.6126731091604454,1.836186191158523
-1.1725090086053669,1.806215772669475,-8.36593468474263,3.672372382317046,-0.6124315453389372,1.8353895532608142
-1.152106963437049,1.8061671468472287,-8.366749919503368,3.6707791065216284,-0.6123342936944446,1.8362623300642762
-1.1334740659957818,1.8056954204618831,-8.36818518401077,3.6725246601285524,-0.6113908409237534,1.8378819893370022
-1.112598616216654,1.8048468414102206,-8.370179666223384,3.6757639786740044,-0.609693682820428,1.8347274832087888
-1.096273962517536,1.8042988440989571,-8.371706220473994,3.6694549664175775,-0.6085976881979014,1.8333983487434322
-1.082475562154074,1.804790861830671,-8.371691699889528,3.6667966974868644,-0.609581723661329,1.8347168227737243
-1.0712167650916182,1.804413325869539,-8.372973200219922,3.6694336455474486,-0.608826651739065,1.8323042214032148
-1.0509154755765637,1.8043493494835354,-8.373834643315876,3.6646084428064296,-0.608698698967058,1.8334430293426156
-1.0391227716193558,1.8042335690707192,-8.374724366717091,3.666886058685231,-0.6084671381414257,1.8344179851323548
-1.0275473577174266,1.8041640673661856,-8.375577329059452,3.6688359702647095,-0.6083281347323586,1.8333239898774032
-1.0163824121678475,1.803706660048481,-8.376998140628832,3.6666479797548064,-0.6074133200969491,1.8334259633861516
-1.004450878556752,1.8043813497318124,-8.37671045171963,3.666851926772303,-0.608762699463612,1.8352099521547975
-0.9997800998719022,1.8041590939976815,-8.377719526828097,3.670419904309595,-0.60831818799535,1.8358411911537946
-0.9899294650807979,1.8044871931218445,-8.37792824390583,3.6716823823075893,-0.6089743862436757,1.837671045145194
-0.9820024491491992,1.804531629081805,-8.37854999141705,3.675342090290388,-0.6090632581635965,1.8406868430139787
-0.9739009577586213,1.8030476998697516,-8.381486326632281,3.6813736860279573,-0.6060953997394898,1.8365439548237426
-0.9581054556221105,1.8033721306957378,-8.381726918444919,3.673087909647485,-0.6067442613914624,1.8360447465842236
-0.9561671046677578,1.8035017775300615,-8.38224452281645,3.672089493168447,-0.6070035550601098,1.8376547808862091
-0.9560998569774011,1.80382750907672,-8.38249631480353,3.6753095617724183,-0.6076550181534268,1.8393659168774128
-0.9576696317744835,1.8042321002983637,-8.382632654416858,3.6787318337548256,-0.6084642005967142,1.8394184567778415
-0.9619212833988566,1.8049475014395215,-8.382336809919439,3.678836913555683,-0.6098950028790301,1.8406902798091234
-0.9668500312716359,1.8046226603214273,-8.383536777962197,3.6813805596182467,-0.6092453206428414,1.839927536383461
-0.9653366853136651,1.8045659421694404,-8.384360308666635,3.679855072766922,-0.6091318843388677,1.8405422282213806
-0.9663076656330452,1.8040478666490574,-8.38588559674667,3.681084456442761,-0.6080957332981015,1.8381514438649107
-0.9645017108510121,1.803751914862466,-8.387046260807725,3.6763028877298214,-0.607503829724919,1.8378856354442301
-0.9621039747937177,1.8040327108659588,-8.387373465405993,3.6757712708884602,-0.6080654217319046,1.8374238589164413
-0.9602326202042466,1.8035403560243681,-8.388826294435086,3.6748477178328827,-0.6070807120487232,1.8379457631905278
-0.9579045936954635,1.8037782032437637,-8.389194494934495,3.6758915263810557,-0.6075564064875144,1.838449766331814
-0.958222910467124,1.8030533053816677,-8.391005126510024,3.676899532663628,-0.6061066107633226,1.8370973020108305
-0.9548270427378087,1.8032995275243355,-8.391371789152585,3.674194604021661,-0.6065990550486583,1.8402338760819377
-0.9569910275758868,1.8034299786971304,-8.391900832038484,3.6804677521638753,-0.6068599573942479,1.8395211010276542
-0.9574464564858021,1.8033748309229738,-8.39274767101318,3.6790422020553084,-0.6067496618459348,1.839016691139776
-0.9546348771855451,1.8033504257833595,-8.39353522374908,3.678033382279552,-0.6067008515667062,1.8372821076653103
-0.9559233827350218,1.8041020747857757,-8.393166867983062,3.6745642153306206,-0.6082041495715383,1.8382798923928205
-0.9582803233784691,1.8044717772129837,-8.393330781182417,3.676559784785641,-0.6089435544259542,1.8426017243177502
-0.9574906904636871,1.805038206924909,-8.393222305232374,3.6852034486355003,-0.6100764138498047,1.8445445146210835
-0.9555331145290769,1.8046668278600624,-8.394468859467334,3.689089029242167,-0.6093336557201118,1.8446276014949177
-0.9414238898794451,1.8047011028308166,-8.395189055095285,3.6892552029898353,-0.6094022056616203,1.8436808112855163
-0.9317788242788048,1.804891137402392,-8.395630014282034,3.6873616225710326,-0.6097822748047708,1.8444098614859061
-0.9230994832166708,1.8051139941051766,-8.395983193682078,3.6888197229718123,-0.6102279882103403,1.847445370980022
-0.9153159684397627,1.804200247875509,-8.398044580274108,3.694890741960044,-0.6084004957510051,1.8461330219114045
-0.9057365041335688,1.804529142408901,-8.398262513251364,3.692266043822809,-0.6090582848177889,1.8492585439860056
-0.9075560727799603,1.8048262924991496,-8.39857063653629,3.6985170879720113,-0.609652584998286,1.853269971496744
-0.9061021979692798,1.8045143726147013,-8.39976111842205,3.706539942993488,-0.6090287452293894,1.8519890113186706
-0.9014906536086214,1.8048506949091734,-8.40002562538755,3.703978022637341,-0.6097013898183336,1.8537558898391642
-0.897624560458425,1.8052420393851214,-8.400195122760206,3.7075117796783283,-0.6104840787702295,1.855264255850139
-0.89086718211456,1.8059601886022911,-8.399872727637293,3.710528511700278,-0.611920377204569,1.8567120360827971
-0.8845159954370896,1.8065650568151845,-8.399745557402456,3.7134240721655942,-0.6131301136303556,1.8579995348158016
-0.871807110136654,1.8061672602236991,-8.401112738364562,3.715999069631603,-0.6123345204473847,1.856332016324985
-0.8548262701494549,1.8069980513459003,-8.40060727430915,3.71266403264997,-0.6139961026917871,1.8592133656684975
-0.8396336764656747,1.8077674100533387,-8.400249817858434,3.718426731336995,-0.6155348201066642,1.8582947333142716
-0.8213011758176316,1.8076518048157046,-8.401156666282398,3.7165894666285433,-0.6153036096313961,1.858150038914065
-0.7976864750819592,1.8082806103708637,-8.40096229491978,3.71630007782813,-0.6165612207417145,1.8596577486788675
-0.7765644392911364,1.8087964490291242,-8.400944739091587,3.719315497357735,-0.6175928980582355,1.8616903863622531
-0.7521263430490848,1.8079023079175223,-8.403072039495466,3.7233807727245063,-0.6158046158350317,1.8565911191141873
-0.725884187796634,1.8082736901633552,-8.403255401265827,3.7131822382283746,-0.6165473803266975,1.8568549067530298
-0.7094981263856406,1.8087625518978092,-8.403300701109115,3.7137098135060596,-0.6175251037956058,1.857734935258151
-0.694971115502268,1.8092696897746612,-8.40328023266602,3.715469870516302,-0.6185393795493097,1.8610184532717324
-0.6767861080902939,1.80949044597187,-8.403680284251493,3.722036906543465,-0.6189808919437272,1.8604803919832873
-0.6560390933672515,1.80867191155375,-8.405659529298598,3.7209607839665746,-0.6173438231074871,1.857600537405577
-0.6331369169958494,1.8087370393177713,-8.406329102741354,3.715201074811154,-0.6174740786355297,1.8586137311917248
-0.6180664955079136,1.808773451830602,-8.407043943262414,3.7172274623834496,-0.6175469036611911,1.8570766729336865
-0.5989839534376076,1.808668229276255,-8.407919114604299,3.714153345867373,-0.617336458552497,1.857841559160326
-0.5817729490710883,1.8092992332440918,-8.407767593316853,3.715683118320652,-0.6185984664881704,1.8582771789570673
-0.5690723051540232,1.8100091836275216,-8.407410696437584,3.7165543579141347,-0.6200183672550301,1.8600751159788564
-0.5526353471806944,1.810514483067699,-8.40739262432903,3.720150231957713,-0.6210289661353847,1.860837733915162
-0.5344381206089475,1.8107377972687895,-8.40779308717165,3.721675467830324,-0.6214755945375661,1.8604608022228848
-0.5157459602998324,1.811197677469836,-8.40786965371189,3.7209216044457696,-0.6223953549396589,1.8613420820258746
-0.5010561742910715,1.8116765992652897,-8.407862685032644,3.722684164051749,-0.6233531985305666,1.8633610122402817
-0.4880938226398106,1.8118234330038077,-8.408420397447417,3.7267220244805634,-0.6236468660076027,1.8616928027776507
-0.47074788683685487,1.8116940994063044,-8.409332706078525,3.7233856055553014,-0.623388198812596,1.8613560140008143
-0.4572347231398739,1.8126035440642072,-8.408738581495301,3.7227120280016286,-0.6252070881284018,1.8650535363006444
-0.45174565485063223,1.8124399023057507,-8.40974561685633,3.730107072601289,-0.624879804611489,1.8634555881188228
-0.4390761500429212,1.8129237285628492,-8.40976799630416,3.7269111762376457,-0.6258474571256862,1.8655491788836023
-0.43286259772449487,1.8140147885408704,-8.408899516842007,3.7310983577672046,-0.6280295770817287,1.8696028561112092
-0.42909096117155965,1.8149375810861579,-8.408265521553885,3.7392057122224185,-0.6298751621723035,1.8736113374392438
-0.41568210158337404,1.8156591997243963,-8.407922055549818,3.7472226748784876,-0.6313183994487802,1.8761754436396305
-0.39948630395175044,1.8153197254668085,-8.409198331885605,3.752350887279261,-0.630639450933605,1.8737074323563265
-0.38004425450762636,1.8153332439398486,-8.409962931769556,3.747414864712653,-0.630666487879685,1.8726025435826805
-0.3663513055221497,1.8156830349601962,-8.41017297414462,3.745205087165361,-0.6313660699203801,1.8727436371637585
-0.35526192330340756,1.8156760860990184,-8.410901137330379,3.745487274327517,-0.6313521721980244,1.8732057917814813
-0.3384209267133764,1.8152892516365278,-8.412228339788998,3.7464115835629626,-0.6305785032730432,1.8700691375904879
-0.3215940577380998,1.8153031847268244,-8.412933099969482,3.7401382751809757,-0.6306063694536367,1.8690798355142988
-0.3084491332543555,1.815927808295251,-8.41270609146774,3.7381596710285976,-0.6318556165904898,1.8704255098557174
-0.296905034983463,1.8145821932734245,-8.415481854492246,3.740851019711435,-0.6291643865468366,1.8671942352188213
-0.28103546291937853,1.8156121834686623,-8.414701607368432,3.7343884704376427,-0.6312243669373122,1.8680452863783756
-0.28138272082369653,1.8156789652892016,-8.415367954675213,3.7360905727567513,-0.631357930578391,1.8667938281857952
-0.2770675462592873,1.8160688529993978,-8.415544704199124,3.7335876563715904,-0.6321377059987834,1.8682970209213055
-0.2749121617793131,1.8164010695952137,-8.415793923464939,3.736594041842611,-0.6328021391904152,1.8674747975765527
-0.273522478673458,1.817276670933024,-8.415249710895973,3.7349495951531053,-0.6345533418660356,1.8686113558247732
-0.2747314285938778,1.8179823125808685,-8.414983255762863,3.7372227116495464,-0.6359646251617248,1.8682746662393375
-0.27214506157625795,1.8184462539191595,-8.41502507062785,3.736549332478675,-0.6368925078383066,1.8696080452829045
-0.26520503865697975,1.8185535746698944,-8.415586512870826,3.739216090565809,-0.6371071493397765,1.8695528004860489
-0.26018129896458486,1.818064598160724,-8.41708189370053,3.7391056009720978,-0.6361291963214358,1.8674983469589743
-0.252718947317919,1.8191058933501776,-8.41625948929064,3.7349966939179486,-0.6382117867003431,1.8685996113988868
-0.2542193864368594,1.8189031963644493,-8.417299798200586,3.7371992227977735,-0.6378063927288866,1.8668894984036242
-0.25327819766352366,1.8193521735274747,-8.41732534777906,3.7337789968072483,-0.6387043470549376,1.868655191027944
-0.26014850482000806,1.8196643782116124,-8.417635500951166,3.737310382055888,-0.6393287564232132,1.8680184733661973
-0.26838659063560044,1.8201005757506954,-8.417749602216235,3.7360369467323946,-0.640201151501379,1.8687154787334201
-0.2740722195759089,1.8209165526191848,-8.417282169732204,3.7374309574668403,-0.641833105238358,1.868875593616242
-0.2788159459860875,1.8203674622789867,-8.418839861715648,3.737751187232484,-0.6407349245579619,1.8659288662735496
-0.27786259064737795,1.821006007020064,-8.418654831388134,3.731857732547099,-0.6420120140401165,1.8673278631729486
-0.2825170525487568,1.8214616585830359,-8.418712307511324,3.7346557263458973,-0.6429233171660602,1.8665894138422794
-0.28174283548895573,1.8217725690011017,-8.418971019274645,3.7331788276845588,-0.6435451380021919,1.8676070871711026
-0.2784326600236806,1.821981689746887,-8.419414100441616,3.735214174342205,-0.6439633794937627,1.8660420464161251
-0.27646838500133164,1.8222285487146228,-8.419801567704509,3.7320840928322503,-0.6444570974292342,1.8651310976267592
-0.26751414679431296,1.8220538658666476,-8.42080829808377,3.7302621952535184,-0.6441077317332841,1.8636487806959867
-0.26164958437802177,1.8223117097159791,-8.42118958084699,3.7272975613919734,-0.644623419431947,1.8619754068377923
-0.25797578692395184,1.8234590865291647,-8.420188731947405,3.7239508136755846,-0.6469181730583182,1.8640653336709003
-0.2572143193349401,1.8238824230910797,-8.420273864618993,3.7281306673418007,-0.6477648461821481,1.8651995410209163
-0.2501631973178844,1.8236912620911985,-8.421258254839664,3.7303990820418327,-0.6473825241823857,1.8638280074360813
-0.24398278540975937,1.8244469113609787,-8.420887782972809,3.7276560148721627,-0.6488938227219462,1.8637857106032285
-0.24462055056374776,1.824565320366301,-8.421457955143172,3.727571421206457,-0.6491306407325911,1.8618344567776104
-0.2421285435315843,1.823772128723721,-8.423388566421114,3.723668913555221,-0.6475442574474309,1.8585114782771173
-0.23729205023154787,1.8241353903613002,-8.423548789599488,3.7170229565542345,-0.6482707807225895,1.8593986103536544
-0.23672596944513113,1.8241826840060769,-8.42421008500495,3.718797220707309,-0.6483653680121428,1.860561700818879
-0.23897198999691138,1.8240576592504765,-8.425108430174314,3.721123401637758,-0.6481153185009423,1.8593704679272318
-0.23958697964310982,1.8244368857070823,-8.425263536372661,3.7187409358544636,-0.648873771414154,1.859377587524066
-0.24427844196440684,1.8246240052075355,-8.425708459232867,3.718755175048132,-0.6492480104150605,1.8590610225028419
-0.24813464084500758,1.8245022191145248,-8.426627169110825,3.7181220450056838,-0.6490044382290392,1.8573400209508983
-0.25247313352362877,1.8252368011436086,-8.426279187032238,3.7146800419017967,-0.6504736022872069,1.8574264255690214
-0.2637482070395416,1.8248254003190603,-8.427585221693693,3.7148528511380428,-0.6496508006381102,1.8569852461829517
-0.2658806402754763,1.8249937470236641,-8.428032744797699,3.7139704923659034,-0.6499874940473181,1.8573541775094946
-0.2746376940969455,1.8249469583347167,-8.428783417215108,3.714708355018989,-0.649893916669423,1.8562356268595592
-0.28433366028238805,1.8248709769085274,-8.429659943771808,3.7124712537191185,-0.6497419538170447,1.8539156067699316
-0.29563018408354846,1.8254619345919068,-8.429533537785483,3.7078312135398632,-0.6509238691838034,1.8531849198946027
-0.3099510730495929,1.825979312992703,-8.429487826325678,3.7063698397892053,-0.6519586259853959,1.85431845263554
-0.3222469498307916,1.8257322186940192,-8.430585685751641,3.70863690527108,-0.6514644373880283,1.8529491503150508
-0.3290158236287146,1.825521242628092,-8.431631209784122,3.7058983006301016,-0.6510424852561739,1.8507870522777996
-0.3381544831410084,1.825570707194375,-8.432289347113558,3.701574104555599,-0.6511414143887397,1.849879932711996
-0.3548993479849818,1.8251732811501808,-8.433601864789415,3.699759865423992,-0.6503465623003514,1.8484450478379166
-0.37222569906031744,1.8253085080130813,-8.434116497576813,3.6968900956758333,-0.6506170160261524,1.8480638825103495
-0.39158891447111266,1.8237181048988258,-8.437222233448752,3.696127765020699,-0.6474362097976416,1.8409367171516104
-0.40957626330870855,1.824191715542824,-8.43723268031357,3.681873434303221,-0.6483834310856382,1.84087067989089
-0.44010244125167475,1.8239380832707215,-8.438312471429587,3.68174135978178,-0.6478761665414334,1.8391124723587156
-0.46230546431062347,1.8234493381502626,-8.43973887872139,3.678224944717431,-0.6468986763005156,1.836659041773508
-0.4865191298714704,1.82362462720587,-8.440161960057633,3.673318083547016,-0.6472492544117305,1.8373797682135864
-0.5144497068924769,1.8240049215259249,-8.440304667582156,3.674759536427173,-0.6480098430518401,1.8374008150833536
-0.5407846227289959,1.8235364503748515,-8.441719949729723,3.6748016301667072,-0.6470729007496934,1.8350568509243326
-0.5643364177362411,1.8233266458010917,-8.442743811701831,3.670113701848665,-0.646653291602174,1.8352957011353084
-0.5910369906454536,1.8244739211510899,-8.441764750403788,3.6705914022706168,-0.6489478423021704,1.837851605005571
-0.6207759378967665,1.8243484560077452,-8.442600044816077,3.675703210011142,-0.6486969120154812,1.837415835194371
-0.6442338540221648,1.8239296049697142,-8.443908713217702,3.674831670388742,-0.6478592099394194,1.837818529435554
-0.6646760423863709,1.8237611934950417,-8.444835515301722,3.675637058871108,-0.6475223869900744,1.8363659499555438
-0.6877277500229795,1.8238019071367126,-8.445465138687364,3.6727318999110876,-0.6476038142734164,1.8371451360776823
-0.7109455536293696,1.8241925313195175,-8.445588999080385,3.6742902721553645,-0.6483850626390261,1.837902423702202
-0.7334559553300215,1.824929115969237,-8.4452078402521,3.675804847404404,-0.6498582319384649,1.839733248361004
-0.7569010141569326,1.825164304521128,-8.445550006752033,3.679466496722008,-0.6503286090422473,1.841938846145193
-0.7768881738506126,1.8263545373471104,-8.444438017075486,3.683877692290386,-0.6527090746942117,1.8441041734769863
-0.7957859401043139,1.8256384112521389,-8.446205067668094,3.6882083469539726,-0.6512768225042688,1.8412017056913472
-0.8011361914804525,1.8248550007256716,-8.448110844950692,3.6824034113826944,-0.6497100014513344,1.8376722930812435
-0.8088518819145492,1.8244651420961195,-8.449397175518877,3.675344586162487,-0.6489302841922303,1.8367169900360827
-0.8182848800980445,1.8233969685454334,-8.451710247974576,3.6734339800721654,-0.6467939370908581,1.8336354320014416
-0.8275497275298518,1.8225523483385089,-8.453661159081044,3.6672708640028833,-0.6451046966770089,1.8322340260476802
-0.8340677686252462,1.823039973867715,-8.453587355966834,3.6644680520953603,-0.6460799477354211,1.8344069341863298
-0.8494638506684558,1.8232713862966843,-8.453963838970994,3.6688138683726597,-0.6465427725933598,1.8355633548349684
-0.8593701691244711,1.8228514867384262,-8.455312751246272,3.6711267096699367,-0.6457029734768435,1.8333060009886644
-0.8631056173079381,1.8225380552927266,-8.456489170744282,3.6666120019773287,-0.6450761105854445,1.8313390119397484
-0.8691836870886824,1.8222982853271246,-8.45752576007539,3.6626780238794967,-0.6445965706542404,1.8305800898789142
-0.8781738609939138,1.821606713021373,-8.459286835249168,3.6611601797578284,-0.643213426042737,1.8275452777045293
-0.8840792688361132,1.8219980880141606,-8.459399621514082,3.6550905554090587,-0.6439961760283126,1.8279945790450935
-0.8942693450166903,1.8220459632768786,-8.460035547984377,3.655989158090187,-0.6440919265537485,1.8275878367674796
-0.9072363536544445,1.8216279802201303,-8.461328426999923,3.655175673534959,-0.6432559604402519,1.8270154304828068
-0.9175539177101202,1.822267195751649,-8.461089639583891,3.6540308609656136,-0.6445343915032895,1.830780039820779
-0.9298270984218329,1.8215731566950815,-8.462808966334977,3.661560079641558,-0.6431463133901545,1.8312406571645286
-0.9339411890360241,1.8217515171245455,-8.463208411669932,3.662481314329057,-0.6435030342490824,1.8316157584885575
-0.9432637726606448,1.8221793633874512,-8.463269217363692,3.663231516977115,-0.6443587267748939,1.8330393030237904
-0.9537830174335689,1.8215650635870444,-8.464935932940751,3.6660786060475807,-0.6431301271740804,1.8294210379726499
-0.962893817594356,1.82161492402547,-8.46558131444217,3.6588420759452998,-0.6432298480509314,1.8291051594003718
-0.977482770422383,1.8221277387708281,-8.46552455259512,3.6582103188007435,-0.6442554775416478,1.8313402972152784
-0.9992643708284312,1.8219140343875189,-8.466573758824545,3.6626805944305567,-0.6438280687750293,1.832982578974409
-1.0125831560347454,1.8219510342974252,-8.467301872031591,3.665965157948818,-0.643902068594842,1.8307162411862041
-1.0232729113105314,1.8219547237021825,-8.467986685401462,3.6614324823724083,-0.6439094474043565,1.8326967256797935
-1.0313628668030885,1.82175344021929,-8.468979501854847,3.665393451359587,-0.643506880438572,1.832327892745394
-1.033298244474774,1.8208025586687262,-8.471075807263288,3.664655785490788,-0.641605117337444,1.8302829445181683
-1.0297987294709046,1.8212420778997196,-8.471148648313093,3.6605658890363366,-0.6424841557994309,1.8318744800398523
-1.0364318926934244,1.821076319854015,-8.472134127057739,3.6637489600797046,-0.6421526397080214,1.8310264180415243
-1.0400109837234792,1.8219436339720803,-8.4715244866219,3.6620528360830487,-0.6438872679441522,1.8328450520530613
-1.044544586205328,1.8220312885329513,-8.472104102843902,3.6656901041061225,-0.6440625770658943,1.8323019867736918
-1.040368032168173,1.8219075093066772,-8.473038267186702,3.6646039735473837,-0.6438150186133462,1.8316857268412845
-1.0335432197611008,1.8215360256998676,-8.474303799640634,3.663371453682569,-0.6430720513997269,1.8301744114269074
-1.0229830932840542,1.8209587285543036,-8.475870585738244,3.660348822853815,-0.6419174571085992,1.8278093598841065
-1.0154843339901038,1.820922136640922,-8.476625767117289,3.655618719768213,-0.6418442732818361,1.827653586392123
-1.0121330968730566,1.8206346120655061,-8.47775302202791,3.655307172784246,-0.6412692241310042,1.8265842600375095
-1.006009155896427,1.820494237731226,-8.478682098637641,3.653168520075019,-0.6409884754624441,1.8256168596774238
-1.0048900078885374,1.8209139891773323,-8.478740501558766,3.6512337193548476,-0.6418279783546567,1.8274799958758914
-1.0023347651883157,1.8212429289409824,-8.478935590013633,3.6549599917517828,-0.6424858578819569,1.831160376350194
-0.9980978559256366,1.8219656592286282,-8.478545048596084,3.662320752700388,-0.6439313184572486,1.8324458235183623
-0.9952399895885584,1.822364554008699,-8.47863818045365,3.6648916470367245,-0.6447291080173901,1.8359133047325933
-0.9845551223912912,1.8224530680845594,-8.479192613349841,3.6718266094651866,-0.644906136169111,1.8368717006330648
-0.9711890950900495,1.8228473002535908,-8.479323707153252,3.6737434012661296,-0.6456946005071734,1.8365651590129988
-0.9608130496874452,1.8222896725562678,-8.480858162724314,3.6731303180259975,-0.6445793451125277,1.8345891677003383
-0.9450188977733784,1.822325034488994,-8.481502438907421,3.6691783354006766,-0.6446500689779802,1.8345878380868685
-0.9337750530844042,1.8218634647733105,-8.482888135680474,3.669175676173737,-0.643726929546613,1.8331817034677347
-0.9213310964479167,1.8219584592644027,-8.483449376864828,3.6663634069354694,-0.6439169185287973,1.8354887274183966
-0.9117807274697798,1.821937658368696,-8.484200508295185,3.6709774548367933,-0.6438753167373836,1.835636293970567
-0.8971517318845814,1.8222949650516629,-8.484380556818595,3.671272587941134,-0.6445899301033174,1.837809979057299
-0.8861764121575568,1.8217665188514822,-8.485875815630514,3.675619958114598,-0.6435330377029559,1.8363417636811763
-0.8706507782368549,1.8218358858838333,-8.486471137006511,3.6726835273623526,-0.643671771767658,1.8367253559193781
-0.864291765447585,1.8218999707783898,-8.487099499672064,3.6734507118387563,-0.6437999415567712,1.835202951448153
-0.8584183165605239,1.8222092493463984,-8.487339705259085,3.670405902896306,-0.6444184986927884,1.836737044588522
-0.8526649411777267,1.8225153615016547,-8.487592487713709,3.673474089177044,-0.6450307230033012,1.8382487675026555
-0.8438859114340014,1.8214865411587844,-8.48984434515608,3.676497535005311,-0.6429730823175605,1.8349882143358096
-0.8277891620457973,1.8217921655543492,-8.490131579393871,3.669976428671619,-0.6435843311086902,1.8367931081526385
-0.820118988543661,1.821529591506458,-8.491187811346201,3.673586216305277,-0.6430591830129079,1.8371930286224563
-0.8085593025330216,1.8207579118314783,-8.49306008666333,3.6743860572449125,-0.6415158236629485,1.834707221359074
-0.7967339308648826,1.8212363783304817,-8.49305430954109,3.669414442718148,-0.6424727566609554,1.8360180156978723
-0.7944199726030394,1.8208670464564145,-8.494358974536476,3.6720360313957445,-0.6417340929128212,1.8334834866103724
-0.7896584204246659,1.8202480071479739,-8.495957183644023,3.666966973220745,-0.64049601429594,1.8299889844691044
-0.7905240414063464,1.819959620139735,-8.497051810920729,3.659977968938209,-0.6399192402794625,1.8290549786112393
-0.797816220384524,1.8200843557369626,-8.49760306130115,3.6581099572224787,-0.6401687114739177,1.827921039245074
-0.808434655382114,1.818515351024293,-8.500696515029661,3.655842078490148,-0.6370307020485787,1.82207499859761
-0.8166775271090367,1.8184932487643213,-8.501467164959248,3.64414999719522,-0.6369864975286353,1.8219141580462517
-0.8337062208936059,1.8168857467337016,-8.50462627737737,3.6438283160925033,-0.6337714934673959,1.8133121781256236
-0.8474078714776478,1.817069659545534,-8.505046131052044,3.6266243562512472,-0.6341393190910607,1.8132838108908187
-0.8710781057167409,1.817465785074661,-8.50510772997897,3.6265676217816374,-0.6349315701493147,1.8151798936805426
-0.895102311909084,1.8180351185238004,-8.50494130824576,3.630359787361085,-0.6360702370475936,1.8173357424484982
-0.9175066751468277,1.8184589249657914,-8.504979589813054,3.6346714848969963,-0.6369178499315756,1.8189800574134793
-0.9384659844176388,1.8182026965476126,-8.506048149462611,3.6379601148269587,-0.6364053930952182,1.819764124364976
-0.9528436773341022,1.8176919085632404,-8.507511606300382,3.639528248729952,-0.6353838171264735,1.8193723404767401
-0.968077798562252,1.8180424065028622,-8.5076577138598,3.6387446809534802,-0.6360848130057172,1.821503458465135
-0.9881666620818583,1.8181513739345496,-8.508191101529128,3.64300691693027,-0.636302747869092,1.8229670156702353
-1.0071914028553524,1.8177388269728652,-8.509525161889156,3.6459340313404707,-0.6354776539457231,1.8211873213575482
-1.0256551511824883,1.8185985264138191,-8.508941299822965,3.6423746427150965,-0.6371970528276313,1.825234844320682
-1.0440536234622675,1.8181079168930634,-8.510411016836144,3.650469688641364,-0.6362158337861198,1.8227158950799704
-1.0555087326721857,1.818259600033011,-8.510902514197141,3.645431790159941,-0.6365192000660149,1.8235050869360978
-1.0691798696789458,1.8171631083816484,-8.513244328790407,3.6470101738721956,-0.63432621676329,1.820779493767964
-1.074599343344092,1.8167911301717985,-8.51450619340027,3.641558987535928,-0.6335822603435904,1.8194327653225266
-1.0890021928744194,1.8164571350370715,-8.515682417849764,3.6388655306450532,-0.6329142700741363,1.819756050665417
-1.1028884342139342,1.816913587258647,-8.515719247795275,3.639512101330834,-0.6338271745172873,1.82223292870382
-1.1166180759033164,1.8159073730916309,-8.517975725359312,3.64446585740764,-0.6318147461832552,1.8185016932267422
-1.1220451421043762,1.8154717913498133,-8.519303677121517,3.6370033864534843,-0.6309435826996203,1.8177120759192418
-1.1337486254390319,1.816175352484222,-8.518980474436868,3.6354241518384836,-0.6323507049684377,1.8205868231835667
-1.1422949058815206,1.8156565619514395,-8.520423508482816,3.6411736463671334,-0.631313123902873,1.8209612759560112
-1.1431738413291086,1.8165182180881894,-8.51987096382024,3.6419225519120224,-0.6330364361763725,1.821962043421356
-1.1417173518442443,1.8158769330167939,-8.52153644363818,3.643924086842712,-0.6317538660335814,1.8193265440919457
-1.1320723731717557,1.8152415283447452,-8.523179858825998,3.6386530881838914,-0.6304830566894842,1.8176471970806671
-1.127094472783682,1.8146498408171847,-8.524758788571024,3.6352943941613343,-0.6292996816343633,1.8194586622080016
-1.1278794393521236,1.8145223653559774,-8.5256157074062,3.638917324416003,-0.6290447307119487,1.8202473819798815
-1.1345657439690378,1.8152664092264406,-8.525192735697628,3.640494763959763,-0.6305328184528748,1.821839507554467
-1.14233605113602,1.8147131540548056,-8.526754441836868,3.643679015108934,-0.629426308109605,1.8208049968957298
-1.139819736097433,1.8138855510736576,-8.528697185485544,3.6416099937914597,-0.6277711021473088,1.8206308194507106
-1.140865333031809,1.813199493519104,-8.530467003758655,3.641261638901421,-0.6263989870382018,1.8173058801703996
-1.146516528456245,1.8129246314344107,-8.531586825662863,3.6346117603407992,-0.6258492628688153,1.8170680476848058
-1.154263187955178,1.8125060728767375,-8.532922220425592,3.6341360953696116,-0.6250121457534686,1.8156466602955028
-1.1675428436490058,1.8127018364052723,-8.533346718502886,3.6312933205910056,-0.6254036728105384,1.820719205983606
-1.1817847750259638,1.8129641049430532,-8.533717637497148,3.641438411967212,-0.6259282098861001,1.821768779517452
-1.1957082418279228,1.8129991706179573,-8.534416381169335,3.643537559034904,-0.6259983412359085,1.8203712340798015
-1.2021642901065936,1.813046024807137,-8.535108295823825,3.640742468159603,-0.6260920496142677,1.8217444833932401
-1.206328553006844,1.8126402369160501,-8.536427867354334,3.6434889667864803,-0.6252804738320942,1.8246378913835086
-1.2072426706553916,1.812047186283005,-8.53807505459935,3.6492757827670173,-0.6240943725660038,1.8214047114397014
-1.2119241909787757,1.8118831577527204,-8.539026151439511,3.642809422879403,-0.6237663155054346,1.8192778131368543
-1.2156079984195909,1.8117438467651996,-8.539908006741019,3.6385556262737087,-0.6234876935303932,1.8211789917081829
-1.2178566644343904,1.8127345167958757,-8.539165484305656,3.6423579834163657,-0.6254690335917454,1.8263393934362584
-1.22726150621859,1.8120149221588793,-8.540944914842287,3.652678786872517,-0.6240298443177523,1.8230143376186823
-1.224175220190653,1.8115842181118762,-8.542298830584855,3.6460286752373645,-0.6231684362237461,1.8224479644052176
-1.2299707092874073,1.811547937527445,-8.543055415848762,3.6448959288104352,-0.6230958750548838,1.8231245207983808
-1.2355823010187006,1.8118638939164984,-8.543324299105553,3.6462490415967617,-0.6237277878329908,1.8257881596891468
-1.2388643161233137,1.8121926368242596,-8.543528760534443,3.6515763193782935,-0.6243852736485134,1.8285441558620725
-1.2373741681703248,1.8130351516085015,-8.54301547515383,3.657088311724145,-0.6260703032169973,1.829415739026283
-1.2344880479546152,1.812153284382895,-8.545050651916027,3.658831478052566,-0.6243065687657842,1.8260975502520682
-1.226555621199787,1.8120138695678223,-8.546021586065548,3.6521951005041364,-0.6240277391356391,1.826880054250377
-1.2217972806934734,1.8113613483397049,-8.547665820844523,3.653760108500754,-0.6227226966794044,1.826450960940041
-1.2123151302912918,1.8116427483920763,-8.547946039711944,3.652901921880082,-0.6232854967841474,1.829334091244876
-1.2048016531897803,1.8114120060369987,-8.548981419076494,3.658668182489752,-0.6228240120739923,1.8320856212594467
-1.193018682326553,1.8118931218431487,-8.548957374123308,3.6641712425188935,-0.6237862436862923,1.834351387028785
-1.1819893633087073,1.8120832556617288,-8.54942659816458,3.66870277405757,-0.6241665113234526,1.8344617764466544
-1.1686176313207817,1.812221936556235,-8.549912343235762,3.668923552893309,-0.6244438731124653,1.8369936018138302
-1.1556033252577667,1.8127633315566436,-8.54984849064467,3.6739872036276604,-0.6255266631132822,1.8385894048786409
-1.143106159216507,1.811833726213139,-8.551981391663459,3.6771788097572817,-0.623667452426273,1.834163668273181
-1.1244466236720037,1.811362754467958,-8.553425860370286,3.668327336546362,-0.6227255089359109,1.8323899052915302
-1.1096104300145138,1.811094458990042,-8.554496392699916,3.6647798105830605,-0.6221889179800788,1.8318243096702824
-1.0949941815535436,1.8114844266590564,-8.554650631192176,3.663648619340565,-0.6229688533181077,1.8321818809072237
-1.0827537853291185,1.811808334294536,-8.5548674117224,3.6643637618144473,-0.6236166685890668,1.8355780193692626
-1.067951297861324,1.8119639193073969,-8.555415066685923,3.671156038738525,-0.6239278386147885,1.8350820391774956
-1.0567791944538376,1.8112586983699537,-8.557212222244717,3.670164078354991,-0.6225173967399021,1.8336386508335676
-1.0395816309037835,1.810332302167212,-8.55928340736259,3.667277301667135,-0.6206646043344186,1.8303599918720055
-1.023631242985764,1.809673601839082,-8.561073286020891,3.660719983744011,-0.6193472036781588,1.8255694793844277
-1.0130069211910566,1.8102329877176448,-8.560957857117232,3.6511389587688554,-0.6204659754352846,1.829464869369619
-1.0109231625637927,1.8101109162483213,-8.561854112173576,3.658929738739238,-0.6202218324966378,1.8291831000977157
-1.006464142047708,1.8098607866458163,-8.562932598966697,3.6583662001954314,-0.6197215732916277,1.8270083346269685
-1.0074616375453722,1.8097307885781098,-8.563841625105306,3.654016669253937,-0.6194615771562144,1.8263952214504167
-1.006313954962275,1.8101572974257272,-8.563938460224339,3.6527904429008333,-0.6203145948514491,1.8282093993355677
-1.0070414748269814,1.8104839841559102,-8.564141747904838,3.6564187986711354,-0.6209679683118153,1.8326424626568665
-1.0026629358261854,1.8106229328909547,-8.564605012151095,3.665284925313733,-0.6212458657819042,1.8348173166074218
-0.9981099475709492,1.8102097492954985,-8.565955653731857,3.6696346332148435,-0.6204194985909919,1.8322459405056537
-0.9907480518652951,1.8104756018687356,-8.566301371638199,3.6644918810113074,-0.6209512037374659,1.8334134559910717
-0.9901468649584082,1.8099512390088517,-8.56781186900371,3.6668269119821435,-0.619902478017698,1.8326191275269583
-0.9876713653771425,1.8104128575099232,-8.567883051589703,3.6652382550539166,-0.6208257150198409,1.834195391122991
-0.9913705961106851,1.8111924431143083,-8.567477549405295,3.668390782245982,-0.6223848862286109,1.8375493388488395
-0.9967316873418444,1.81130351169657,-8.568086750334812,3.675098677697679,-0.622607023393134,1.8373305291125301
-0.9921045891246951,1.8107858588589896,-8.569635930726074,3.6746610582250603,-0.6215717177179736,1.8334577744609557
-0.9833279465358302,1.8101954713819064,-8.5712096376511,3.6669155489219114,-0.6203909427638075,1.8352276592113854
-0.9759581942108495,1.8092495396770645,-8.573372405578327,3.670455318422771,-0.6184990793541237,1.833057725626586
-0.972863961981326,1.8087782845340752,-8.57481265396549,3.666115451253172,-0.6175565690681453,1.832258990433776
-0.9774847526219714,1.8086485747330519,-8.575711597655092,3.664517980867552,-0.6172971494660987,1.8317387973789465
-0.9863803149824406,1.808373356799482,-8.576856929790196,3.663477594757893,-0.6167467135989592,1.8311417038562536
-0.9923202520540046,1.8090365785997111,-8.57658136083631,3.6622834077125073,-0.6180731571994172,1.8330670468845962
-0.9976831687804983,1.8089608239671229,-8.57738076367489,3.6661340937691924,-0.6179216479342409,1.8342885773248607
-0.9945590296604445,1.8080306719329267,-8.579535768296116,3.6685771546497215,-0.6160613438658483,1.8305754386846447
-0.9926355981415691,1.808627079285358,-8.57939373540484,3.6611508773692893,-0.6172541585707113,1.831759058237947
-0.9984615607049925,1.8083349274247518,-8.580522163705202,3.663518116475894,-0.6166698548494989,1.8314711629052831
-0.99776030922194,1.807467946532848,-8.582536440749521,3.6629423258105662,-0.6149358930656912,1.8298768259652642
-0.9964450293668161,1.8072735791084806,-8.583571563312628,3.6597536519305285,-0.6145471582169564,1.8289586194234193
-1.0032644880049313,1.807557961447825,-8.583874095688381,3.6579172388468386,-0.6151159228956452,1.8310506109975448
-1.0140449352778909,1.8078551015449487,-8.5840937833557,3.6621012219950897,-0.6157102030898923,1.8338314674609626
-1.0241944389790003,1.8082661033693224,-8.584214574083838,3.667662934921925,-0.6165322067386395,1.8364904518404368
-1.0309433328724005,1.8074581054513075,-8.586093148790562,3.6729809036808736,-0.6149162109026096,1.8371652451768867
-1.0338910180194407,1.8077136309850539,-8.586469392739021,3.6743304903537735,-0.6154272619701023,1.8392796134743763
-1.0406686966798189,1.8070346967737982,-8.588205531031585,3.6785592269487526,-0.6140693935475913,1.8397636458479885
-1.0461898467024309,1.8074123916669207,-8.588370906032154,3.679527291695977,-0.6148247833338364,1.8408410393148344
-1.061819106541849,1.8076992328211483,-8.588673797990719,3.681682078629669,-0.6153984656422915,1.8456756706326103
-1.0757530105918578,1.8072028895071426,-8.59014731219801,3.6913513412652206,-0.61440577901428,1.843831858843153
-1.0835492402677334,1.8067840407156066,-8.591573468408166,3.687663717686306,-0.613568081431208,1.8411891647146112
-1.0908436432704258,1.8067293862253293,-8.592401926943115,3.6823783294292225,-0.6134587724506533,1.8411012599361207
-1.0963871558185492,1.8066321895321915,-8.593294059536472,3.6822025198722415,-0.6132643790643778,1.8399211421368142
-1.0995059460856718,1.806014846636282,-8.59493587297753,3.6798422842736285,-0.6120296932725585,1.838127455780735
-1.1009357949815,1.8052358223367635,-8.596822931480732,3.67625491156147,-0.6104716446735217,1.8343287234973662
-1.103375660770923,1.805595576619862,-8.59703916774867,3.6686574469947324,-0.6111911532397185,1.8363762888547173
-1.1157848969198803,1.805630294287746,-8.597761375268217,3.6727525777094345,-0.6112605885754865,1.8355354090214313
-1.124877167491225,1.806527527062723,-8.5971565817674,3.6710708180428626,-0.6130550541254404,1.8367395595706657
-1.1312024151612095,1.8053951262794392,-8.59960355769992,3.6734791191413314,-0.6107902525588728,1.8324024953603217
-1.130443540180158,1.8042056564245463,-8.602108956294401,3.6648049907206435,-0.6084113128490871,1.8278303711344535
-1.1332414404873283,1.8044150162088626,-8.60250256676736,3.655660742268907,-0.6088300324177197,1.8328960768160447
-1.1407245463361324,1.803788848284994,-8.604174481904362,3.6657921536320894,-0.6075776965699824,1.830370719340338
-1.1437165679940247,1.8041174830216926,-8.604409777579074,3.660741438680676,-0.6082349660433797,1.8305455350930466
-1.1533956785142134,1.8047857108358492,-8.604134221641283,3.6610910701860933,-0.609571421671693,1.8333505796182998
-1.1634907477716547,1.803556305087348,-8.606716830155326,3.6667011592365997,-0.6071126101746906,1.8293433181382008
-1.1671339933278295,1.8025531942144724,-8.608973946927756,3.6586866362764017,-0.6051063884289395,1.8247614799398915
-1.1729623773147146,1.801737643292436,-8.610918560333456,3.649522959879783,-0.6034752865848664,1.821617897883795
-1.185213028122896,1.802028299681768,-8.611231524296919,3.64323579576759,-0.6040565993635305,1.8220335266890444
-1.2005636807091475,1.8005937389158448,-8.614096919568796,3.644067053378089,-0.6011874778316844,1.8172304779068431
-1.2118213295740325,1.800991813045179,-8.614251209309991,3.6344609558136862,-0.6019836260903525,1.8179873091826002
-1.2356688818449104,1.7998079993172311,-8.616798374854442,3.6359746183652004,-0.5996159986344566,1.8120265722142617
-1.250670408303165,1.8000917413468922,-8.617106004165041,3.6240531444285233,-0.6001834826937786,1.8132222942662048
-1.2726590611572393,1.79990957483002,-8.618112558504363,3.6264445885324097,-0.5998191496600341,1.8123309117228041
-1.291376875422479,1.7997189652450771,-8.61916407679555,3.6246618234456083,-0.5994379304901484,1.8110939471452407
-1.31010077514566,1.7988467656368319,-8.621158788274503,3.6221878942904815,-0.5976935312736581,1.8093129213144847
-1.3246728862656987,1.7981937196083098,-8.622860975837975,3.6186258426289695,-0.596387439216614,1.8077614513505813
-1.3397236889941908,1.798664428182847,-8.622902360208823,3.6155229027011626,-0.5973288563656883,1.807946699456298
-1.3622608246444754,1.7981324785895667,-8.624395720807387,3.615893398912596,-0.5962649571791276,1.807710845217314
-1.379518433656214,1.7976469139643434,-8.625810250592044,3.615421690434628,-0.595293827928681,1.8060446872645386
-1.404077481801747,1.7973230340047348,-8.627038270588782,3.612089374529077,-0.5946460680094641,1.8058358369901129
-1.425379266603911,1.796738323539582,-8.628668336986621,3.6116716739802257,-0.5934766470791581,1.8070223973567212
-1.4412686078292083,1.7965751248700463,-8.62965246846256,3.6140447947134424,-0.5931502497400871,1.8070148152737842
-1.4616416405402353,1.7962998320603698,-8.630796503865389,3.6140296305475683,-0.5925996641207341,1.8066863247793226
-1.478762238597474,1.795384793599093,-8.632852111887333,3.613372649558645,-0.5907695871981805,1.8081143687988175
-1.496807456973638,1.79436369048943,-8.635123785605295,3.616228737597635,-0.5887273809788547,1.8045797359591624
-1.5220513186368336,1.7937884848396914,-8.636735261161096,3.609159471918325,-0.5875769696793777,1.8028471333721734
-1.5467120997289445,1.7934698633131727,-8.637920517051015,3.605694266744347,-0.5869397266263404,1.8042910466694693
-1.5692222286560957,1.7937370217909594,-8.638300474275923,3.6085820933389385,-0.5874740435819136,1.8064453651509065
-1.589845703937871,1.7927946468358733,-8.640416942920712,3.612890730301813,-0.5855892936717415,1.8066586245060652
-1.6068112493833295,1.7931300839587738,-8.64063841683888,3.6133172490121304,-0.5862601679175427,1.809888883542953
-1.6237889008402995,1.793541279857148,-8.640711721740955,3.619777767085906,-0.587082559714291,1.8146819087769268
-1.6404693534444945,1.7936271685508685,-8.641305240795965,3.6293638175538536,-0.5872543371017322,1.8158254693864733
-1.6473525392978132,1.7938622131362818,-8.641683763429619,3.6316509387729465,-0.5877244262725588,1.8178458514162465
-1.6547996223686345,1.791917844866406,-8.64525787580816,3.635691702832493,-0.5838356897328069,1.8115006623593755
-1.6538161641326958,1.7916397617350786,-8.646425372014924,3.623001324718751,-0.5832795234701522,1.810390518254947
-1.6643264596935374,1.7904095802551965,-8.649016171267574,3.620781036509894,-0.5808191605103881,1.8067731320337088
-1.6687645799840505,1.7906000743496062,-8.649486634810541,3.6135462640674176,-0.5812001486992073,1.8078608525964854
-1.6787227227867225,1.7897312491178539,-8.651524632587975,3.615721705192971,-0.5794624982357028,1.8065487561396236
-1.6869047412709461,1.789288586586724,-8.652885743710902,3.6130975122792472,-0.5785771731734431,1.8055872979394145
-1.6971419206923928,1.788345152234326,-8.655019526728411,3.611174595878829,-0.5766903044686471,1.805996461395104
-1.7052290572992952,1.7879673426992357,-8.656302065907546,3.611992922790208,-0.5759346853984666,1.8053002038468813
-1.7171538681369594,1.7866344980380076,-8.659019386130053,3.6106004076937626,-0.5732689960760102,1.8024801213662047
-1.7250685284105964,1.7870583489610494,-8.65913246216714,3.6049602427324094,-0.5741166979220937,1.802723302039577
-1.742460592139305,1.786660526617614,-8.660415451168943,3.605446604079154,-0.5733210532352233,1.8057714084533623
-1.7535855941259806,1.786500550961782,-8.661388512060146,3.6115428169067245,-0.5730011019235591,1.8076158150646013
-1.7621619536055926,1.7863016606148996,-8.662419922192768,3.6152316301292027,-0.5726033212297943,1.8078846963270028
-1.7658295641001356,1.786170985284624,-8.663361266254077,3.6157693926540055,-0.5723419705692427,1.8087894198396945
-1.7672467896868618,1.7864754941839782,-8.663631585430085,3.617578839679389,-0.5729509883679514,1.8122184803979744
-1.7683517017362433,1.7866261572121929,-8.664152077426344,3.624436960795949,-0.5732523144243806,1.8146716905276745
-1.7684609063252585,1.786687623666029,-8.664771695647444,3.629343381055349,-0.5733752473320529,1.8164046577033919
-1.7624837270517864,1.7869283833553178,-8.665132321355658,3.6328093154067838,-0.5738567667106307,1.8187807294159526
-1.758133971838693,1.7867385659854533,-8.666147705465095,3.637561458831905,-0.573477131970902,1.8222514223959958
-1.7533990154141232,1.7872461366129735,-8.66614453261677,3.6445028447919916,-0.5744922732259423,1.8258351193793398
-1.75163002671232,1.7865339318988824,-8.667978716059888,3.6516702387586797,-0.5730678637977601,1.8253117014759674
-1.7451214383585896,1.785949406314307,-8.669615497482996,3.650623402951935,-0.5718988126286095,1.8254481777175444
-1.7331137506542014,1.7854200090554377,-8.671161116459778,3.650896355435089,-0.5708400181108706,1.824262216742258
-1.7226500870805204,1.7852493322543135,-8.672192059940079,3.648524433484516,-0.5704986645086223,1.8260423184490502
-1.709613267457252,1.784643055699108,-8.673865899954182,3.6520846368981004,-0.5692861113982113,1.8291457318456077
-1.6973699155236517,1.7843319775750102,-8.675132918490338,3.6582914636912154,-0.5686639551500156,1.8289182437244913
-1.684559260975731,1.7850851770408207,-8.674808081038636,3.6578364874489826,-0.5701703540816369,1.8321638521282593
-1.6738042278718526,1.7849082199565156,-8.675817154315096,3.6643277042565185,-0.5698164399130269,1.8373915483740912
-1.6520175586781543,1.7841919837997067,-8.677624030319386,3.6747830967481825,-0.5683839675994089,1.8369477775417289
-1.6280404480106494,1.7836525860835566,-8.67919772653088,3.6738955550834578,-0.5673051721671089,1.8362440837708713
-1.6018354024981818,1.7827875638335817,-8.681258993881736,3.6724881675417427,-0.5655751276671591,1.8349393708000885
-1.5801871195617085,1.7828871312340095,-8.681866517841828,3.669878741600177,-0.5657742624680149,1.8377284838965031
-1.5636646192848307,1.7823239546459608,-8.683515040987496,3.6754569677930062,-0.5646479092919172,1.834708134578243
-1.5445981852831157,1.7830029938066048,-8.683245359741596,3.669416269156486,-0.5660059876132053,1.8372489141323822
-1.5310818120754082,1.784188061419784,-8.68227091772624,3.6744978282647645,-0.5683761228395638,1.8405309675790271
-1.5150095190575632,1.783630318137197,-8.683914081363294,3.6810619351580542,-0.5672606362743898,1.839556096671419
-1.4901276378594215,1.7836366193919309,-8.684651217143479,3.679112193342838,-0.5672732387838574,1.8418099804805907
-1.4710210794368592,1.784107990052982,-8.684740611497304,3.6836199609611815,-0.5682159801059596,1.8458816854563855
-1.4540717096822373,1.7846919117623987,-8.684657656668426,3.691763370912771,-0.5693838235247933,1.8474248101361057
-1.4369390855068938,1.7842093371659402,-8.686229146605887,3.6948496202722114,-0.5684186743318761,1.8478079548261226
-1.4137729023120844,1.7843212473437426,-8.686836850559972,3.695615909652245,-0.5686424946874812,1.8479551835556116
-1.3981673137441444,1.7847143563286827,-8.687066359554088,3.6959103671112232,-0.5694287126573614,1.84877030206047
-1.3799826392262808,1.7853954354829218,-8.686818444324377,3.69754060412094,-0.5707908709658398,1.8510333194996091
-1.3584594619409724,1.7847580339441573,-8.68850799346392,3.7020666389992183,-0.5695160678883108,1.8511547650881113
-1.328264757397159,1.78437158486633,-8.689887963424866,3.7023095301762226,-0.5687431697326559,1.8508157659117006
-1.3018788060690714,1.784992730034671,-8.689714290692734,3.701631531823401,-0.5699854600693381,1.8574100463164653
-1.2779743778720514,1.7847893666678254,-8.690763756681028,3.7148200926329307,-0.5695787333356468,1.859272162366256
-1.2481387758175124,1.7854600227838735,-8.690604155577468,3.718544324732512,-0.5709200455677429,1.8662115141841022
-1.226546495019674,1.7858040480402513,-8.69085050335148,3.7324230283682045,-0.5716080960804983,1.8680450369183177
-1.2008160227899793,1.786633659565349,-8.690406266003631,3.7360900738366354,-0.5732673191306936,1.8712713825331868
-1.172042326332213,1.7869179953656786,-8.69077284735897,3.7425427650663736,-0.5738359907313528,1.8727416682091942
-1.1358638111442296,1.7876756445209987,-8.690455878428127,3.7454833364183884,-0.5753512890419928,1.8749813807034847
-1.09630645201426,1.7879060189792402,-8.690973398290604,3.7499627614069695,-0.5758120379584758,1.8753322124541754
-1.053013478713142,1.7881512902836085,-8.691418115839928,3.7506644249083507,-0.5763025805672127,1.8758821331323794
-1.0071004366281215,1.7887719176340078,-8.69133928315684,3.751764266264759,-0.5775438352680111,1.8770727730189318
-0.965717602989236,1.7890762009385803,-8.691693187568418,3.7541455460378637,-0.5781524018771562,1.877304930294951
-0.9281856748997583,1.7891227269764114,-8.692455343758338,3.754609860589902,-0.5782454539528185,1.8754684114591857
-0.8871167548882868,1.7893505060737798,-8.692937251644393,3.7509368229183715,-0.5787010121475553,1.8748375713252112
-0.8477436412791857,1.789368406248027,-8.693759595751036,3.7496751426504225,-0.5787368124960498,1.8738783157979835
-0.8105713503191181,1.7899423581343907,-8.693705378938404,3.747756631595967,-0.5798847162687772,1.8746163502863389
-0.779285413332726,1.790047688074753,-8.694327435500913,3.7492327005726778,-0.5800953761495017,1.8764372811238312
-0.7430893742393039,1.7910917364031922,-8.693588349151597,3.7528745622476625,-0.5821834728063803,1.8786488890750734
-0.7107934081161522,1.791081102734835,-8.69438542442719,3.757297778150147,-0.5821622054696657,1.8800468672920012
-0.6739330275944866,1.7912622096396467,-8.6949133659987,3.7600937345840024,-0.5825244192792889,1.8807187859289942
-0.6427638117099024,1.7925601261262034,-8.693778460233187,3.7614375718579884,-0.5851202522524022,1.883117606299599
-0.6121097932011965,1.7921457242549819,-8.695213080466848,3.766235212599198,-0.5842914485099591,1.8835991698294219
-0.5699428703166056,1.7913522819064585,-8.69719875614008,3.7671983396588438,-0.5827045638129124,1.8809790315377681
-0.5337185795244848,1.7907103489706142,-8.698964280624374,3.7619580630755363,-0.5814206979412238,1.8784076862038108
-0.5023159456920423,1.7908329812432335,-8.699617010122696,3.7568153724076216,-0.5816659624864622,1.876312927487923
-0.480966492033712,1.7912498613588776,-8.699789165075307,3.752625854975846,-0.5824997227177504,1.8782898225936537
-0.46321783173205233,1.791239914637026,-8.700613144790072,3.7565796451873075,-0.5824798292740471,1.8791904432993756
-0.44827576518038725,1.7903844887307019,-8.702736187795953,3.758380886598751,-0.580768977461399,1.875127011824128
-0.4343121777852561,1.791295929838579,-8.70222914688485,3.750254023648256,-0.5825918596771535,1.877361872346819
-0.4342230925249009,1.7912865365619384,-8.703082964806091,3.754723744693638,-0.5825730731238721,1.878311074264103
-0.4297945828717582,1.791165630908157,-8.704070214883092,3.756622148528206,-0.5823312618163092,1.8775112192739125
-0.4278293081046485,1.79106303791871,-8.705030813953577,3.755022438547825,-0.5821260758374153,1.8770425214967288
-0.43100772890530603,1.7910939984079464,-8.705782246081124,3.7540850429934576,-0.5821879968158877,1.87669361504162
-0.4378098438521878,1.7920024558498808,-8.705243154566867,3.75338723008324,-0.5840049116997565,1.8782316382651842
-0.44803253158594103,1.792060128918984,-8.705966046411595,3.7564632765303685,-0.5841202578379627,1.8783583817342855
-0.45359939782766734,1.7925537525893696,-8.70603997874797,3.756716763468571,-0.5851075051787341,1.8788096073081089
-0.4609982966314261,1.7924572184599952,-8.706962439294179,3.7576192146162177,-0.5849144369199852,1.8788678721881518
-0.46822382970718035,1.7928091584596713,-8.70724018912484,3.7577357443763035,-0.5856183169193375,1.8784029604698844
-0.47828594277025704,1.7918722452795393,-8.70944799880154,3.756805920939769,-0.5837444905590734,1.874518313030444
-0.48953230888189037,1.7923630636915735,-8.709503038260621,3.749036626060888,-0.5847261273831421,1.8758221006082738
-0.5092239622586279,1.792808976156863,-8.70960478858765,3.7516442012165476,-0.5856179523137214,1.879041431498182
-0.5276864737202116,1.7932881634656215,-8.709665331103169,3.758082862996364,-0.5865763269312381,1.8802683644417728
-0.5513297537386652,1.793224535028877,-8.710627688058707,3.7605367288835456,-0.5864490700577489,1.8779536035385371
-0.5693248886579765,1.7932670550057355,-8.7113794467193,3.7559072070770743,-0.5865341100114659,1.8781798463389758
-0.5842632643838126,1.7933267141553353,-8.712114742720392,3.7563596926779517,-0.5866534283106657,1.8782989224923954
-0.5958772078009016,1.7938958581961855,-8.71210245726069,3.7565978449847908,-0.5877917163923663,1.8786556708830207
-0.6088477191626076,1.7945883177678654,-8.711863405285685,3.7573113417660413,-0.5891766355357263,1.8810145736180208
-0.6210697004632468,1.7936368644732816,-8.714090176416143,3.7620291472360416,-0.5872737289465586,1.8780098615440497
-0.625160508773611,1.7936997474727023,-8.714814771405006,3.7560197230880994,-0.5873994949454002,1.8767597905768247
-0.6317463359354702,1.7937003255228996,-8.71563748645512,3.7535195811536495,-0.5874006510457949,1.8759531303453412
-0.6421861007208367,1.7937253085768572,-8.716431030512778,3.7519062606906823,-0.58745061715371,1.876260438275041
-0.6521289190422399,1.7937843261839708,-8.717127769884875,3.752520876550082,-0.5875686523679371,1.8772575101710096
-0.6609410383292156,1.7937535895808103,-8.717967071674888,3.7545150203420192,-0.5875071791616162,1.881333902434744
-0.6681478887265975,1.793840716875913,-8.718639415646138,3.762667804869488,-0.5876814337518216,1.8814089984033775
-0.6753592673029294,1.7948303378027577,-8.71796753341402,3.762817996806755,-0.5896606756055109,1.8833723144625356
-0.6886185633842015,1.7947831826822118,-8.718855519021417,3.7667446289250712,-0.5895663653644192,1.8822201690209148
-0.693723877261708,1.7947390188121477,-8.719748592117579,3.7644403380418296,-0.5894780376242912,1.881549526601454
-0.701008009693119,1.7945805460491815,-8.720857038524274,3.763099053202908,-0.5891610920983589,1.8815448529115333
-0.7071195500167242,1.794306123433913,-8.722085107165302,3.7630897058230666,-0.5886122468678221,1.8798144865245499
-0.7149868610084402,1.7943059786849107,-8.722961738162324,3.7596289730490997,-0.5886119573698172,1.8785858137347877
-0.7198326893320477,1.793807728642203,-8.724527105044814,3.7571716274695754,-0.5876154572844015,1.87619389870907
-0.7254560446699152,1.7940771141660603,-8.72487878003852,3.75238779741814,-0.5881542283321164,1.878993894310462
-0.7372381052972514,1.7944736701648225,-8.725091780309057,3.757987788620924,-0.5889473403296408,1.8796290436059884
-0.749899997229063,1.7943585450307455,-8.726094914102248,3.7592580872119767,-0.5887170900614866,1.8791849474228897
-0.7584532896678002,1.7940096195387962,-8.727393904081902,3.7583698948457793,-0.5880192390775881,1.8792476132558045
-0.7668153986236339,1.7946998621692094,-8.727151723414108,3.758495226511609,-0.5893997243384146,1.881849964303444
-0.779336446311099,1.7947634696704127,-8.72784089735049,3.763699928606888,-0.5895269393408212,1.8818322201752324
-0.7892258756818302,1.7942910283707671,-8.729320189161152,3.763664440350465,-0.5885820567415303,1.8794514625408552
-0.8006980808889885,1.79487524124837,-8.729225201581128,3.7589029250817103,-0.5897504824967357,1.8829143291492894
-0.8121854374018644,1.7947079900234717,-8.730282213049424,3.7658286582985787,-0.5894159800469392,1.8809935689707242
-0.8186110656573886,1.7949691919867363,-8.73074890447254,3.7619871379414485,-0.5899383839734684,1.8787510064617985
-0.8264483048705191,1.7953076911651857,-8.731030645771012,3.757502012923597,-0.5906153823303674,1.8791397366303906
-0.8329094480728862,1.796149575863765,-8.730578285566349,3.758279473260781,-0.5922991517275257,1.8831171776385078
-0.8387348221367521,1.795735553313653,-8.732035967888375,3.7662343552770157,-0.5914711066273018,1.8801348114417158
-0.8363237527074086,1.7947647230763901,-8.734331863713324,3.7602696228834316,-0.5895294461527764,1.8758959227245249
-0.8345467703661571,1.7942774354853754,-8.735800271915341,3.7517918454490498,-0.5885548709707468,1.877616694233837
-0.8436120249663919,1.7939437124627073,-8.73708266489902,3.755233388467674,-0.5878874249254108,1.8764959680975226
-0.8547990630273725,1.7939039283374045,-8.737910514026925,3.7529919361950452,-0.5878078566748054,1.8760843506098521
-0.8677996029275983,1.7940366749791261,-8.738520065037882,3.7521687012197042,-0.5880733499582483,1.8783658962113179
-0.8802362878576515,1.795159652905359,-8.737627221928266,3.7567317924226358,-0.5903193058107142,1.881470483239505
-0.8927462937385355,1.7959747867179126,-8.737223816180778,3.76294096647901,-0.5919495734358211,1.8846023495883129
-0.8979256336912931,1.7954385052690323,-8.738843810615132,3.7692046991766257,-0.5908770105380603,1.8825630737808674
-0.8925177118155068,1.7955659166689204,-8.739471779365134,3.765126147561735,-0.5911318333378366,1.8822704729677415
-0.8923341815436787,1.7966563615621347,-8.738670474417066,3.764540945935483,-0.5933127231242651,1.883888175824889
-0.8955615522134819,1.7968552567866674,-8.739155775786472,3.767776351649778,-0.5937105135733305,1.88579906116699
-0.8897378733384684,1.7973299861013277,-8.739281313259058,3.77159812233398,-0.5946599722026512,1.8877265527049192
-0.8814655414014503,1.7977178500799809,-8.739489729472458,3.7754531054098384,-0.5954357001599574,1.8876189311339397
-0.8738870432082138,1.7978537048394598,-8.740115247750108,3.7752378622678795,-0.5957074096789156,1.8882134150324297
-0.8636959352807052,1.7976335271279171,-8.74127885148005,3.7764268300648594,-0.59526705425583,1.8858443073469582
-0.849392456641211,1.7977298460276876,-8.741970144451464,3.7716886146939164,-0.5954596920553709,1.8864927335117314
-0.839857853600396,1.7981465503829726,-8.74212195459279,3.772985467023463,-0.5962931007659407,1.8868881254190162
-0.8297571118978304,1.7978815706221256,-8.743325646041137,3.7737762508380324,-0.5957631412442469,1.8888253978043457
-0.817039974427523,1.7980957265202149,-8.74383021211194,3.7776507956086913,-0.5961914530404254,1.8887839631354615
-0.8085252675878403,1.7979347966737869,-8.744844592646524,3.777567926270923,-0.5958695933475693,1.890103373542123
-0.8025459676117519,1.7974950299434507,-8.746297625397855,3.780206747084246,-0.5949900598868969,1.8890075510981634
-0.7946886988286659,1.7980464805464609,-8.746333417253288,3.778015102196327,-0.5960929610929174,1.8912289624383554
-0.7868669397781556,1.7983266605597696,-8.74676963097588,3.7824579248767107,-0.5966533211195347,1.8915273540935782
-0.7732363730941465,1.7994938062574615,-8.745875092809674,3.7830547081871564,-0.5989876125149184,1.892812038010233
-0.7588958321471946,1.7999056112799976,-8.746068943817127,3.785624076020466,-0.5998112225599905,1.8933755316278986
-0.7363665134405375,1.799757195052863,-8.747111943320562,3.7867510632557972,-0.5995143901057214,1.8920302129632571
-0.7112509950588572,1.800943209029308,-8.746150716843497,3.7840604259265143,-0.6018864180586115,1.8948369509542355
-0.6966111638313963,1.8007346864709397,-8.74726663198952,3.789673901908471,-0.601469372941875,1.893747396721883
-0.6767827370626405,1.800637261931612,-8.748284443919827,3.787494793443766,-0.6012745238632194,1.8913483608911659
-0.6560837876376739,1.8005070755203296,-8.74927638970498,3.7826967217823317,-0.6010141510406548,1.891139354542248
-0.6370053344555568,1.8005401917281727,-8.750041664005973,3.782278709084496,-0.6010803834563408,1.8900292465578674
-0.625352516253022,1.8006751354032515,-8.750652265347549,3.780058493115735,-0.6013502708064986,1.8893637646770294
-0.6153940151226278,1.801295837307275,-8.750530399902841,3.7787275293540588,-0.6025916746145453,1.890795674326487
-0.6090190116421415,1.8022490734742733,-8.749899960977706,3.781591348652974,-0.604498146948542,1.8916307462825699
-0.6028627158082509,1.8029968726970964,-8.749593199596479,3.7832614925651398,-0.6059937453941883,1.8948242917108693
-0.5924197763151842,1.8032010870645756,-8.750096225681823,3.7896485834217386,-0.6064021741291467,1.8942451228864685
-0.5762546239854105,1.8032417408065928,-8.750829483394313,3.788490245772937,-0.606483481613181,1.8954145491231893
-0.5597480114534328,1.8032486726388062,-8.751603385466888,3.7908290982463786,-0.6064973452776076,1.8972637416675475
-0.5456875863654487,1.8037081464988107,-8.751740909257482,3.794527483335095,-0.6074162929976169,1.8980350910341324
-0.5320230972505486,1.8039621749357644,-8.752211042179583,3.7960701820682647,-0.6079243498715241,1.8980740173696589
-0.5171812652388192,1.8047657707289555,-8.751805645491174,3.7961480347393177,-0.6095315414579066,1.8992472743844895
-0.5023491210202655,1.8056028474851653,-8.751358851083781,3.798494548768979,-0.6112056949703262,1.9013224336567733
-0.4819692070892527,1.805919076297868,-8.751713615595225,3.8026448673135467,-0.6118381525957319,1.900691986256165
-0.45939207709647345,1.8071851860960826,-8.750635606233365,3.80138397251233,-0.614370372192161,1.9024285845406868
-0.4397189607432743,1.8079053863917622,-8.75037746199214,3.8048571690813735,-0.6158107727835204,1.903275998188233
-0.418805102019987,1.807620470382599,-8.751632203832196,3.806551996376466,-0.6152409407651942,1.9027583643905217
-0.39447472096926717,1.807116839775799,-8.753195501853646,3.8055167287810434,-0.6142336795515944,1.8996704507324027
-0.3710034670707154,1.8074658382532465,-8.753528635510403,3.7993409014648054,-0.6149316765064893,1.8978010742750886
-0.3590242384529594,1.807966382338971,-8.75364749580288,3.795602148550177,-0.6159327646779383,1.8971612874980046
-0.3454079411781015,1.808174201895665,-8.754191661902656,3.7943225749960092,-0.6163484037913265,1.894749637692889
-0.3287990964568088,1.8083675398613013,-8.754729855197178,3.789499275385778,-0.6167350797225988,1.8949512700485058
-0.31123267284938994,1.8086975538186603,-8.755024960862778,3.7899025400970117,-0.617395107637317,1.8960765413346172
-0.2939478596568188,1.8098432472690318,-8.754118570886057,3.7921530826692345,-0.6196864945380601,1.8985410415308586
-0.27840915470949845,1.8105336930966258,-8.753882769628019,3.797082083061717,-0.6210673861932481,1.900344754655621
-0.25956311312296343,1.8105633439125455,-8.754680561423124,3.800689509311242,-0.6211266878250874,1.8984020937326882
-0.2411915939211582,1.8104476479332474,-8.755634288409569,3.7968041874653764,-0.6208952958664912,1.8980609577314997
-0.22695688896958455,1.8111090238510896,-8.75548012560973,3.7961219154629995,-0.6222180477021757,1.8984396311072664
-0.21695020024190637,1.8112691260195417,-8.756087329228158,3.796879262214533,-0.6225382520390799,1.8961977780729964
-0.20331493295648784,1.8118684521967776,-8.756011806199808,3.7923955561459928,-0.6237369043935517,1.8979219877315694
-0.1908186100060787,1.811852866867593,-8.756864366994163,3.795843975463139,-0.6237057337351825,1.8948796840023743
-0.17680228720986246,1.8125432410806406,-8.756628658547621,3.7897593680047486,-0.6250864821612774,1.89470685827708
-0.16665139641522497,1.8119425532849607,-8.758330256993755,3.78941371655416,-0.6238851065699174,1.8914371455856427
-0.1546127395821495,1.8123116303012088,-8.758552496026754,3.7828742911712854,-0.6246232606024136,1.8917378715848354
-0.15281261986580486,1.8128673380731508,-8.758526698736214,3.783475743169671,-0.6257346761462975,1.8919294741238812
-0.1518893196785811,1.813368259176891,-8.758554389302668,3.7838589482477625,-0.6267365183537775,1.892247346564399
-0.15542462264760903,1.8130690275765353,-8.759784256235049,3.784494693128798,-0.6261380551530663,1.8915588270340158
-0.1587262858284353,1.8119400216263477,-8.762278981058358,3.7831176540680316,-0.6238800432526912,1.8845725471973604
-0.16057129091377753,1.812012368325897,-8.76298073598991,3.769145094394721,-0.6240247366517901,1.8835467617426749
-0.16866342156094394,1.8125031686019544,-8.763029458144583,3.7670935234853498,-0.6250063372039045,1.883326721870022
-0.1796436587118615,1.811584385926435,-8.765274471809889,3.766653443740044,-0.6231687718528657,1.8772404812565686
-0.1874677030152334,1.8124708462926946,-8.764741388773016,3.7544809625131372,-0.6249416925853851,1.8781877545605998
-0.20544912853991004,1.8132506484902775,-8.76440898311948,3.7563755091211997,-0.6265012969805509,1.8779849045238415
-0.21980093050347005,1.8127444634580538,-8.765924856290273,3.755969809047683,-0.6254889269161038,1.8756550180140257
-0.22886260232938582,1.812668711158963,-8.766826921807716,3.7513100360280514,-0.6253374223179221,1.8744988617421274
-0.2475055508459194,1.8134941506248308,-8.76635681468257,3.748997723484255,-0.6269883012496577,1.8764894744194578
-0.27239101391145404,1.8135458641608029,-8.767079536050376,3.7529789488389156,-0.6270917283216019,1.8773251806382942
-0.2912012553015435,1.8146658144379746,-8.766165234669563,3.7546503612765885,-0.6293316288759452,1.8794076038715346
-0.31179164224513745,1.8156576152467907,-8.765501883901141,3.758815207743069,-0.6313152304935775,1.8793508536276307
-0.3292510785420193,1.8161352081494757,-8.76560190956483,3.7587017072552613,-0.6322704162989478,1.8779036672897387
-0.3407380688235859,1.8169390613013539,-8.765189830719901,3.7558073345794774,-0.633878122602704,1.8781636397408434
-0.35333257680729435,1.8172973925001088,-8.76541419261925,3.756327279481687,-0.6345947850002138,1.8787493938054476
-0.3601726735781261,1.8183236038313633,-8.764650906390024,3.757498787610895,-0.6366472076627229,1.881594021662507
-0.3699078756219967,1.8183052142245477,-8.7654729628204,3.763188043325014,-0.6366104284490919,1.880722245658326
-0.3682200063755783,1.8193067557583356,-8.764787268702028,3.761444491316652,-0.6386135115166678,1.88155024458982
-0.37039521422239297,1.8196930456459084,-8.764985010553154,3.76310048917964,-0.6393860912918135,1.881358875848175
-0.3680165392164012,1.8203019066622892,-8.764888507798892,3.76271775169635,-0.6406038133245748,1.8807901814194246
-0.36613290263638554,1.8205470215808413,-8.76533624165173,3.761580362838849,-0.641094043161679,1.880410394404781
-0.3581940954142766,1.8217746310400584,-8.764275196780844,3.760820788809562,-0.6435492620801134,1.8826896247890401
-0.34577100882137923,1.8215524781808157,-8.765364107477899,3.7653792495780802,-0.6431049563616281,1.8832107733196521
-0.32296905843394796,1.821604477487538,-8.766033930465566,3.7664215466393043,-0.6432089549750729,1.8832357132028417
-0.3039041226023116,1.8207461908181874,-8.768099669938001,3.7664714264056833,-0.641492381636372,1.878993024890689
-0.2776327546042472,1.821122204816531,-8.768263450920808,3.757986049781378,-0.6422444096330591,1.8795690893787305
-0.26271617001606984,1.8216186130666698,-8.768354742505723,3.759138178757461,-0.6432372261333367,1.8782565985227975
-0.24987463988205327,1.8220104060471272,-8.768551254761602,3.756513197045595,-0.6440208120942513,1.8777789827698215
-0.23178218794696548,1.8215443465497527,-8.770047376889213,3.755557965539643,-0.6430886930995023,1.8732554110900776
-0.20910522947038945,1.822383482938899,-8.769582737923658,3.7465108221801553,-0.6447669658777949,1.873623842159515
-0.19610149418713174,1.8227059633329215,-8.769889934033642,3.74724768431903,-0.6454119266658397,1.8732496932506373
-0.17783178764045626,1.8229339501328092,-8.770304840810098,3.7464993865012746,-0.6458679002656152,1.874306755967264
-0.1637910831233782,1.8226974581678426,-8.771423069789952,3.748613511934528,-0.6453949163356818,1.8727134576107352
-0.15285035896442967,1.8225259723584295,-8.772458069734439,3.7454269152214703,-0.6450519447168558,1.8713283341087255
-0.14589201802920027,1.8217308035265347,-8.774429523004239,3.742656668217451,-0.6434616070530663,1.866830739173939
-0.14268131338218826,1.821269507655134,-8.77584648940458,3.733661478347878,-0.6425390153102647,1.8648237306132396
-0.14623213077999697,1.821007670882016,-8.777027033685687,3.729647461226479,-0.642015341764029,1.8621655993034942
-0.15819361664957832,1.8221544346233083,-8.77606055939204,3.7243311986069885,-0.6443088692466135,1.8632224597000209
-0.17536967475628895,1.8223735373607157,-8.77647999901897,3.7264449194000417,-0.6447470747214282,1.8665293535135468
-0.18986725028594265,1.823001622489379,-8.77626444727123,3.7330587070270935,-0.6460032449787549,1.8684107532637155
-0.2066849437772813,1.8230735877513988,-8.776938218609244,3.736821506527431,-0.6461471755027943,1.8668252851762475
-0.22235378711425646,1.8235085767298942,-8.77702952739745,3.733650570352495,-0.6470171534597852,1.8688877989258088
-0.24018835790192838,1.8241021277999785,-8.776920837667621,3.7377755978516176,-0.648204255599954,1.8692510815006798
-0.2630537214252078,1.8248563317768318,-8.776550230567015,3.7385021630013595,-0.6497126635536608,1.871055067172597
-0.2825073443653663,1.825786962775469,-8.77592344089689,3.742110134345194,-0.6515739255509353,1.8736752542938546
-0.2988849609119768,1.825549004792288,-8.777032419364653,3.7473505085877092,-0.6510980095845731,1.8722235777261562
-0.3035250968643508,1.8253239581829792,-8.778125018467888,3.7444471554523124,-0.6506479163659555,1.8695889921360405
-0.31111959558763136,1.825782897777521,-8.77819789069665,3.739177984272081,-0.6515657955550391,1.8691205007951923
-0.32386755268044887,1.8255665560551708,-8.779305163090035,3.7382410015903846,-0.6511331121103385,1.8664703729998098
-0.3343668768992796,1.8262660708098328,-8.779058990753198,3.7329407459996196,-0.6525321416196628,1.866647560090611
-0.3456971623617271,1.826921586039661,-8.778810483659733,3.733295120181222,-0.653843172079319,1.8691809308112592
-0.3573996922407128,1.8275321970755687,-8.778661247659288,3.7383618616225185,-0.6550643941511343,1.8711641397580454
-0.36679823132650746,1.8275119512536127,-8.779447538106695,3.742328279516091,-0.6550239025072221,1.870722835438552
-0.37215373899949444,1.828433484226448,-8.778831566011613,3.741445670877104,-0.6568669684528928,1.8724315997523442
-0.37826258814962976,1.829220313425327,-8.778425700432853,3.7448631995046884,-0.6584406268506512,1.8730080543039545
-0.37776486380452123,1.8293523131918699,-8.778976124283298,3.746016108607909,-0.6587046263837367,1.8721135982528907
-0.3672194889241611,1.8301846125048495,-8.77846353563356,3.7442271965057814,-0.6603692250096959,1.873777580331776
-0.35495242041320374,1.8301233077929822,-8.779300440381858,3.747555160663552,-0.6602466155859609,1.8719732389801351
-0.33425322414404235,1.830256642243221,-8.779887338584508,3.7439464779602702,-0.6605132844864382,1.8709145021439184
-0.3198728801975026,1.8308864921334256,-8.7796894371597,3.741829004287837,-0.6617729842668476,1.8721171747018295
-0.3067626116107869,1.8309226203260824,-8.780365027422073,3.744234349403659,-0.6618452406521614,1.8711588511750752
-0.2917948554037251,1.8317722509259513,-8.779886967197395,3.7423177023501504,-0.663544501851899,1.871312896547786
-0.27866908795973977,1.8322767743768105,-8.77988988616476,3.742625793095572,-0.6645535487536174,1.8716124402915668
-0.2622679242995609,1.8330648155640052,-8.779466425659857,3.7432248805831336,-0.6661296311280069,1.872722948078504
-0.24688782843920087,1.832260505665743,-8.781418016735534,3.745445896157008,-0.6645210113314828,1.868379808687657
-0.22729073603400707,1.8332764088413016,-8.780657301188912,3.736759617375314,-0.6665528176825998,1.8714765427657563
-0.22082047151576134,1.8328680421043981,-8.782019782645403,3.7429530855315125,-0.6657360842087929,1.869402530074175
-0.2044469932396753,1.832621974424769,-8.783099729617442,3.73880506014835,-0.6652439488495346,1.868703115832301
-0.18951697912191978,1.832023064037019,-8.784743007769228,3.737406231664602,-0.6640461280740347,1.8665628814199298
-0.17734055054386122,1.8332095762427196,-8.783727678731715,3.7331257628398595,-0.666419152485436,1.8704174880052007
-0.1716419258242885,1.833460764097563,-8.784113033451051,3.7408349760104014,-0.6669215281951232,1.869625614418362
-0.16119743979212764,1.832978566417159,-8.785636951428785,3.739251228836724,-0.6659571328343149,1.864135236828778
-0.15132889290084783,1.8330164911658704,-8.786349459229616,3.728270473657556,-0.6660329823317378,1.862601593435799
-0.14855871755622374,1.8334939077824786,-8.786345750531902,3.725203186871598,-0.6669878155649539,1.8629454432995756
-0.14711952971213016,1.8340656552637367,-8.786237081692773,3.725890886599151,-0.6681313105274703,1.8627440187482582
-0.14872699868017314,1.833972173085507,-8.787144936438636,3.7254880374965165,-0.667944346171011,1.8604656523246281
-0.15028990270146103,1.8345783159448994,-8.786990006517897,3.7209313046492563,-0.6691566318897956,1.8619183378163982
-0.15520276308726189,1.8343259188108534,-8.788189690024877,3.7238366756327963,-0.6686518376217037,1.8578028671498854
-0.1595762083555492,1.8341131558861805,-8.789228315238407,3.715605734299771,-0.6682263117723579,1.8558886135552646
-0.16548617440719404,1.833494067331519,-8.790842936041452,3.711777227110529,-0.666988134663035,1.8539078334972912
-0.17245178504614334,1.8339296498415065,-8.79094798924563,3.7078156669945823,-0.6678592996830099,1.857649807444411
-0.18839856109567243,1.8345569788147618,-8.790777493477613,3.715299614888822,-0.6691139576295203,1.8574972394687816
-0.20309416121538248,1.8344840637794617,-8.791574508533133,3.7149944789375633,-0.6689681275589201,1.857809055187908
-0.21753927824105013,1.834439874122633,-8.792422751150667,3.715618110375816,-0.6688797482452629,1.8561630097876702
-0.2350165026741715,1.835259506647192,-8.791940386193707,3.7123260195753405,-0.6705190132943808,1.857937215547547
-0.2590658934110479,1.8352075327491575,-8.792780686471472,3.715874431095094,-0.670415065498312,1.8558945435908942
-0.27294427903066154,1.835172362207618,-8.793582532419416,3.7117890871817885,-0.6703447244152327,1.8552890731748621
-0.2923830971554553,1.835329772139055,-8.794070669755548,3.7105781463497243,-0.6706595442781067,1.855111390148292
-0.3104059714720071,1.8352031169362673,-8.795015826186708,3.710222780296584,-0.6704062338725314,1.8536142812817442
-0.3254807019193926,1.8346170734235832,-8.796598712357001,3.7072285625634884,-0.669234146847163,1.8522513684314779
-0.33691366905445097,1.835020999831075,-8.796738483949357,3.7045027368629557,-0.6700419996621463,1.8559476283098393
-0.35953915017923066,1.8357940070408638,-8.796367612998226,3.7118952566196786,-0.6715880140817239,1.8567949985962655
-0.3818444801829264,1.8363145796028602,-8.796327700511272,3.713589997192531,-0.6726291592057165,1.859428890958332
-0.39673303278605054,1.8368663677729093,-8.79629784398275,3.718857781916664,-0.6737327355458147,1.8579570843380242
-0.40857378870987127,1.8370446598360173,-8.796793534453059,3.7159141686760484,-0.6740893196720307,1.8563366486559898
-0.4184816732957879,1.8368769296881586,-8.797784166022657,3.7126732973119796,-0.6737538593763136,1.8538952586921549
-0.4289227065074197,1.836866689446628,-8.798560346555327,3.7077905173843098,-0.673733378893252,1.8506292367766757
-0.43940412458330513,1.837183806960372,-8.798814793517668,3.7012584735533514,-0.6743676139207404,1.8513350787797607
-0.4532041653429282,1.837078292799529,-8.799721629378945,3.7026701575595213,-0.6741565855990541,1.8493876376967986
-0.46236376243030985,1.8372411451022825,-8.800189797758726,3.698775275393597,-0.6744822902045613,1.8502979280847225
-0.4709556211991792,1.8376584711245931,-8.80030054096103,3.700595856169445,-0.6753169422491826,1.851444095500694
-0.47561926269970556,1.8373547120377263,-8.801465711419025,3.702888191001388,-0.6747094240754488,1.85167173063463
-0.47782855887807685,1.8375747021265467,-8.801851308616055,3.70334346126926,-0.6751494042530897,1.8514884593906882
-0.4853259054926715,1.8369017407855868,-8.803568754752312,3.7029769187813764,-0.6738034815711696,1.8494222211027664
-0.48842090819967776,1.8365820151484935,-8.804761449393526,3.698844442205533,-0.6731640302969834,1.847122815395777
-0.4946900803480556,1.8366880596720812,-8.805337043692209,3.694245630791554,-0.6733761193441589,1.845380031295217
-0.5072319225240083,1.8370014068492548,-8.805600060981005,3.690760062590434,-0.6740028136985063,1.8460812405627516
-0.5189079522347457,1.8371337449638105,-8.806064906826263,3.692162481125503,-0.6742674899276178,1.8470371968847508
-0.5278359429580659,1.8369794004083624,-8.807061623502907,3.6940743937695015,-0.6739588008167213,1.845252829397286
-0.5354918224813314,1.83668624854363,-8.80821212576637,3.690505658794572,-0.6733724970872564,1.8436070828306903
-0.5424331481484765,1.837166958093602,-8.808251198620857,3.6872141656613806,-0.6743339161872006,1.8438389164780833
-0.5493348715280728,1.837743665386896,-8.80808758454058,3.6876778329561666,-0.6754873307737884,1.8439799265524146
-0.5555948642533215,1.8377093075587367,-8.808844840452535,3.687959853104829,-0.6754186151174699,1.8438603156490618
-0.5609018750300452,1.8382366996694297,-8.80875002207559,3.6877206312981237,-0.6764733993388561,1.8450680232417525
-0.5700298708756453,1.838810797289708,-8.808568138554595,3.690136046483505,-0.677621594579413,1.8469036969692558
-0.5789907634348959,1.839031755705651,-8.808995102548407,3.6938073939385117,-0.6780635114112987,1.8453928681082847
-0.5844815326751478,1.8387231099224919,-8.810155827277512,3.6907857362165695,-0.6774462198449805,1.8445451397332824
-0.5863349794772326,1.8386122254115105,-8.811057834378685,3.6890902794665648,-0.677224450823018,1.842215290054158
-0.5896956962204376,1.8386408338858125,-8.811747441725704,3.684430580108316,-0.6772816677716217,1.8417128834714505
-0.5951972021466228,1.838966294049818,-8.811988363841285,3.683425766942901,-0.6779325880996326,1.842139240884182
-0.600417779316202,1.839600078012473,-8.811785436286504,3.684278481768364,-0.6792001560249427,1.846702510211055
-0.6052000434108038,1.8390044601919342,-8.813395825322928,3.69340502042211,-0.6780089203838651,1.8445595791751122
-0.6054286703743355,1.8387478491574323,-8.814501176635853,3.6891191583502243,-0.6774956983148611,1.844735081283291
-0.607543213499179,1.8388950987929973,-8.815003507465716,3.689470162566582,-0.6777901975859912,1.8445316159289362
-0.6127123245735966,1.8395898805353121,-8.814662623304816,3.6890632318578724,-0.6791797610706208,1.8470046702954848
-0.6149708261614331,1.8402155823037025,-8.814420406236934,3.6940093405909695,-0.6804311646074018,1.848691284668942
-0.6115051520654662,1.8406091142753738,-8.814553173074655,3.697382569337884,-0.6812182285507444,1.8504522919774704
-0.6043710713508341,1.8400386346393787,-8.816110177662095,3.700904583954941,-0.6800772692787541,1.8488101931957888
-0.5941463150602297,1.840318198178505,-8.816420421359066,3.6976203863915775,-0.6806363963570068,1.850442346290227
-0.5892099189930811,1.8401839934184547,-8.81733573433415,3.700884692580454,-0.6803679868369064,1.8518996800242338
-0.580879103904226,1.8403044250434277,-8.817910757157703,3.7037993600484675,-0.6806088500868523,1.850714643145816
-0.5722172986741993,1.839503624780426,-8.819854788135371,3.701429286291632,-0.6790072495608489,1.846891726726107
-0.5630290756376777,1.8401043308781988,-8.819675590354098,3.693783453452214,-0.6802086617563947,1.8489896446612262
-0.5641019793790631,1.839557699628346,-8.82120134765439,3.6979792893224523,-0.6791153992566891,1.8458145708000142
-0.558991307969178,1.8392730957654286,-8.822342697433582,3.6916291416000284,-0.678546191530854,1.8445233314713199
-0.5598765383141018,1.8393323479058745,-8.822975921363671,3.6890466629426397,-0.678664695811746,1.8437963044074408
-0.5660130052468322,1.8398687610047328,-8.8229035855053,3.6875926088148816,-0.6797375220094629,1.8461437669688
-0.5741988427811382,1.8387781029742851,-8.82526048552884,3.6922875339376,-0.6775562059485677,1.8417534795368815
-0.5740732850211652,1.8388737095784689,-8.825827078046366,3.683506959073763,-0.6777474191569349,1.8415615555836233
-0.5815108927430828,1.838925634193952,-8.826439974653999,3.6831231111672467,-0.6778512683879011,1.8415976234257647
-0.5885611016333225,1.8385956363903564,-8.827614762259715,3.6831952468515294,-0.6771912727807099,1.8424475948801204
-0.5961092369542387,1.838622601693243,-8.828317508718841,3.684895189760241,-0.6772452033864832,1.8416312450975443
-0.6094635826326371,1.8393095123612324,-8.828054092669122,3.6832624901950886,-0.6786190247224623,1.8415342920782658
-0.6214657285264993,1.839190296957229,-8.828921453571601,3.6830685841565316,-0.6783805939144553,1.8415140758320288
-0.6266454669038959,1.839630727677778,-8.828974087561466,3.6830281516640575,-0.6792614553555532,1.842653259172357
-0.6344996086377401,1.8394665871243545,-8.82994417342629,3.685306518344714,-0.6789331742487065,1.8434090273351798
-0.6421823025123183,1.8384668238393123,-8.832162350330275,3.6868180546703595,-0.676933647678622,1.8386791396409294
-0.651837610709407,1.8386105243412096,-8.832667234721452,3.677358279281859,-0.6772210486824166,1.838587819099123
-0.6710628309145994,1.8383728779648754,-8.83376440474829,3.677175638198246,-0.6767457559297481,1.8380497670883682
-0.6857206519929226,1.8390409653397972,-8.833449429530537,3.6760995341767364,-0.6780819306795917,1.8407120915399373
-0.7051446826571155,1.839306516983521,-8.833785444067116,3.6814241830798746,-0.6786130339670394,1.838772225872309
-0.7190994881732218,1.8384981151555904,-8.835693459575445,3.677544451744618,-0.6769962303111783,1.8346408873227011
-0.7293626252203387,1.8379771831639424,-8.837202656719862,3.6692817746454023,-0.6759543663278824,1.8322384482156446
-0.7399882052193831,1.837383688928103,-8.838844542220846,3.6644768964312893,-0.6747673778562036,1.8284596339478434
-0.7557302340233756,1.8381954068507695,-8.838348775949605,3.6569192678956868,-0.6763908137015369,1.8289242290672978
-0.7748214795616013,1.836914701468737,-8.840978442933078,3.6578484581345956,-0.6738294029374718,1.8230199694261522
-0.782455551251612,1.8361663533330206,-8.842855597247388,3.6460399388523044,-0.672332706666039,1.8185577401479283
-0.797179847697131,1.8362958651792418,-8.843357627061447,3.6371154802958565,-0.6725917303584814,1.8195754886768507
-0.8201063402501694,1.8358426255585525,-8.844746727515373,3.6391509773537014,-0.6716852511171026,1.8169770747148362
-0.8351772209750168,1.835982147128793,-8.845255092575186,3.6339541494296723,-0.6719642942575835,1.8161735019289433
-0.8538652290486004,1.8353834431956342,-8.846858201694786,3.6323470038578867,-0.6707668863912661,1.8150897670864168
-0.869668074257878,1.8348623921763194,-8.848292878262532,3.6301795341728336,-0.6697247843526366,1.8126949654448032
-0.8863745352972883,1.8344289839019048,-8.84964276323643,3.6253899308896065,-0.6688579678038072,1.8098198265290864
-0.9053144266243232,1.8344428366455487,-8.850301966994392,3.6196396530581727,-0.6688856732910953,1.8121554027444524
-0.9305888174347814,1.8338447724081912,-8.851900350853379,3.624310805488905,-0.6676895448163801,1.8089835826585494
-0.9529871934623868,1.8341098761299606,-8.852203274407634,3.617967165317099,-0.6682197522599188,1.8120580864126636
-0.9821346380483815,1.833310275878726,-8.854038874757268,3.6241161728253273,-0.6666205517574497,1.8100671976747844
-1.005747571599822,1.832816305634127,-8.855533507417992,3.620134395349569,-0.6656326112682514,1.807069507704994
-1.0282873382413644,1.8308142024025014,-8.859174263226258,3.614139015409988,-0.6616284048050003,1.7993879430384778
-1.0495715079352008,1.8311628288947532,-8.859349298340991,3.5987758860769556,-0.6623256577895041,1.8002565085037996
-1.0838981672248504,1.830323248266489,-8.861249054988159,3.600513017007599,-0.6606464965329759,1.7982745638969244
-1.1163027477388878,1.8303023290383955,-8.861918534675073,3.596549127793849,-0.6606046580767886,1.800617478333996
-1.1554677330454703,1.8301519788576766,-8.86282841975456,3.601234956667992,-0.6603039577153506,1.801309100598006
-1.1895185562089345,1.8307507660682514,-8.862621250015927,3.602618201196012,-0.6615015321365002,1.8037158812167964
-1.2226432094074307,1.8309254799603591,-8.86309147496891,3.6074317624335928,-0.661850959920716,1.803546509119989
-1.2474253518275988,1.8312796875617117,-8.863216771522156,3.607093018239978,-0.6625593751234211,1.8067883052110696
-1.2752357367324185,1.8315541566789735,-8.863550089138997,3.613576610422139,-0.6631083133579447,1.8053745364886216
-1.2935582408115005,1.8314039201916295,-8.864467988020843,3.610749072977243,-0.6628078403832567,1.8060655058488673
-1.3045075534544512,1.830774634631162,-8.866129176184364,3.6121310116977345,-0.6615492692623218,1.8019107476100507
-1.3145167706939294,1.831016969546994,-8.866508224852877,3.6038214952201013,-0.6620339390939857,1.8022595884801298
-1.326386744551396,1.83103467601946,-8.867181426351523,3.6045191769602596,-0.6620693520389175,1.803581845101205
-1.3360541586643109,1.83115424219346,-8.867718083731669,3.60716369020241,-0.6623084843869171,1.807436511761029
-1.341716606883736,1.8319765418067635,-8.867192026270306,3.614873023522058,-0.6639530836135241,1.8098019605266766
-1.3447532020291408,1.8310043643778415,-8.869408176083088,3.6196039210533533,-0.66200872875568,1.8037486665269271
-1.3353969923726563,1.8307234652858284,-8.870506891026553,3.6074973330538542,-0.6614469305716537,1.802645964299463
-1.3316761295093738,1.8307417627818923,-8.871178648702244,3.605291928598926,-0.6614835255637813,1.8025185836419095
-1.3261372071374922,1.830177380540367,-8.872658618917901,3.605037167283819,-0.6603547610807309,1.8047487599224852
-1.319627605536554,1.829659489461436,-8.874084931503798,3.6094975198449704,-0.6593189789228691,1.8063008945661003
-1.3112603800764688,1.8292179886949398,-8.875450527192106,3.6126017891322006,-0.6584359773898768,1.8074550112829335
-1.302405865912431,1.8289532948843215,-8.876556678760323,3.614910022565867,-0.6579065897686401,1.8099856638352942
-1.2861934882145345,1.8288724248363293,-8.877330422318629,3.6199713276705885,-0.6577448496726557,1.81015060397667
-1.27314330427813,1.8292328062458234,-8.877478703352542,3.62030120795334,-0.6584656124916438,1.8140872842481512
-1.2569685654231506,1.828706221444937,-8.879022651755829,3.6281745684963025,-0.6574124428898709,1.814335103304289
-1.2361519920762891,1.8275161875699248,-8.881567472844122,3.628670206608578,-0.6550323751398465,1.8098360777040134
-1.2153495149475386,1.8271485185726226,-8.882820860387314,3.619672155408027,-0.6542970371452419,1.81180377052578
-1.2056031612587095,1.8269231374989774,-8.883845893976318,3.62360754105156,-0.6538462749979513,1.810904910164718
-1.1990750803818164,1.8266800051511496,-8.884947302482257,3.621809820329436,-0.6533600103022956,1.8097027343397623
-1.1956447804174326,1.82667225211644,-8.885681133056558,3.6194054686795245,-0.6533445042328764,1.8101496644781878
-1.195749011628159,1.826377201231188,-8.88680157866021,3.6202993289563756,-0.6527544024623726,1.8099917597509823
-1.1947427696191868,1.8259502550546647,-8.888124186843868,3.6199835195019645,-0.6519005101093258,1.8084757354754608
-1.1920773972049048,1.825907915898404,-8.888925958340042,3.6169514709509216,-0.6518158317968042,1.8087478177333534
-1.1940997672124114,1.8261051840718658,-8.889380854440457,3.6174956354667067,-0.6522103681437281,1.8101792965779622
-1.1974086030487516,1.8266359739023805,-8.889338509860808,3.6203585931559243,-0.6532719478047574,1.8124014294571045
-1.2015461028168541,1.826057026030343,-8.890907669485589,3.624802858914209,-0.6521140520606823,1.8116391556286202
-1.205048172614502,1.8252635489339863,-8.892854793261597,3.6232783112572404,-0.6505270978679689,1.8073280517131045
-1.2064928898229876,1.8249004589170128,-8.894162802433902,3.614656103426209,-0.649800917834022,1.8064375880849406
-1.2118775815903415,1.8245757049715938,-8.89533542714523,3.612875176169881,-0.6491514099431839,1.8065078941100816
-1.219745282884542,1.8247529866232421,-8.895751430830002,3.6130157882201632,-0.6495059732464805,1.8070471873796914
-1.2280360341060454,1.8249164182152624,-8.896233501736031,3.6140943747593828,-0.649832836430521,1.8095868271246673
-1.233014300378577,1.824310191348658,-8.897866472537658,3.6191736542493347,-0.6486203826973118,1.8076944321745272
-1.233236706989608,1.8239425379399397,-8.899097399167,3.6153888643490544,-0.6478850758798752,1.808286718777677
-1.2359980247159532,1.8238829439477333,-8.899875691075998,3.616573437555354,-0.6477658878954627,1.8101985796443663
-1.2411459482564418,1.8244731591637477,-8.899750930347482,3.6203971592887325,-0.6489463183274917,1.8111621631947081
-1.250222949579749,1.8246261622869493,-8.900282349253914,3.6223243263894163,-0.6492523245738949,1.8106624035626293
-1.2524554602210474,1.8250043291519333,-8.90046283124925,3.6213248071252586,-0.6500086583038632,1.8108978836158958
-1.2486855130084686,1.8254505327407606,-8.900508574663998,3.6217957672317915,-0.650901065481518,1.8123051657089575
-1.2411801838038174,1.8247144655527048,-8.90227744368453,3.624610331417915,-0.6494289311054063,1.8121330482010922
-1.2271521689707354,1.824629968988807,-8.903101323984762,3.6242660964021844,-0.649259937977611,1.8120854721225454
-1.2170553344149813,1.824572248937016,-8.903909704179089,3.624170944245091,-0.6491444978740288,1.8132202636617212
-1.207351156163953,1.8250372446405647,-8.90398496707942,3.6264405273234424,-0.6500744892811264,1.8143904074282355
-1.1976773287592648,1.8248379207649115,-8.90499993914094,3.628780814856471,-0.6496758415298198,1.8147889515392026
-1.181763097993187,1.8241935224228538,-8.906697661653912,3.629577903078405,-0.6483870448457046,1.8122837865900183
-1.1655390201404137,1.8239817381189156,-8.907694336484422,3.6245675731800366,-0.6479634762378282,1.8140613559243841
-1.1547469863624453,1.8243307981186656,-8.907914684247547,3.6281227118487682,-0.6486615962373283,1.8173937424817632
-1.1493241808348973,1.8243208095059087,-8.90866984422621,3.6347874849635264,-0.6486416190118145,1.8176535076257296
-1.1384220218501122,1.8241687456201563,-8.909658112407469,3.6353070152514593,-0.6483374912403097,1.816910793571302
-1.1234564403500915,1.8228753501957988,-8.912305614622307,3.633821587142604,-0.645750700391595,1.810999921758174
-1.1048360640674062,1.8226999027971582,-8.913249894088963,3.621999843516348,-0.6453998055943136,1.8116975781623863
-1.0938284560621891,1.8219341019252764,-8.915052567071896,3.6233951563247726,-0.6438682038505498,1.8112814308589993
-1.0834967334658714,1.8219087317038938,-8.915777092520425,3.6225628617179986,-0.6438174634077845,1.813286174945737
-1.0799517710725306,1.8227547562803585,-8.915231322353145,3.626572349891474,-0.6455095125607141,1.8169210295189389
-1.076067077562687,1.823024154465865,-8.91556185084866,3.6338420590378777,-0.6460483089317269,1.8191134375443527
-1.064679448690394,1.8231058693103686,-8.916145866234773,3.6382268750887055,-0.6462117386207341,1.8211320435327871
-1.0515573286273403,1.8232517248037357,-8.916622053317212,3.6422640870655743,-0.6465034496074683,1.8228208392414837
-1.0417964115686598,1.8227206959995113,-8.918180748184325,3.6456416784829675,-0.6454413919990196,1.8199216071499926
-1.0308272531039542,1.8221986846445828,-8.919696195441567,3.6398432142999853,-0.6443973692891629,1.817068466772419
-1.0250774139198242,1.8221376041260358,-8.920542357689369,3.634136933544838,-0.644275208252069,1.81609965246296
-1.0259698872737033,1.821882784325599,-8.921647008585195,3.63219930492592,-0.643765568651195,1.8155919054163494
-1.0236696101107068,1.8214715795932317,-8.923029001142394,3.631183810832699,-0.6429431591864606,1.8135300938203278
-1.0223078180338758,1.8217486625807155,-8.923326355103033,3.6270601876406556,-0.6434973251614283,1.8161128599972067
-1.0249789177897277,1.8220029160162985,-8.923637825002707,3.6322257199944135,-0.6440058320325941,1.8178223038043573
-1.0291111597111033,1.8224499709039021,-8.923683541881688,3.6356446076087146,-0.6448999418078012,1.8214106460395543
-1.0318234170726779,1.82278986639883,-8.923912478607557,3.6428212920791085,-0.6455797327976568,1.821382665079273
-1.0291085244916864,1.8223268376958015,-8.925331013109144,3.642765330158546,-0.6446536753915997,1.8199925258070493
-1.0219041330821614,1.821667509743933,-8.92705685671233,3.6399850516140986,-0.6433350194878624,1.8175189871991293
-1.0186614355770258,1.8217512064472483,-8.927625785720686,3.6350379743982586,-0.6435024128944932,1.819337276435163
-1.020846778641249,1.8224937752354142,-8.927289021501911,3.638674552870326,-0.6449875504708249,1.8199102996400405
-1.023712596185855,1.8218158470164485,-8.929000374712517,3.639820599280081,-0.6436316940328934,1.8201075742762933
-1.0132278557912109,1.8216653831097724,-8.929959289362056,3.6402151485525867,-0.6433307662195413,1.8197092376875768
-1.006682134358572,1.8213702434090515,-8.931106766293672,3.6394184753751535,-0.6427404868180996,1.8206969616637525
-0.997037504186089,1.8209946243617414,-8.93240885717286,3.641393923327505,-0.6419892487234796,1.8179473107412578
-0.988714240965896,1.8203763489749545,-8.93407477388853,3.6358946214825156,-0.6407526979499055,1.815374096102459
-0.9864687124021971,1.819462376873697,-8.936224541763837,3.630748192204918,-0.6389247537473906,1.8104062519477824
-0.9881233712885278,1.8204103898864656,-8.93554850403436,3.6208125038955647,-0.6408207797729278,1.8122384610721547
-0.9995297609327878,1.820252982320713,-8.936506757834227,3.6244769221443094,-0.6405059646414226,1.812479117424457
-1.0039563323891523,1.8200348081412192,-8.937578324562297,3.624958234848914,-0.6400696162824352,1.811342584111285
-1.0064933140514842,1.8195819282304257,-8.938994488797274,3.62268516822257,-0.6391638564608481,1.8091079059610966
-1.0070445329066242,1.8196716179007584,-8.93962543443769,3.618215811922193,-0.6393432358015133,1.8089172807458216
-1.0109278544242928,1.8196739325482267,-8.940346091839757,3.617834561491643,-0.63934786509645,1.8090086742556921
-1.0129537268687283,1.819775526231464,-8.940950025347533,3.6180173485113842,-0.6395510524629247,1.8083689414134057
-1.0131765417614815,1.8197783861478392,-8.94167822334102,3.6167378828268113,-0.639556772295675,1.8109783495125924
-1.0141364108507593,1.819591513395467,-8.942678815561576,3.621956699025185,-0.6391830267909305,1.8132856731013034
-1.0159855684457266,1.819973277923645,-8.942827588035463,3.626571346202607,-0.6399465558472864,1.8152556847952666
-1.0226146967267367,1.8196051969986096,-8.944072724432406,3.630511369590533,-0.6392103939972156,1.8148037168556017
-1.0272383989142329,1.8197600187445089,-8.9445692529529,3.6296074337112034,-0.639520037489014,1.8152848395480705
-1.032708264823853,1.819519739724574,-8.945680635983702,3.630569679096141,-0.6390394794491442,1.8135990650836111
-1.0331274906593224,1.8189487710815517,-8.947246255069224,3.6271981301672223,-0.6378975421631,1.8108786608555705
-1.034391027399355,1.8191841122529302,-8.947622465155224,3.621757321711141,-0.638368224505857,1.8114455324587486
-1.0444764123250625,1.819098483000883,-8.948452371095705,3.6228910649174972,-0.6381969660017622,1.8114897609879752
-1.049225499083744,1.8188941740477478,-8.949472345817215,3.6229795219759504,-0.6377883480954919,1.8104172940665242
-1.0532811152030872,1.8187626312366827,-8.950401734213818,3.6208345881330484,-0.6375252624733617,1.8102449036336012
-1.0569620530733603,1.8180028130208046,-8.95219869833779,3.6204898072672025,-0.6360056260416055,1.8106674311721915
-1.0578093464762794,1.8187088959483344,-8.951898949453083,3.621334862344383,-0.6374177918966653,1.8125887920820738
-1.0627341289341432,1.818769569824342,-8.952538061258887,3.6251775841641476,-0.6375391396486805,1.8144826432177281
-1.057673718154705,1.818103526139817,-8.954264801933231,3.6289652864354562,-0.6362070522796304,1.8121522938342063
-1.0555206166588746,1.8184103526163913,-8.954542284315407,3.6243045876684126,-0.6368207052327787,1.8118260571792708
-1.0581518641013457,1.8171954737546132,-8.957063173943936,3.6236521143585416,-0.6343909475092225,1.807233850261205
-1.0542067606179577,1.8162698556073409,-8.959170065135876,3.61446770052241,-0.6325397112146779,1.802501785057288
-1.0544084744049878,1.8163346357520722,-8.959806571685943,3.605003570114576,-0.6326692715041407,1.8019995865200467
-1.0619417236714153,1.8161139147417837,-8.960885306660568,3.6039991730400933,-0.6322278294835637,1.8000688311130895
-1.0683533605962339,1.8154247358512579,-8.96263235535738,3.600137662226179,-0.630849471702512,1.7989862323267878
-1.0751840572998486,1.8155937647571503,-8.963097785674458,3.5979724646535756,-0.6311875295142967,1.804231392769232
-1.087467051248698,1.815928499409504,-8.96334266593577,3.608462785538464,-0.631856998819004,1.807690625534337
-1.0982010036574046,1.8160164830270444,-8.963953074687675,3.615381251068674,-0.6320329660540852,1.8090511021751583
-1.1084468959724907,1.816866282668089,-8.963405723689736,3.6181022043503166,-0.6337325653361744,1.8125928260343642
-1.118160038963472,1.81645055033614,-8.964777081894352,3.6251856520687284,-0.6329011006722761,1.8124970325366572
-1.1206999512765181,1.8156380120572255,-8.966722631800515,3.6249940650733143,-0.6312760241144475,1.8088995657790796
-1.1229561563015702,1.815750806753173,-8.96731297596908,3.6177991315581592,-0.6315016135063423,1.809739360753715
-1.128455271633526,1.8153797445774789,-8.968576084741184,3.61947872150743,-0.6307594891549541,1.8082594990576875
-1.133267008808243,1.8148216960081673,-8.970113209037136,3.616518998115375,-0.6296433920163309,1.810338916295859
-1.1388802596337708,1.815284488592386,-8.970134718333854,3.620677832591718,-0.6305689771847683,1.8144002084288329
-1.1486043958442256,1.8153895536963973,-8.970695551108939,3.6288004168576657,-0.6307791073927912,1.8143784448391538
-1.1541414905515968,1.8161129438710792,-8.97037027762603,3.6287568896783076,-0.6322258877421552,1.8173381180189883
-1.156708696475425,1.8160798752683458,-8.97116634437343,3.6346762360379765,-0.6321597505366882,1.8172186302896727
-1.1571095643776923,1.8156964002327016,-8.97248235680869,3.6344372605793454,-0.6313928004653999,1.8166290537372136
-1.1569318824823291,1.815170823953748,-8.974027449732901,3.6332581074744272,-0.6303416479074928,1.8143242034913978
-1.1547995351846385,1.815972868493482,-8.973557097308497,3.6286484069827956,-0.6319457369869603,1.817417779733562
-1.1600373228045573,1.815706254047646,-8.974622216606935,3.634835559467124,-0.6314125080952885,1.8193273739972278
-1.1522567581814425,1.8160872399324182,-8.974807539948532,3.6386547479944555,-0.6321744798648329,1.820105905868698
-1.1426032191620301,1.815470009131945,-8.97651062490876,3.640211811737396,-0.6309400182638862,1.8165318639363246
-1.1285573203881114,1.8160016840935718,-8.976465940623779,3.633063727872649,-0.63200336818714,1.8199248871679818
-1.1191856761938856,1.816064559398971,-8.977068181755246,3.6398497743359637,-0.6321291187979384,1.8214772344797974
-1.1023555650748307,1.8167072868634198,-8.976863381974042,3.6429544689595947,-0.633414573726836,1.8238415719109846
-1.0873980153755909,1.8169792046765958,-8.977254587305367,3.6476831438219692,-0.6339584093531883,1.8249843248889157
-1.0697877044019979,1.8163489947851637,-8.978946240147327,3.6499686497778314,-0.6326979895703239,1.8245155424018749
-1.0490702724297876,1.8169561525078546,-8.978742911434113,3.6490310848037497,-0.6339123050157058,1.8288271495578654
-1.0393305021421781,1.8165209850782946,-8.980156812559763,3.657654299115731,-0.6330419701565859,1.8280735993041755
-1.02182012378114,1.8174079748904464,-8.979571802572607,3.656147198608351,-0.6348159497808893,1.8312144611377303
-1.006064327246083,1.817838120741146,-8.979715771232783,3.6624289222754607,-0.6356762414822885,1.8309698612655072
-0.9851733241557481,1.8176292311388205,-8.980753475541139,3.6619397225310144,-0.6352584622776373,1.8302443917627305
-0.9589818630916263,1.8171525927584602,-8.982216846717646,3.660488783525461,-0.6343051855169166,1.829330696924967
-0.9308003569867269,1.816914600855982,-8.98330422218524,3.658661393849934,-0.63382920171196,1.8292623133108141
-0.9084802815731248,1.81655841356876,-8.984576939492372,3.6585246266216283,-0.6331168271375163,1.8278581855898968
-0.8881344752353204,1.8156323009693982,-8.986710641569369,3.6557163711797935,-0.6312646019387925,1.8223988400138442
-0.8725897835602847,1.8155976712096482,-8.987472159931345,3.6447976800276884,-0.6311953424192925,1.8241380120253938
-0.8642506966536274,1.8154062429246554,-8.988485135554157,3.6482760240507877,-0.6308124858493066,1.8227242506945431
-0.8544808240761252,1.8155465060152758,-8.989018776682578,3.6454485013890863,-0.6310930120305472,1.8228393162270298
-0.844621312606483,1.8157089596976053,-8.989533832195038,3.6456786324540595,-0.6314179193952062,1.8220271040644895
-0.8391072535446078,1.815345537966858,-8.990825284977301,3.644054208128979,-0.6306910759337113,1.8193809505580205
-0.8309069489464367,1.8156572193019895,-8.991118771872637,3.638761901116041,-0.6313144386039747,1.8202348134439268
-0.8289085422982403,1.8152847866928048,-8.992402630102685,3.6404696268878536,-0.6305695733856053,1.82058706235499
-0.8213796265070856,1.8156652076953126,-8.992575818441518,3.64117412470998,-0.631330415390621,1.8221309961521885
-0.8210604540388076,1.8152301440711935,-8.993977407034748,3.644261992304377,-0.6304602881423826,1.8207328206579607
-0.8177728079500843,1.8143893073900128,-8.995958029965783,3.6414656413159214,-0.6287786147800213,1.8188718189035549
-0.8197135396079691,1.8134960516342418,-8.99803738400735,3.6377436378071097,-0.6269921032684792,1.8182638540735678
-0.8276100900331871,1.8129048635396598,-8.999627528104002,3.6365277081471357,-0.6258097270793155,1.8183218415332438
-0.838142694150787,1.813042385778531,-9.000155153302378,3.6366436830664877,-0.6260847715570577,1.8213554041099231
-0.8571239713052572,1.8125596451154558,-9.001636508451787,3.6427108082198463,-0.6251192902309072,1.818459303579636
-0.8722176972097175,1.8134979255924988,-9.000990478437593,3.636918607159272,-0.6269958511849932,1.8216419701004345
-0.898470783022594,1.8132239699046462,-9.002170679231037,3.643283940200869,-0.6264479398092881,1.8221715064099178
-0.9192521996197147,1.8135484910650812,-9.002441613963876,3.6443430128198355,-0.6270969821301583,1.8235121242737717
-0.9421353657357567,1.8137673715904603,-9.002873335452211,3.6470242485475435,-0.6275347431809163,1.8249114318713444
-0.960867570380719,1.814328979217551,-9.002773175745206,3.649822863742689,-0.6286579584350974,1.8271713870723818
-0.9781716553012174,1.8141731299141541,-9.003768696204853,3.6543427741447636,-0.6283462598283035,1.826835555127848
-0.988827504260227,1.813866577930099,-9.004984685047532,3.653671110255696,-0.6277331558601934,1.8255363658183075
-0.9952262112571173,1.814083019968507,-9.005449847281747,3.651072731636615,-0.6281660399370091,1.8254645647414816
-1.004000478356451,1.8147363940040706,-9.005161241684469,3.650929129482963,-0.6294727880081366,1.829285487039296
-1.0115845838160133,1.8142739096052403,-9.006588455367883,3.658570974078592,-0.6285478192104756,1.8274817700679837
-1.0132328296965598,1.8147733405380677,-9.006555438783174,3.6549635401359675,-0.6295466810761307,1.8317293488118087
-1.0200523797732313,1.8131257852865612,-9.009787998579323,3.6634586976236174,-0.6262515705731178,1.8227152437741299
-1.016604579771772,1.812660880685202,-9.01118896052147,3.6454304875482597,-0.6253217613703995,1.8236787693762022
-1.0250541638927917,1.8136173904003359,-9.010475909209404,3.6473575387524044,-0.6272347808006671,1.827718452138866
-1.037063691026325,1.8138781674697095,-9.010846453921749,3.655436904277732,-0.6277563349394143,1.8283883354311834
-1.0436102237629097,1.8135756816774713,-9.012036708312468,3.656776670862367,-0.6271513633549379,1.8278897880480311
-1.0447499054713782,1.814283760395958,-9.01174534256635,3.6557795760960623,-0.6285675207919114,1.829797950747344
-1.045271657217504,1.814237392185519,-9.012586121817524,3.659595901494688,-0.6284747843710332,1.8294508709878852
-1.0352396355463087,1.8133787796045273,-9.014618872433875,3.6589017419757703,-0.6267575592090497,1.828542374711175
-1.0200029205819838,1.8138265807005511,-9.01472467762854,3.65708474942235,-0.6276531614010973,1.831308910360692
-1.0124092194445495,1.8142733366534465,-9.014833549573847,3.662617820721384,-0.6285466733068881,1.8335017068139765
-0.9996797417679826,1.8139645579717418,-9.016030568125734,3.667003413627953,-0.6279291159434788,1.8342280862932498
-0.9875436221311507,1.813882121250159,-9.016894672411695,3.6684561725864997,-0.6277642425003134,1.836588331751145
-0.9759065363655184,1.8132436659094668,-9.018638828632428,3.67317666350229,-0.6264873318189291,1.8332581250318847
-0.9647901966538326,1.8120202964110386,-9.02123195361489,3.6665162500637694,-0.6240405928220726,1.8273140944815227
-0.9564363808567595,1.811563115825274,-9.022635178547386,3.6546281889630454,-0.6231262316505434,1.8261153034479989
-0.9588261429877889,1.8115712794006065,-9.023354899216244,3.6522306068959978,-0.6231425588012082,1.8258548271249033
-0.9639206749761335,1.8118676589137521,-9.023703426477532,3.6517096542498066,-0.6237353178274996,1.8253549810010363
-0.9682016053615401,1.8121608093010675,-9.02401759478833,3.6507099620020727,-0.6243216186021303,1.8291330553415563
-0.9721981782444544,1.8119420799479604,-9.025111231383717,3.6582661106831127,-0.6238841598959163,1.8282481057816322
-0.9769760377493517,1.8122607447908614,-9.025360418969695,3.6564962115632644,-0.6245214895817183,1.8303061466638049
-0.9820655665673046,1.8124163717474195,-9.025873012251923,3.6606122933276097,-0.6248327434948348,1.8303261842107703
-0.9878220782484313,1.8119975417804992,-9.027253150303169,3.6606523684215406,-0.623995083560994,1.8296324616308728
-0.9837706334503817,1.8125100201527993,-9.027293721295058,3.6592649232617456,-0.6250200403055941,1.8312800846025032
-0.9818533715928615,1.8132028339507933,-9.027043371669368,3.6625601692050065,-0.6264056679015824,1.832677610394361
-0.9830347678968874,1.812794402926253,-9.028433437509756,3.665355220788722,-0.625588805852502,1.8312918689308288
-0.9792830677908313,1.8121547485101002,-9.030156825078858,3.6625837378616577,-0.6243094970201961,1.8278678318355444
-0.9756433422781665,1.8119350310873485,-9.031224662289713,3.6557356636710887,-0.623870062174693,1.828440843642932
-0.980175001463512,1.8125298481640826,-9.031084873256278,3.656881687285864,-0.6250596963281609,1.8325065465459505
-0.9877893543709764,1.8131679869136434,-9.030863716509126,3.665013093091901,-0.6263359738272826,1.8350350432991178
-0.9883678602664441,1.8128437720784771,-9.03208778143736,3.6700700865982356,-0.6256875441569499,1.8345461555734868
-0.9855931547553958,1.8132702709979467,-9.03220403128188,3.6690923111469735,-0.6265405419958889,1.8356798922241135
-0.9887149071496975,1.8132006435292034,-9.033086889256447,3.671359784448227,-0.6264012870584026,1.835657030700698
-0.9868461655902472,1.813188108720119,-9.033852242001903,3.671314061401396,-0.6263762174402336,1.8364179414241482
-0.9850947653840247,1.814031905504331,-9.033395986024434,3.6728358828482963,-0.628063811008658,1.8373603280070347
-0.9823305952750605,1.813416340017111,-9.035090372315777,3.6747206560140695,-0.6268326800342182,1.8356830762781968
-0.9655484850540859,1.812723887344416,-9.036886240109359,3.6713661525563936,-0.6254477746888281,1.8338448174885422
-0.949287424423356,1.8126645534856205,-9.037766110314733,3.6676896349770844,-0.6253291069712372,1.8324916219250993
-0.9379849734870449,1.8129418693316286,-9.038108498800439,3.6649832438501986,-0.6258837386632533,1.8356291465382146
-0.929433321592545,1.8133557972135772,-9.03825936603788,3.6712582930764293,-0.6267115944271505,1.8371905496621588
-0.9213745846493593,1.8135006772812692,-9.03877305083911,3.6743810993243176,-0.6270013545625345,1.8388244132982368
-0.9095424361595796,1.8136045231119025,-9.039421552089209,3.6776488265964735,-0.6272090462238012,1.8381423996179347
-0.8985839244642992,1.8133964832226848,-9.040473254128472,3.6762847992358694,-0.6267929664453658,1.8381978576622968
-0.8873594147558483,1.8128853783277599,-9.042049876480448,3.6763957153245936,-0.6257707566555161,1.8352379954634892
-0.8744997116458286,1.8120827090666236,-9.043992308433669,3.6704759909269784,-0.6241654181332433,1.8320182282248814
-0.8664110121241348,1.8118912597342203,-9.045055808160559,3.6640364564497627,-0.6237825194684365,1.8312446948211856
-0.8676243333569618,1.812368324870352,-9.045131031939405,3.662489389642371,-0.6247366497407,1.832577431564309
-0.869727924779518,1.8121143766316377,-9.046244324928534,3.665154863128618,-0.6242287532632717,1.8324863852752544
-0.8647357280875276,1.8116147786823003,-9.04779288492933,3.664972770550509,-0.6232295573645966,1.830372572222822
-0.8594922406174161,1.8121052364136945,-9.04781032009833,3.660745144445644,-0.6242104728273852,1.832096595835539
-0.8626360991897943,1.8132694161997427,-9.046877351027439,3.664193191671078,-0.6265388323994817,1.8339650521913529
-0.8685321191629978,1.8135661046516995,-9.047240584022573,3.6679301043827057,-0.6271322093033954,1.8330756757486282
-0.8645791833476126,1.8136220705252128,-9.04792221997867,3.6661513514972563,-0.627244141050422,1.8348716130735492
-0.8610367660681906,1.8135843171043338,-9.048803081086255,3.6697432261470984,-0.6271686342086638,1.8339806750742045
-0.856862188269953,1.8133419141073983,-9.049965866502891,3.667961350148409,-0.6266838282147928,1.8318350843276348
-0.8526288403757709,1.8134161263421122,-9.050597109900238,3.6636701686552695,-0.6268322526842205,1.8339173781923648
-0.8552746173225731,1.813708506568148,-9.050933716044705,3.6678347563847296,-0.6274170131362917,1.8353605951298502
-0.8553679885275116,1.8133909515172006,-9.052162198050567,3.6707211902597003,-0.6267819030343972,1.8345941055511032
-0.8493566371002377,1.8139365607557367,-9.052148643278475,3.6691882111022065,-0.6278731215114692,1.8353069473630859
-0.8469472707272079,1.8136381481629866,-9.053308148816496,3.6706138947261717,-0.6272762963259693,1.8354998070433615
-0.8413027651867395,1.8142009548937084,-9.053213319564202,3.670999614086723,-0.628401909787413,1.838474839773738
-0.8415938553877496,1.8143987524772915,-9.053671935782937,3.676949679547476,-0.6287975049545791,1.8393695901082845
-0.8389460063129963,1.8148927834859012,-9.053697742263843,3.678739180216569,-0.6297855669717983,1.8422781923703517
-0.8367024774955576,1.814153519129636,-9.055568292764749,3.6845563847407035,-0.6283070382592678,1.8391695140499202
-0.8279073213299348,1.8148120476500098,-9.055339753364473,3.6783390280998405,-0.6296240953000154,1.842334374886745
-0.823795743317902,1.814619168322479,-9.056380295776046,3.68466874977349,-0.629238336644954,1.8416497038443258
-0.8103375063738438,1.8147688739301948,-9.056940854068465,3.6832994076886516,-0.6295377478603856,1.8424381842849502
-0.7978083978291615,1.8150578592217204,-9.0572479810772,3.6848763685699004,-0.6301157184434365,1.8457844859525856
-0.7875238418351831,1.8148607364708125,-9.058308377305762,3.691568971905171,-0.6297214729416208,1.8458096169604918
-0.7734311033552377,1.8146660166000814,-9.059347483160572,3.6916192339209837,-0.6293320332001588,1.845961470056324
-0.758089446400052,1.8147402812893771,-9.059980232191258,3.691922940112648,-0.6294805625787504,1.845919072379218
-0.7471415867823064,1.8133985832421917,-9.062826744429762,3.691838144758436,-0.6267971664843796,1.8377074988848794
-0.7387856941982403,1.8133888589039595,-9.063639445765183,3.6754149977697588,-0.6267777178079154,1.8366520891048213
-0.741863380995726,1.8132000594427153,-9.064747821981042,3.6733041782096425,-0.6264001188854268,1.8338080822290206
-0.745111768033019,1.8129336222469106,-9.065930806933334,3.667616164458041,-0.625867244493817,1.8314452831330357
-0.7492516337911361,1.8125268937088934,-9.067287355275855,3.6628905662660713,-0.625053787417783,1.8292988548772873
-0.7534709983067831,1.8124319357980232,-9.068206946202585,3.6585977097545745,-0.6248638715960424,1.829232272421042
-0.7610667198554077,1.8126013826751077,-9.068725964426749,3.658464544842084,-0.6252027653502114,1.8279083276836343
-0.7715571995868187,1.8132240223018465,-9.068584744595704,3.6558166553672686,-0.6264480446036892,1.8310040289591853
-0.780971844451261,1.8134460039127118,-9.069007241404712,3.6620080579183707,-0.6268920078254199,1.8310906909833453
-0.7891992784252393,1.8130563306321061,-9.070312459303006,3.6621813819666906,-0.6261126612642086,1.8303743975139422
-0.7934876651510105,1.812613435188626,-9.071728726934104,3.6607487950278843,-0.6252268703772486,1.8291100380161287
-0.8026017925750617,1.812019911408872,-9.073341528533268,3.6582200760322574,-0.6240398228177405,1.8279141878530212
-0.8146817387586998,1.812108402510833,-9.073980460716152,3.6558283757060424,-0.6242168050216625,1.8280231977376724
-0.8339967174009315,1.8118437947556496,-9.075114842029416,3.656046395475345,-0.6236875895112957,1.8274936127728507
-0.8485186960703945,1.8113724288969264,-9.076608944000133,3.6549872255457014,-0.6227448577938494,1.8261311327552272
-0.8672844584575161,1.8116305596440336,-9.077029852948096,3.6522622655104544,-0.623261119288064,1.8269531205925895
-0.8891850023179941,1.811737914156943,-9.077612117012134,3.653906241185179,-0.6234758283138825,1.8293420375214424
-0.9101155989717373,1.8110346226502996,-9.07940378879374,3.658684075042885,-0.6220692453005956,1.8281585911432623
-0.9297926952569204,1.811734246665913,-9.079142469707925,3.6563171822865246,-0.6234684933318222,1.8296265319925231
-0.9551088049218235,1.8120354540539907,-9.079456887117908,3.6592530639850462,-0.6240709081079777,1.8316617844428327
-0.9744099634584575,1.8121524490042364,-9.080041600290627,3.6633235688856653,-0.6243048980084692,1.8339224758435817
-0.9916228160179736,1.8120821045284097,-9.08087538730623,3.6678449516871634,-0.6241642090568157,1.8363373662998246
-1.0009076104590644,1.8121944003814172,-9.081518915486965,3.672674732599649,-0.6243888007628309,1.8369922661524152
-1.0102687948176339,1.8122050172879451,-9.08227087382944,3.6739845323048304,-0.6244100345758866,1.8384199183199448
-1.0172744121929638,1.8117776588978947,-9.083666378295648,3.6768398366398896,-0.6235553177957857,1.8384296497004529
-1.0211737886204348,1.8116150194693998,-9.084723313952871,3.6768592994009057,-0.6232300389387958,1.8386781259989433
-1.025136789407009,1.811813432740468,-9.085210938730006,3.6773562519978866,-0.623626865480932,1.8388174919557476
-1.0297367445250671,1.8118548278810158,-9.085948609011472,3.6776349839114952,-0.6237096557620279,1.8378482610248292
-1.0331574299760629,1.8111760601903215,-9.08775398826568,3.6756965220496585,-0.6223521203806393,1.8341444510079044
-1.037291596059763,1.8107072462972673,-9.089226928514558,3.6682889020158087,-0.6214144925945307,1.833539875064757
-1.0458650474476254,1.8104964953442801,-9.09035268561163,3.667079750129514,-0.6209929906885564,1.831553851252315
-1.0548521828169388,1.8100658580074072,-9.091793048434521,3.66310770250463,-0.6201317160148102,1.8296240531436339
-1.0615760042004148,1.8094627378476722,-9.093466077991959,3.6592481062872677,-0.6189254756953403,1.8266368581234833
-1.0665167339703494,1.8086997279590076,-9.095334272238453,3.6532737162469666,-0.617399455918011,1.8239371248033442
-1.073961077295822,1.807882278503684,-9.097274635224737,3.6478742496066885,-0.6157645570073641,1.8212121250646987
-1.0831448725071473,1.8078976311650323,-9.09798727831171,3.6424242501293973,-0.6157952623300605,1.8234542591651115
-1.0955171401733939,1.8081828720045063,-9.09831406088453,3.646908518330223,-0.6163657440090085,1.8251282025503393
-1.1093287022612497,1.8075329035400076,-9.100071598396955,3.6502564051006785,-0.6150658070800111,1.823834315365643
-1.1193835712453293,1.8078683351080367,-9.100343908241253,3.647668630731286,-0.6157366702160693,1.8249779523725163
-1.1312027846968764,1.8072979195072507,-9.102018782912047,3.6499559047450325,-0.6145958390144975,1.8232308682098843
-1.142304716573701,1.8064867151622421,-9.103975341761185,3.6464617364197687,-0.6129734303244803,1.8217137455246608
-1.1569184268873318,1.8060472766177504,-9.105360549610785,3.6434274910493216,-0.6120945532354967,1.8208413299504167
-1.1767150297614908,1.8055103655913465,-9.10691076305972,3.6416826599008334,-0.6110207311826885,1.8196015280467701
-1.1977614192524326,1.8052123899859644,-9.108111678201162,3.6392030560935402,-0.6104247799719243,1.8207180043841227
-1.2223107192219178,1.8054400678466835,-9.10853306636187,3.6414360087682454,-0.6108801356933627,1.8223493124884254
-1.2493624966745411,1.8050536174716652,-9.109899163686157,3.6446986249768507,-0.6101072349433257,1.8220812884066535
-1.2710933152089163,1.8052862821967521,-9.11026733304688,3.644162576813307,-0.6105725643934996,1.8257645386859327
-1.2950809961576049,1.8046399295557016,-9.111978793601583,3.6515290773718654,-0.6092798591113987,1.8243329295122808
-1.3161487942834373,1.8048929799019982,-9.112392463317278,3.6486658590245615,-0.6097859598039916,1.8254896676607903
-1.34229618341762,1.8043505845445091,-9.11401856625728,3.6509793353215807,-0.6087011690890138,1.8235667358754692
-1.3611030510948874,1.8051316258279568,-9.113637702179926,3.6471334717509385,-0.6102632516559091,1.8287060467143117
-1.3829273462476754,1.8046062965929546,-9.115231536410512,3.6574120934286234,-0.6092125931859047,1.8256784787472036
-1.3954103447785062,1.8056605894587923,-9.114439171369837,3.651356957494407,-0.6113211789175803,1.830093550092524
-1.4115812847929963,1.806056118571473,-9.114611361106368,3.660187100185048,-0.6121122371429416,1.8325706170938565
-1.4164293442128635,1.805535063603939,-9.116220311942676,3.665141234187713,-0.6110701272078736,1.8291317434827472
-1.41219684805756,1.8056481689186326,-9.11681911447907,3.6582634869654944,-0.6112963378372609,1.8294691659857063
-1.4073702491644875,1.804975914172685,-9.118642758915707,3.6589383319714126,-0.6099518283453659,1.8274058813280816
-1.3992540386432193,1.8051727130571222,-9.119122394331399,3.654811762656163,-0.6103454261142403,1.8271155860717845
-1.3975051303985806,1.8046059499354319,-9.120741654533083,3.654231172143569,-0.6092118998708594,1.8243678293541514
-1.3888816695895763,1.8045698321633268,-9.121578810036276,3.648735658708303,-0.6091396643266493,1.8257046698273673
-1.385564172180767,1.8041724386896854,-9.122971419773686,3.6514093396547347,-0.6083448773793664,1.824905813947996
-1.3780484011004592,1.804791332467644,-9.122795462976496,3.649811627895992,-0.6095826649352835,1.831645461459518
-1.3705434577753621,1.805166235656059,-9.123027811139051,3.663290922919036,-0.6103324713121137,1.8336525750084258
-1.3563088647536548,1.8047251060059408,-9.124449071267385,3.6673051500168516,-0.6094502120118774,1.8346797998412652
-1.3349439958334486,1.8055693661993901,-9.123929706598332,3.6693595996825303,-0.6111387323987763,1.8423289070344355
-1.3171731613914028,1.8060438187721917,-9.124041190375415,3.684657814068871,-0.6120876375443796,1.8432052832299735
-1.2947517269444724,1.8062329295595636,-9.124574751526229,3.686410566459947,-0.6124658591191235,1.8439184584636434
-1.2670350574132012,1.8066925348163683,-9.124724851059094,3.687836916927287,-0.613385069632733,1.8452600312963177
-1.240209632490969,1.8070506903638683,-9.124989894416878,3.6905200625926353,-0.6141013807277332,1.8473461099105961
-1.2076488031711436,1.8063846474298604,-9.126768588179631,3.6946922198211922,-0.6127692948597172,1.8458368480970528
-1.1722423002077704,1.8064446550295328,-9.127446442070413,3.6916736961941057,-0.6128893100590618,1.8472121280829732
-1.1396492710717405,1.8061609826780165,-9.128653948572065,3.6944242561659464,-0.612321965356029,1.8457008300864588
-1.1106104080911399,1.8062722110361276,-9.129263512193063,3.6914016601729176,-0.6125444220722509,1.8496104253135353
-1.0820264103264083,1.8050372974745343,-9.131979388081868,3.6992208506270705,-0.6100745949490645,1.8427827113346968
-1.0559437315897018,1.8054299779712824,-9.132192313877407,3.6855654226693937,-0.6108599559425604,1.8439813273052144
-1.0427822881759834,1.8061273824211435,-9.13190562253462,3.6879626546104287,-0.6122547648422828,1.845755609831354
-1.0266985441702428,1.8067126340959492,-9.131797283219218,3.691511219662708,-0.6134252681918941,1.8478264728450398
-1.0081145378347296,1.8066453450998043,-9.132692738783552,3.6956529456900795,-0.6132906901996046,1.8486240353743164
-0.9824487950468495,1.8060587838613702,-9.134376459575119,3.697248070748633,-0.6121175677227361,1.8471479772523103
-0.9578092499553108,1.8066545296304493,-9.134264770609319,3.6942959545046206,-0.6133090592608943,1.8471714241887154
-0.9372778755613016,1.8070547943809807,-9.134468987809534,3.6943428483774308,-0.6141095887619571,1.84670476113946
-0.9139925932124191,1.8074639638563046,-9.134677455212444,3.69340952227892,-0.614927927712605,1.8477722713473321
-0.8877872772469706,1.8082244617065044,-9.134347828564522,3.6955445426946643,-0.6164489234130044,1.8498878681419288
-0.8647514468770678,1.8081997703485833,-9.135158030705032,3.6997757362838577,-0.6163995406971621,1.849396117722351
-0.838876409133178,1.8079769675195174,-9.136317350240338,3.698792235444702,-0.6159539350390305,1.8469881881120485
-0.8116185274080205,1.80778516267884,-9.137419417127736,3.693976376224097,-0.6155703253576755,1.8466912929700086
-0.7912473584438402,1.8080202780976742,-9.137843926031842,3.693382585940017,-0.6160405561953443,1.8508787535448374
-0.7765988014841714,1.8073846202450177,-9.139619569025479,3.701757507089675,-0.6147692404900312,1.848324482087363
-0.760694210177264,1.8074889259916462,-9.140294454602737,3.696648964174726,-0.6149778519832886,1.8487346060019656
-0.7532504517325824,1.807973322957657,-9.140367682588378,3.697469212003931,-0.6159466459153098,1.8504607875219028
-0.7492471216064116,1.8079982608996328,-9.141175576691031,3.7009215750438056,-0.6159965217992617,1.8482420547498304
-0.7394224393949438,1.8079774942372722,-9.141972218714718,3.6964841094996608,-0.6159549884745404,1.848244427387102
-0.7307495403480218,1.806420948767368,-9.145108280932988,3.696488854774204,-0.6128418975347322,1.8399787019149025
-0.7178597782424632,1.8065232690775235,-9.145771987824547,3.679957403829805,-0.6130465381550433,1.8392337136258081
-0.7177246116229412,1.8064805676753928,-9.146666561219087,3.6784674272516162,-0.6129611353507819,1.840410430877351
-0.7117893838583109,1.8063522234739358,-9.147632587848234,3.680820861754702,-0.6127044469478679,1.8412448437835487
-0.7087182809490669,1.8064334888487936,-9.148291561524566,3.6824896875670974,-0.6128669776975836,1.8423377308751858
-0.7112330700844653,1.8062935782412133,-9.14928253907199,3.6846754617503716,-0.612587156482423,1.8416379912630438
-0.7165866792430879,1.8060975687116883,-9.150385440278738,3.6832759825260877,-0.6121951374233727,1.8401855959664253
-0.7228456575758777,1.8058659990703005,-9.151482389866382,3.6803711919328506,-0.6117319981405971,1.839274895666073
-0.7278452754087095,1.8055957954429922,-9.152696056707464,3.678549791332146,-0.6111915908859804,1.8372177981155988
-0.7374975441106084,1.8040763472833785,-9.155714985545638,3.6744355962311976,-0.6081526945667529,1.8311897332616052
-0.7480006286965315,1.8046173885291483,-9.155706857345528,3.6623794665232103,-0.6092347770582925,1.8333606384248875
-0.7731712361607226,1.804397174276945,-9.15684943009728,3.666721276849775,-0.6087943485538858,1.833794290815244
-0.798030313038673,1.8045849963369431,-9.157316962334932,3.667588581630488,-0.6091699926738825,1.836353229379923
-0.8252228490658142,1.8049520159863712,-9.157528119195385,3.672706458759846,-0.6099040319727387,1.8372999183070928
-0.8509466401277432,1.8056207486855325,-9.157338661805477,3.6745998366141857,-0.6112414973710611,1.838729842358585
-0.874545096510408,1.8047527616865773,-9.159410440685352,3.67745968471717,-0.6095055233731508,1.8369554444735205
-0.8919261758570993,1.8046793810565163,-9.160292348702313,3.673910888947041,-0.6093587621130286,1.8376625408972374
-0.9121624359425802,1.8043576680746445,-9.161553654483845,3.6753250817944747,-0.608715336149285,1.836203435073796
-0.9323930562545009,1.804028802447806,-9.162839734410877,3.672406870147592,-0.6080576048956078,1.8373448069310643
-0.9563882973813209,1.8047293413265615,-9.162528583146488,3.6746896138621286,-0.609458682653119,1.842700185120568
-0.9843857714252113,1.805496431521164,-9.162174704766937,3.685400370241136,-0.6109928630423237,1.8463046477015808
-1.0081945811877713,1.8064196593370525,-9.161603912338638,3.6926092954031615,-0.6128393186741009,1.8485423147640663
-1.0203974462625798,1.8062227629164613,-9.162691304773928,3.6970846295281325,-0.6124455258329186,1.8478470585735896
-1.0246592630459181,1.8064321235334366,-9.163186668858222,3.695694117147179,-0.6128642470668693,1.851117405798271
-1.0299678062275603,1.8067190919923115,-9.163571262878955,3.702234811596542,-0.6134381839846191,1.852333196760457
-1.032981677887852,1.8068864109357077,-9.164116810411828,3.704666393520914,-0.6137728218714116,1.8535261676432773
-1.0338689812203068,1.8070077442939707,-9.164736025382721,3.7070523352865545,-0.6140154885879374,1.8572399190793272
-1.0322894381725725,1.806905508178903,-9.165708493760118,3.7144798381586543,-0.6138110163578017,1.8560783004940267
-1.0277549333000762,1.806533121409242,-9.16702780008685,3.7121566009880533,-0.6130662428184799,1.85804873510253
-1.0212133043711926,1.8064918074142307,-9.167902747332704,3.71609747020506,-0.6129836148284573,1.8573703985668828
-1.0152261688301962,1.8066428565847168,-9.168489787474467,3.7147407971337656,-0.6132857131694296,1.857358793959905
-1.0021240605976116,1.806026545397424,-9.170189576583946,3.71471758791981,-0.6120530907948442,1.8567094969932252
-0.9885854279327244,1.8063342684659143,-9.170568978240471,3.7134189939864504,-0.6126685369318244,1.858106186703035
-0.9786682428078404,1.8059450418654355,-9.171963611871035,3.71621237340607,-0.611890083730867,1.8580521045000387
-0.9659686629918394,1.8057833074637641,-9.173007165343847,3.7161042090000773,-0.6115666149275245,1.8586085431515889
-0.9573306965219928,1.8064238053250483,-9.172872031824124,3.7172170863031777,-0.6128476106500929,1.8585876606410858
-0.9547746924334355,1.80673489243264,-9.173255427090236,3.7171753212821717,-0.6134697848652765,1.8602920263765148
-0.9436183992273026,1.806726449243361,-9.174110685603582,3.7205840527530296,-0.6134528984867184,1.8606137839209864
-0.9295618929179694,1.8063087904362474,-9.175549524748522,3.721227567841973,-0.612617580872491,1.8605124698304296
-0.9129018712412424,1.8059466389489598,-9.1769241760508,3.7210249396608592,-0.6118932778979156,1.8581704341113239
-0.8968203720189525,1.8061974046442861,-9.17738364473781,3.7163408682226478,-0.6123948092885684,1.857583150603175
-0.8878906215748321,1.8068211001506185,-9.177336598529733,3.71516630120635,-0.6136422003012333,1.8575675829303129
-0.8828571612203104,1.807808660899156,-9.176691073712991,3.7151351658606258,-0.6156173217983083,1.8587986241294656
-0.880772094341923,1.808050224905748,-9.177172155982873,3.7175972482589312,-0.6161004498114925,1.8573710748868963
-0.870847145738078,1.808675929670539,-9.177073952093563,3.7147421497737927,-0.6173518593410746,1.8589308481026232
-0.8620723776048838,1.809046727776765,-9.177292917150249,3.7178616962052464,-0.6180934555535265,1.8594916684944667
-0.8512966647796105,1.8091930373167195,-9.177885457077997,3.7189833369889334,-0.6183860746334356,1.8596182434819652
-0.8392722268171617,1.8094292599409267,-9.17833760550128,3.7192364869639305,-0.6188585198818498,1.8590639824435302
-0.8277864070501035,1.8095972747358795,-9.178854582663742,3.7181279648870604,-0.6191945494717556,1.8605848660922713
-0.8149053149368717,1.8096272437999565,-9.179614350161833,3.7211697321845425,-0.6192544875999095,1.8618552061822802
-0.7994293560555921,1.8091800202437693,-9.18114178710326,3.7237104123645604,-0.618360040487535,1.8575778974868618
-0.7828349648303359,1.8096537208557848,-9.18120202231034,3.7151557949737235,-0.619307441711566,1.8605594486752004
-0.7720896534221104,1.8093961533601977,-9.182412492665948,3.721118897350401,-0.6187923067203916,1.8580783558412641
-0.7545434175662171,1.80948900690407,-9.183125835658926,3.7161567116825283,-0.6189780138081368,1.8569489647644741
-0.7411942050152112,1.809450989687233,-9.18400394813932,3.7138979295289483,-0.6189019793744626,1.8552091253931393
-0.725698183057931,1.8099292411837582,-9.18412687105287,3.7104182507862786,-0.6198584823675127,1.854715230007745
-0.7113811270856072,1.809361152416039,-9.185768911437721,3.70943046001549,-0.6187223048320741,1.85269396305848
-0.6958987053695109,1.8092138572069263,-9.186815041591624,3.70538792611696,-0.6184277144138488,1.8506995110348528
-0.6863201598151489,1.809224238704373,-9.187575266125583,3.7013990220697055,-0.6184484774087426,1.8525539143069025
-0.6784375536317659,1.8098637363122163,-9.187414900344157,3.705107828613805,-0.6197274726244293,1.8539036523917576
-0.6705718041028756,1.8099852852973333,-9.18805503590546,3.707807304783515,-0.619970570594663,1.8544059392232342
-0.6568271183657242,1.810548125296453,-9.188000513850877,3.7088118784464683,-0.6210962505929025,1.859392247061715
-0.6453878583747006,1.8113993470426557,-9.187523592509283,3.71878449412343,-0.6227986940853076,1.861665280893201
-0.6355080164902009,1.8119535971421297,-9.187508321958793,3.723330561786402,-0.6239071942842556,1.8631224888422317
-0.6261811871412002,1.811669494329466,-9.188733354589996,3.7262449776844635,-0.6233389886589281,1.8631844218323368
-0.6137030421629914,1.8116167514322805,-9.189579001315881,3.7263688436646736,-0.623233502864557,1.8637770631197665
-0.6070295650103716,1.8122370842409552,-9.189442252288817,3.727554126239533,-0.6244741684819064,1.8652988209818862
-0.6047370251753659,1.812589062145508,-9.189746620935114,3.7305976419637723,-0.625178124291012,1.865306873709119
-0.5998294347577469,1.8130551809836386,-9.189857845539677,3.730613747418238,-0.6261103619672733,1.8645945171903178
-0.5951770313456137,1.8136541145575376,-9.189781254165299,3.7291890343806355,-0.627308229115071,1.8656686300522347
-0.5898319643070407,1.813239547528101,-9.19119368439992,3.7313372601044694,-0.6264790950561979,1.8628718834225215
-0.5795452180163041,1.8136248318420585,-9.19141336795741,3.725743766845043,-0.6272496636841128,1.8634700428562856
-0.5715747457920237,1.8137709808354545,-9.19199460118912,3.726940085712571,-0.627541961670905,1.8627892042388525
-0.5639275373960091,1.8141578712797255,-9.19223244232982,3.725578408477705,-0.6283157425594471,1.8622916041757116
-0.5553284272902479,1.8132447301578978,-9.194392274334106,3.724583208351423,-0.6264894603157918,1.8583598873384604
-0.5424329218938704,1.8133146728812042,-9.195120749223484,3.7167197746769207,-0.6266293457624045,1.8578394636003042
-0.5364774701597765,1.813512349595317,-9.195644948032454,3.7156789272006083,-0.6270246991906299,1.856783743643203
-0.5333582892518489,1.8139699024659581,-9.195730205744356,3.713567487286406,-0.6279398049319125,1.8589327545445526
-0.5276208698036102,1.815019065148677,-9.194987751903524,3.7178655090891053,-0.6300381302973506,1.8599362582720012
-0.520608969442856,1.8155084805905222,-9.195062921231154,3.7198725165440023,-0.6310169611810407,1.8619457920366873
-0.5070510165504576,1.8157240012041156,-9.195548225636204,3.7238915840733746,-0.6314480024082273,1.8613756578969243
-0.4939498276868006,1.8155767691248386,-9.19655498577824,3.7227513157938485,-0.631153538249673,1.8605173311507976
-0.4798505593254019,1.8160444545194225,-9.196640756438665,3.7210346623015953,-0.632088909038841,1.861147228511516
-0.4712418528533977,1.8171550278959578,-9.195832485333364,3.722294457023032,-0.6343100557919117,1.8611138365205806
-0.46658849490908416,1.8179017939656912,-9.195527530363568,3.722227673041161,-0.6358035879313781,1.8612316688282557
-0.4583399499281775,1.8184467820566192,-9.195499987703068,3.7224633376565115,-0.6368935641132342,1.8629609980988502
-0.4447063339719852,1.8185936122298392,-9.196075175367254,3.7259219961977004,-0.6371872244596739,1.8629779659419443
-0.42735662734860647,1.81890308909814,-9.196409134413738,3.7259559318838886,-0.6378061781962754,1.8640948771090073
-0.41319552750440725,1.8186345504856338,-9.197652950822667,3.7281897542180147,-0.6372691009712631,1.860802734892272
-0.398136573362744,1.8193406410970416,-9.197418561935747,3.721605469784544,-0.6386812821940788,1.8630839517672928
-0.3895835793943938,1.8209383402345973,-9.195859339699862,3.7261679035345856,-0.6418766804691904,1.8669107606302844
-0.3830887708380155,1.8210037727545905,-9.196553191359554,3.7338215212605688,-0.6420075455091768,1.8675222007501122
-0.3624444742585071,1.8206664829461783,-9.197869484841215,3.7350444015002244,-0.6413329658923527,1.8633870116975302
-0.3428141157888822,1.821236548804771,-9.19779232904114,3.7267740233950604,-0.6424730976095381,1.8659660376412965
-0.3282832594021796,1.8222308684739872,-9.19711150461609,3.731932075282593,-0.6444617369479703,1.8687981310005126
-0.3143032905620835,1.8225709405608905,-9.19741552987984,3.7375962620010252,-0.645141881121777,1.8678878083307349
-0.2897546723006581,1.822933851528066,-9.197683517376172,3.7357756166614697,-0.645867703056128,1.866325151071961
-0.26442678997183044,1.8231234122965163,-9.198204240707884,3.732650302143922,-0.6462468245930284,1.8650193220729387
-0.23839539453429204,1.8240341883731952,-9.197609279161252,3.7300386441458775,-0.6480683767463862,1.867819903676712
-0.21616433950118807,1.825065108730103,-9.19686846392117,3.735639807353424,-0.650130217460202,1.8686492485937523
-0.19560380194931248,1.8244218890727932,-9.198628641368133,3.7372984971875045,-0.6488437781455821,1.8645182179479007
-0.1686317547168974,1.824940156194477,-9.19866474525334,3.7290364358958015,-0.6498803123889496,1.8642692179974256
-0.1493083221800262,1.826250312276148,-9.197517114395826,3.7285384359948512,-0.6525006245522917,1.8671766801254583
-0.12938973382656105,1.826214478624553,-9.198389695335095,3.7343533602509167,-0.6524289572491019,1.8649323034646488
-0.10222149347747234,1.8254546234340188,-9.200345473458663,3.7298646069292976,-0.6509092468680333,1.8600568458417999
-0.07995895573475575,1.8253081611217443,-9.201359084704253,3.7201136916835997,-0.6506163222434845,1.8582656625900438
-0.06734865853588712,1.825546828453402,-9.20177321414467,3.7165313251800876,-0.6510936569067998,1.858502742668308
-0.05997884295051481,1.8247112155654115,-9.203815890386815,3.717005485336616,-0.6494224311308188,1.8526615655885708
-0.050287635514878026,1.8255311675065062,-9.203393494492367,3.7053231311771415,-0.6510623350130083,1.8523136203450468
-0.05088339170263989,1.8255493957465063,-9.204115505680667,3.7046272406900935,-0.6510987914930084,1.8536399707753939
-0.044891190769709155,1.8258766654094836,-9.204412288308719,3.7072799415507878,-0.6517533308189631,1.8553687259726197
-0.04385664712798132,1.8253670929709243,-9.20598906188479,3.7107374519452394,-0.6507341859418444,1.8513386390694544
-0.04848059736821764,1.8258756755468215,-9.206054620564561,3.702677278138909,-0.6517513510936388,1.8523875355588728
-0.05909066971983101,1.825661661750624,-9.207148833848048,3.7047750711177456,-0.651323323501244,1.8496582515230569
-0.06452063577730627,1.8262017622656144,-9.20710263514143,3.6993165030461137,-0.6524035245312244,1.8522650370582432
-0.07633689347139505,1.8269351263732243,-9.206793283912008,3.7045300741164864,-0.6538702527464445,1.8525263785190766
-0.0916179118579441,1.8271142637307836,-9.207287440376005,3.7050527570381533,-0.6542285274615631,1.8532615079891168
-0.1040228541630146,1.8279593722930936,-9.206782942853623,3.7065230159782336,-0.6559187445861833,1.8543272236002029
-0.11943727959529671,1.8283235992401672,-9.20705856332274,3.7086544472004057,-0.6566471984803306,1.8528804273068904
-0.13052755546735906,1.8284669496407435,-9.207604321381991,3.705760854613781,-0.6569338992814832,1.8526926083312851
-0.1442440939346863,1.8280063169079959,-9.209034219388537,3.7053852166625703,-0.6560126338159876,1.8510906759934704
-0.16129455273469162,1.828569154028751,-9.208952566236876,3.702181351986941,-0.657138308057498,1.8518455994342562
-0.1801422149497558,1.828860883346474,-9.209258874791459,3.7036911988685124,-0.6577217666929438,1.8524009557374275
-0.1980810743763648,1.8289961357358593,-9.209826063535028,3.704801911474855,-0.6579922714717145,1.8523580925171
-0.2210493053830085,1.8293203869246621,-9.210112587328142,3.7047161850342,-0.6586407738493204,1.853293151754694
-0.24346758166480242,1.8306499185972764,-9.20890583511015,3.706586303509388,-0.6612998371945489,1.8563932197849156
-0.26290671070680016,1.830671750329911,-9.209685142686151,3.712786439569831,-0.6613435006598183,1.85530263281682
-0.27076227274357123,1.8309579730414385,-9.210014573403178,3.71060526563364,-0.6619159460828733,1.8562187524596927
-0.279881086008233,1.8311443885265128,-9.210509410696021,3.7124375049193854,-0.6622887770530222,1.856177946458159
-0.28284200188130093,1.831469475281091,-9.210787208087778,3.712355892916318,-0.6629389505621783,1.855315867314836
-0.28885567011769897,1.8316625095250616,-9.211304570481957,3.710631734629672,-0.6633250190501198,1.8537096322223328
-0.29234448732737217,1.8316456130426129,-9.212089446966194,3.7074192644446655,-0.6632912260852222,1.8527653994376503
-0.29538172620450265,1.8323937239120294,-9.211749821183885,3.7055307988753006,-0.6647874478240551,1.8541180579941907
-0.2973010566002854,1.8322542066966567,-9.212742229358701,3.7082361159883814,-0.6645084133933099,1.8513453003494473
-0.29505524687870466,1.8330256458598833,-9.212378005803847,3.7026906006988947,-0.666051291719763,1.8525105727996176
-0.29407585044831563,1.8334693773329602,-9.212455453371897,3.7050211455992352,-0.6669387546659169,1.853784438252878
-0.2904581904263024,1.833022865325804,-9.213907802818634,3.707568876505756,-0.6660457306516044,1.8496681321827804
-0.28550756640710695,1.8331516646426647,-9.214523947009438,3.6993362643655607,-0.6663033292853257,1.85090571900365
-0.28443899796435,1.8332511902927944,-9.215100480054955,3.7018114380073,-0.666502380585585,1.8510722041544507
-0.286616901082553,1.8334150475580588,-9.215635993909773,3.7021444083089015,-0.6668300951161137,1.8499315106977097
-0.28977669303969833,1.8345892802931443,-9.214653357791308,3.6998630213954193,-0.6691785605862843,1.8517386884872264
-0.2949302755623764,1.834982334028203,-9.214830786480519,3.703477376974453,-0.6699646680564019,1.8527612795211525
-0.2892878108925272,1.835029258210754,-9.215532478636835,3.705522559042305,-0.6700585164215036,1.8526627630156247
-0.283269866609726,1.8355090263085063,-9.215605476293883,3.7053255260312494,-0.6710180526170086,1.8525493308441632
-0.2792118651595743,1.8358142404231388,-9.215930832284595,3.7050986616883264,-0.6716284808462736,1.8518702860965215
-0.27270314492428316,1.8364847425642132,-9.215635897099135,3.703740572193043,-0.6729694851284226,1.854780409634847
-0.26707241572324225,1.8362598373914312,-9.216740419807559,3.709560819269694,-0.6725196747828585,1.853052301825546
-0.262725035846298,1.8370332699141334,-9.21638060068559,3.706104603651092,-0.674066539828263,1.8537719030828472
-0.26196517090150184,1.8375530083318916,-9.216390897634726,3.7075438061656945,-0.6751060166637793,1.8545871791770803
-0.2579805440801426,1.8371778117506663,-9.217725111420794,3.7091743583541605,-0.6743556235013289,1.8519894835754365
-0.25004897450274743,1.8377508369045208,-9.217643183366938,3.703978967150873,-0.675501673809038,1.8508796388945203
-0.247897396821676,1.8383723449948715,-9.217521958180319,3.7017592777890407,-0.6767446899897394,1.8515245492012091
-0.24391131859468196,1.8387638595505973,-9.217681234920153,3.7030490984024182,-0.6775277191011911,1.8514984409108302
-0.23621062796831538,1.8390335548033887,-9.218037712492984,3.7029968818216603,-0.6780671096067737,1.851826530161081
-0.2301270969397855,1.839878136339838,-9.217573175104018,3.703653060322162,-0.6797562726796722,1.8516944912749105
-0.22350764611885054,1.8405520189572344,-9.217344227108766,3.703388982549821,-0.6811040379144652,1.8528499125195386
-0.2161701314255824,1.840980355761805,-9.21748019709644,3.705699825039077,-0.6819607115236062,1.8534823384185508
-0.20711356233178613,1.8414106019596796,-9.217607241897133,3.7069646768371016,-0.6828212039193554,1.8527928457962441
-0.19391462610025112,1.8416686803776752,-9.21797034614192,3.7055856915924883,-0.6833373607553466,1.8535319602588245
-0.17891129170568387,1.8417601130308843,-9.21859205998335,3.707063920517649,-0.6835202260617649,1.853368391821795
-0.16284712965736858,1.8420527380614289,-9.218961052513796,3.70673678364359,-0.6841054761228542,1.8523409350601638
-0.14779131037160642,1.841864076376411,-9.219974192092213,3.7046818701203277,-0.6837281527528182,1.8504662623122983
-0.13659017603151113,1.8418585525003932,-9.22077993278087,3.7009325246245965,-0.6837171050007828,1.8482224408199044
-0.12893332411740577,1.8424183067518962,-9.220733791769115,3.6964448816398088,-0.6848366135037885,1.8478303833149479
-0.1232510542152605,1.842571256053739,-9.221284715791349,3.6956607666298957,-0.685142512107474,1.8463458222533295
-0.11644605512428008,1.84248473989349,-9.222206498236696,3.692691644506659,-0.6849694797869759,1.8438529482489368
-0.1100952253018308,1.8421957025726607,-9.22338108984323,3.6877058964978735,-0.6843914051453173,1.8403773661495855
-0.10741122834169214,1.842052953087548,-9.224342026768948,3.680754732299171,-0.6841059061750917,1.8383702762690244
-0.1056976885479104,1.8431145341160833,-9.223493689183258,3.6767405525380488,-0.6862290682321621,1.8399029506973428
-0.11193522461581651,1.8435273470274938,-9.223641788104812,3.6798059013946856,-0.6870546940549829,1.8397753566047055
-0.11389123424854031,1.8439752055827356,-9.223759721208065,3.679550713209411,-0.6879504111654666,1.838625874865644
-0.11235020508501581,1.844320906748752,-9.223965650859784,3.677251749731288,-0.6886418134974992,1.8406018170352294
-0.11151454507161596,1.8444952418700364,-9.224456533660021,3.681203634070459,-0.6889904837400678,1.8426219450344756
-0.11189598633344211,1.8449243817053556,-9.224556754308015,3.6852438900689513,-0.6898487634107061,1.8417742701527415
-0.11426194761080044,1.8459203067285501,-9.223776948706336,3.683548540305483,-0.691840613457095,1.8431446057072385
-0.11749392501381539,1.8463629200697362,-9.22384208998172,3.686289211414477,-0.6927258401394671,1.843112471539068
-0.11868936132963004,1.847040727188602,-9.223568030948458,3.686224943078136,-0.6940814543771988,1.8437820390927615
-0.12185143551236877,1.8466197765261816,-9.224916378184895,3.687564078185523,-0.6932395530523578,1.841365771367983
-0.12114668041071575,1.8479396011438676,-9.22369591659724,3.682731542735966,-0.6958792022877297,1.8432265704896926
-0.12903496286349725,1.848651622158827,-9.223369593195175,3.6864531409793853,-0.6973032443176485,1.843920082355157
-0.12974195575017333,1.8480476618781052,-9.225034247187759,3.687840164710314,-0.6960953237562051,1.8405325212132226
-0.12399707076556776,1.84786220835884,-9.22602924086729,3.6810650424264453,-0.6957244167176747,1.838421356333777
-0.12362945328605868,1.847633287135733,-9.227121000583814,3.676842712667554,-0.6952665742714605,1.8377595322493216
-0.12309106599824204,1.8481132699253486,-9.227115039001811,3.6755190644986433,-0.6962265398506916,1.8400492795839947
-0.12538862107199567,1.8479936722035901,-9.228070654756747,3.6800985591679893,-0.6959873444071747,1.8369249682591793
-0.1264801430050584,1.8476574932404222,-9.229331539517958,3.6738499365183586,-0.6953149864808387,1.8332352435219228
-0.12830861266933447,1.847656499104829,-9.230088215690978,3.6664704870438456,-0.6953129982096523,1.8308874519167657
-0.1320739024422828,1.84833286921156,-9.229822666818862,3.6617749038335314,-0.6966657384231144,1.8309751113633168
-0.13605290812517445,1.8483151578515318,-9.230585928491259,3.6619502227266336,-0.696630315703058,1.8293798243721482
-0.13404486619652634,1.848854375550991,-9.230536394980044,3.6587596487442964,-0.6977087511019762,1.8309815215765126
-0.13891038134264022,1.8484155035222976,-9.231917395121584,3.6619630431530252,-0.6968310070445896,1.8294553192787535
-0.14058963050412654,1.8471972656779956,-9.234516689616916,3.658910638557507,-0.6943945313559854,1.8221955420485465
-0.14448083122033406,1.8473138505094409,-9.235032856676087,3.644391084097093,-0.694627701018876,1.8219704722044814
-0.1589499453530916,1.8479771063517931,-9.23473525368031,3.6439409444089628,-0.6959542127035807,1.8233501501877114
-0.17494745168464476,1.8478199097569636,-9.235728201664262,3.646700300375423,-0.6956398195139215,1.8204241545782487
-0.18744406300398708,1.84808620294888,-9.236062608827819,3.6408483091564974,-0.6961724058977542,1.821870416967878
-0.20681662625511077,1.8482392720841367,-9.236561806528437,3.643740833935756,-0.6964785441682675,1.821102633162541
-0.22662070783078825,1.8488602525314275,-9.2363687509631,3.642205266325082,-0.6977205050628489,1.8223108101311594
-0.25007406553175837,1.8487250821748242,-9.237272663748984,3.6446216202623187,-0.6974501643496422,1.8201982108716597
-0.2662060576131342,1.8481715385632522,-9.23880367077338,3.6403964217433193,-0.6963430771264982,1.816354911951018
-0.2887544817714298,1.8491074414297806,-9.238165920972794,3.632709823902036,-0.6982148828595547,1.816649140985861
-0.32095625399121186,1.848975659247086,-9.239057239438079,3.633298281971722,-0.6979513184941657,1.8155771773971972
-0.3423820652217282,1.8487157150636704,-9.240110211804009,3.6311543547943943,-0.6974314301273344,1.8150264572983417
-0.36276394915482957,1.8493842426901763,-9.239871850085251,3.6300529145966833,-0.6987684853803463,1.8148155507663983
-0.38496644465980356,1.8485659364227542,-9.241827313831896,3.6296311015327967,-0.6971318728455023,1.8110380145779503
-0.401877689667292,1.8484910126836163,-9.242637344269387,3.6220760291559007,-0.6969820253672264,1.8092735900863925
-0.4233068698875604,1.8480698259963808,-9.243952721208535,3.618547180172785,-0.6961396519927554,1.807159371343039
-0.4419302306893753,1.847931898178949,-9.244895332415174,3.614318742686078,-0.6958637963578919,1.8057380046262905
-0.46251189838932394,1.848222182719477,-9.245160148612426,3.611476009252581,-0.6964443654389476,1.8064148723828912
-0.48764655271877544,1.8481629534194641,-9.245974245806789,3.6128297447657824,-0.6963259068389221,1.8053681757970879
-0.5095236727498138,1.8479186298056067,-9.247027256251185,3.6107363515941757,-0.6958372596112073,1.8027917195148144
-0.5332029227712987,1.847917302112114,-9.247686804709465,3.605583439029629,-0.695834604224222,1.8049500934289466
-0.5556793888172873,1.84861528971492,-9.247372253712847,3.6099001868578933,-0.6972305794298341,1.8076582867519209
-0.5731589807050028,1.8492006213062477,-9.247237045213877,3.6153165735038417,-0.6984012426124896,1.80793271001829
-0.5862410956373356,1.849690661340169,-9.247229443190607,3.61586542003658,-0.6993813226803319,1.807217757278252
-0.5984873292856907,1.8494660540939483,-9.24831442055335,3.614435514556504,-0.6989321081878906,1.8079925193036022
-0.6045638054876896,1.8488676689557575,-9.24988968050957,3.6159850386072043,-0.6977353379115091,1.8061540066167294
-0.6112098859777246,1.8485618800667403,-9.251115591947759,3.612308013233459,-0.6971237601334744,1.8024193917699902
-0.6211773988863234,1.8482229968373154,-9.252353459866557,3.6048387835399804,-0.6964459936746246,1.8003500411435795
-0.6349095251351242,1.8485974202480666,-9.252490784011632,3.600700082287159,-0.697194840496127,1.8011655022389936
-0.6505320115725111,1.8496146585448587,-9.251691327287617,3.6023310044779873,-0.6992293170897115,1.8030986127812159
-0.6621830329409377,1.8506395347552402,-9.250893049933573,3.6061972255624317,-0.7012790695104747,1.8053701870781493
-0.6724692497294615,1.8499672168269614,-9.252595841193596,3.6107403741562987,-0.699934433653917,1.8037597805288286
-0.6714882037058825,1.849921391124636,-9.25337227606845,3.607519561057657,-0.699842782249266,1.8038807409234163
-0.6731925194149051,1.8493014273963269,-9.254985935221564,3.6077614818468327,-0.6986028547926477,1.8013562461662354
-0.6764656870925911,1.8492377617076916,-9.255753212895284,3.6027124923324707,-0.6984755234153773,1.8026593578253796
-0.6794927858337534,1.849025256601524,-9.256786208419452,3.605318715650759,-0.6980505132030419,1.8015673553486335
-0.6813588187101685,1.8489742172346928,-9.25755476916642,3.603134710697267,-0.6979484344693797,1.8010180480101925
-0.6819933235482072,1.8487886451156508,-9.258573426157895,3.602036096020385,-0.6975772902312958,1.7997608687180726
-0.681208348854776,1.847796552165667,-9.260723968357627,3.5995217374361452,-0.6955931043313283,1.794601649132221
-0.6803548190082651,1.8472133719903736,-9.26223746309001,3.589203298264442,-0.6944267439807418,1.7952139112156231
-0.6844992314228344,1.8474284598884265,-9.262670791030576,3.5904278224312463,-0.6948569197768476,1.7938073305508568
-0.6917284444033669,1.8471243050650283,-9.2637965013816,3.5876146611017137,-0.6942486101300512,1.7938256330561773
-0.6962711654253226,1.8466180234400462,-9.265218125706594,3.5876512661123545,-0.6932360468800869,1.7933952742886963
-0.7051895567527069,1.8457497245933538,-9.267214564295333,3.5867905485773925,-0.6914994491867021,1.7881656074996697
-0.7184458200574859,1.8456189011476265,-9.268102325635587,3.5763312149993394,-0.6912378022952477,1.7893765440394414
-0.7400351598242052,1.8453441857063366,-9.269184772122637,3.5787530880788827,-0.6906883714126681,1.7888325871361075
-0.7605747855018343,1.8453526984798259,-9.269882024842508,3.577665174272215,-0.6907053969596466,1.787851100331962
-0.779931751698757,1.8452661360422986,-9.270716245378223,3.575702200663924,-0.6905322720845921,1.7859701324601185
-0.7971607493063937,1.845627726399432,-9.270862590109346,3.571940264920237,-0.6912554527988592,1.787896211660712
-0.8139204778999218,1.8452185853674037,-9.272150518902476,3.575792423321424,-0.6904371707348026,1.7863606437290656
-0.8284759364689158,1.8457694961491822,-9.272059045602658,3.572721287458131,-0.6915389922983597,1.787780997318289
-0.8526135262700558,1.8452814982722308,-9.273519628991965,3.575561994636578,-0.6905629965444567,1.788245738673875
-0.8765296273813998,1.8450413078387768,-9.274619543059442,3.57649147734775,-0.6900826156775491,1.785920863360674
-0.8997948429952878,1.8443796905601966,-9.276285736105864,3.571841726721348,-0.6887593811203884,1.7847397476627203
-0.9226160451949879,1.8445075402966085,-9.276760936713142,3.5694794953254405,-0.6890150805932119,1.785316757985461
-0.947121844096821,1.8440702208879813,-9.278092090269494,3.570633515970922,-0.6881404417759578,1.7853489678553691
-0.9686860710697927,1.8430253678635855,-9.28032662031974,3.5706979357107382,-0.6860507357271663,1.7828225813667662
-0.9892550394709421,1.8426619234366415,-9.281528100827215,3.5656451627335324,-0.6853238468732781,1.7831686684227401
-1.0157074201335439,1.842857266077943,-9.28190003044982,3.5663373368454803,-0.6857145321558813,1.785342676114127
-1.0437669853205014,1.8429538380500312,-9.282443440594115,3.570685352228254,-0.685907676100058,1.785912717938328
-1.0649548320681888,1.842799243704297,-9.28336961253671,3.571825435876656,-0.6855984874085895,1.7856999657062194
-1.0812665929574319,1.8434414160312225,-9.283089632411356,3.5713999314124387,-0.6868828320624403,1.7892186743761245
-1.1006226869651883,1.843829842675449,-9.283174195619418,3.578437348752249,-0.6876596853508934,1.7928971039809334
-1.1134516924433946,1.8444195311990534,-9.282965175529094,3.5857942079618668,-0.6888390623981022,1.7966250144698301
-1.1212174201907228,1.844620670034579,-9.283341841988008,3.5932500289396603,-0.6892413400691534,1.7966116153833875
-1.1195842758823487,1.8441957822841548,-9.284714586401641,3.593223230766775,-0.6883915645683047,1.7932286133491935
-1.1136421652578044,1.8435578960056145,-9.286371173671728,3.586457226698387,-0.6871157920112241,1.7923056007485403
-1.1070388199297545,1.843947817913037,-9.286476565915923,3.5846112014970806,-0.687895635826069,1.7972151503410452
-1.1053930521975843,1.8435701999392895,-9.287737503604054,3.5944303006820904,-0.6871403998785737,1.7976776740415938
-1.0985396051056018,1.8435413148219093,-9.288507022740026,3.5953553480831877,-0.6870826296438135,1.7964874129553756
-1.095628176160961,1.8429715962433098,-9.290001906475592,3.5929748259107512,-0.6859431924866144,1.794514696144773
-1.0888734126110489,1.8429587896580102,-9.290731874508774,3.589029392289546,-0.6859175793160154,1.7943720001239567
-1.0886226084261734,1.8425517714953001,-9.292067753380195,3.5887440002479134,-0.6851035429905955,1.7908687818419666
-1.0844475196359866,1.8421852426293184,-9.293335448137965,3.5817375636839333,-0.6843704852586321,1.789881014508326
-1.0807247321336764,1.8421180484957944,-9.294154694196783,3.579762029016652,-0.6842360969915839,1.7868347970254195
-1.0758931309261976,1.8413908211978158,-9.295975229018357,3.573669594050839,-0.682781642395627,1.7825045375557154
-1.0700594075461929,1.8414551147567555,-9.296598104453178,3.5650090751114307,-0.6829102295135061,1.7804633578664644
-1.0673258136462938,1.8409544898439698,-9.298055134651493,3.5609267157329287,-0.6819089796879346,1.7783986231152398
-1.0575545996575144,1.8410567278239662,-9.298652183803677,3.5567972462304795,-0.6821134556479276,1.780597690047102
-1.0497456099761084,1.841050358455384,-9.29936630396103,3.561195380094204,-0.6821007169107629,1.7805429383918567
-1.042117392057138,1.8404635101415308,-9.300986817159142,3.5610858767837135,-0.6809270202830568,1.778716198272116
-1.0335397302078047,1.8403774723323896,-9.301818435411212,3.557432396544232,-0.6807549446647744,1.7797117917296064
-1.0284535315252255,1.8391402386269942,-9.304358433548146,3.5594235834592127,-0.6782804772539833,1.775604967115525
-1.0245333034380941,1.8388972271841728,-9.305405561955958,3.55120993423105,-0.6777944543683407,1.7751211954294974
-1.0312929484685363,1.8391540823694807,-9.305736870135762,3.550242390858995,-0.6783081647389567,1.775670520833464
-1.0439123013953164,1.838970482927808,-9.306682964030031,3.551341041666928,-0.6779409658556109,1.7756808670305968
-1.0554464099465282,1.8388206178199036,-9.307580973758187,3.5513617340611936,-0.6776412356398022,1.7745157505702738
-1.0660858116623082,1.8390344403030774,-9.307964705449281,3.5490315011405476,-0.6780688806061497,1.7760033170408693
-1.0753780949703682,1.8383572837576572,-9.309632314569237,3.5520066340817387,-0.6767145675153092,1.779866182571808
-1.0835811053134385,1.8380327557768488,-9.31081303160387,3.559732365143616,-0.6760655115536923,1.7799489272258489
-1.0941833664351766,1.8376482380998154,-9.312052327136177,3.5598978544516977,-0.6752964761996256,1.781467854137525
-1.106243191491906,1.8376668298738263,-9.312706718179161,3.56293570827505,-0.6753336597476475,1.782866193030776
-1.1184340630811347,1.8378639463293305,-9.313082163699828,3.565732386061552,-0.6757278926586555,1.787089521291999
-1.1309310024195813,1.8377949823555324,-9.313904480962231,3.574179042583998,-0.6755899647110594,1.7858335547139519
-1.1396041559868166,1.8381427409828186,-9.314085043674861,3.5716671094279038,-0.6762854819656319,1.7868549421835431
-1.1477707068311522,1.8375595290533122,-9.31566716048985,3.5737098843670863,-0.6751190581066191,1.7841093757828794
-1.1513226720972032,1.837315398184743,-9.316706856457436,3.568218751565759,-0.6746307963694808,1.7844322398391623
-1.1549273714651376,1.8373575306008312,-9.317343156415978,3.5688644796783247,-0.674715061201657,1.7861895269738028
-1.160651632747884,1.8372024319427809,-9.318295701599789,3.5723790539476057,-0.6744048638855562,1.7865061776737265
-1.1629600502900042,1.8367547948558876,-9.31969452578288,3.573012355347453,-0.6735095897117697,1.7882546241147514
-1.1656596136077289,1.8360464563943033,-9.321480087930194,3.576509248229503,-0.6720929127886012,1.7856010232643096
-1.169713631382507,1.8359166148609853,-9.322420910701117,3.571202046528619,-0.6718332297219652,1.7843113367320445
-1.1755267503396096,1.8360468168160406,-9.322952419019936,3.568622673464089,-0.6720936336320757,1.786188914019795
-1.1819609196390726,1.8359077846453473,-9.323901000463508,3.57237782803959,-0.6718155692906889,1.7845678765441924
-1.180723896084431,1.8355956071016613,-9.325066572069705,3.5691357530883847,-0.6711912142033167,1.7850673349858994
-1.1782317614088633,1.8360530298179771,-9.325104326482904,3.570134669971799,-0.6721060596359486,1.7862982198407265
-1.1802622185856535,1.836671182844934,-9.324896445616211,3.572596439681453,-0.6733423656898625,1.7875709739688785
-1.1790412563503745,1.8362864150928349,-9.326195643203512,3.575141947937757,-0.6725728301856643,1.7854946923223864
-1.1709500097601877,1.835777707799242,-9.327679865672756,3.570989384644773,-0.6715554155984786,1.7849709985428692
-1.1653900448654664,1.835137595431067,-9.329328919487368,3.5699419970857384,-0.6702751908621284,1.788735278818524
-1.1585229240305024,1.8345454860280626,-9.33090169272178,3.577470557637048,-0.6690909720561198,1.7892172948661547
-1.1531595888321409,1.834521474145135,-9.331636047164624,3.5784345897323093,-0.6690429482902647,1.7911606093141905
-1.1501009889439446,1.834548666033251,-9.33235944840574,3.582321218628381,-0.6690973320664967,1.7900826369424117
-1.1472557046710588,1.8337533643572546,-9.334274251106342,3.5801652738848233,-0.6675067287145037,1.7853956329718743
-1.143258326058933,1.8335455771087104,-9.335282415333744,3.5707912659437486,-0.6670911542174153,1.7849937421447357
-1.1443292809246088,1.8334198122577199,-9.33619333932826,3.5699874842894714,-0.6668396245154344,1.7862737883354107
-1.1485184418341117,1.832672917686078,-9.33799045087248,3.5725475766708215,-0.6653458353721511,1.783545368372063
-1.148982325976017,1.8317824459660095,-9.340006516264449,3.567090736744126,-0.6635648919320138,1.7824714253946257
-1.15159295682386,1.831660901812565,-9.340888480162938,3.5649428507892513,-0.6633218036251247,1.7830868801399924
-1.1607716705387165,1.8306466455736392,-9.343102958279863,3.566173760279985,-0.6612932911472731,1.7794378599878604
-1.1676375333366078,1.8297837458121355,-9.34507520209563,3.558875719975721,-0.6595674916242656,1.7774072676678132
-1.1776627058245923,1.8297369101514225,-9.345818539626325,3.5548145353356264,-0.6594738203028395,1.7820199889814894
-1.190518233993365,1.8299186513889014,-9.346237928571496,3.564039977962979,-0.6598373027777973,1.7844760921399572
-1.2035501973296512,1.8296065464637172,-9.347424408689763,3.5689521842799143,-0.659213092927429,1.7821146207320886
-1.215090827435537,1.8292328496684858,-9.348679434998568,3.564229241464177,-0.6584656993369661,1.7827098923642581
-1.2273965509618048,1.8285668679554592,-9.350389162316553,3.5654197847285163,-0.657133735910913,1.7817592565553115
-1.2392517581412807,1.8276711085967972,-9.352425292891333,3.563518513110623,-0.655342217193589,1.7791783939259578
-1.256295760669782,1.8272248678807819,-9.353763420976003,3.5583567878519156,-0.6544497357615586,1.7791542344740319
-1.282233599769615,1.8274268762361328,-9.354150147670284,3.5583084689480637,-0.6548537524722604,1.781749870179409
-1.310013571871946,1.826820844952511,-9.355690259434347,3.563499740358818,-0.6536416899050168,1.7844001188587322
-1.3320453625625976,1.8274597737192755,-9.355451936117662,3.5688002377174644,-0.6549195474385461,1.788822898374891
-1.3566912327481662,1.8282191658440323,-9.35504770147402,3.577645796749782,-0.6564383316880599,1.7969314102092797
-1.374839358339658,1.8283116008304219,-9.355672848853436,3.5938628204185594,-0.6566232016608388,1.797555787182969
-1.386592496058026,1.828114795926601,-9.356685430280466,3.595111574365938,-0.656229591853197,1.798986253806612
-1.3968633495650673,1.8286088926812907,-9.356722641827476,3.597972507613224,-0.6572177853625762,1.803414356149851
-1.4053267400746607,1.8276544673697968,-9.358873385432865,3.606828712299702,-0.6553089347395885,1.8007602764202466
-1.4059455772506286,1.82796571573312,-9.359152340070338,3.601520552840493,-0.6559314314662349,1.8010118049210813
-1.413225123912854,1.8275990154078758,-9.360437645526426,3.6020236098421625,-0.6551980308157466,1.8017817013723003
-1.4128541276392061,1.8280829522816562,-9.360485270653578,3.6035634027446006,-0.6561659045633073,1.8030502564387543
-1.4114309473511,1.8280263689913085,-9.36130263796426,3.6061005128775085,-0.6560527379826122,1.803008962399763
-1.4048870391741843,1.8278305314585874,-9.362347614914674,3.606017924799526,-0.6556610629171699,1.8020185935106188
-1.3926987882204127,1.8289102147556195,-9.361493172790988,3.6040371870212375,-0.6578204295112343,1.8043350096803963
-1.379878045712248,1.8284237595023825,-9.362944330577402,3.6086700193607926,-0.6568475190047602,1.8037576450440795
-1.3564236999076487,1.8280932551742703,-9.364183091278143,3.607515290088159,-0.656186510348536,1.8062340491605078
-1.3363669001996907,1.827277785833753,-9.3661289968176,3.6124680983210156,-0.6545555716675016,1.8039645783345029
-1.3148962053636373,1.82675693819081,-9.367639843965485,3.6079291566690057,-0.6535138763816156,1.8046870503639652
-1.296072826761037,1.8254757481570814,-9.370262064038203,3.6093741007279303,-0.6509514963141584,1.800906808713248
-1.2745175160841624,1.8248917792590573,-9.371867582166022,3.601813617426496,-0.6497835585181103,1.7981796405505215
-1.2563759424623226,1.8248350800730884,-9.37266643160476,3.596359281101043,-0.6496701601461723,1.8016361144496484
-1.2402577191431359,1.8250855950932807,-9.373012686366454,3.603272228899297,-0.6501711901865571,1.8023242147068932
-1.2263774272075931,1.824515375140137,-9.374603835663407,3.6046484294137864,-0.6490307502802698,1.8005839219866302
-1.2063136209926633,1.8238043962924895,-9.376399137069466,3.6011678439732604,-0.6476087925849746,1.8001567996513634
-1.192516671062597,1.8234651000663007,-9.37763951054682,3.600313599302727,-0.6469302001325969,1.8005697301764996
-1.1877196666184364,1.8231003299079958,-9.378926957689593,3.601139460352999,-0.6462006598159871,1.799423513784294
-1.185542045456371,1.823109380808946,-9.379624290450078,3.598847027568588,-0.6462187616178877,1.8012124935227474
-1.1857018581081302,1.823365239764557,-9.379988058236155,3.6024249870454947,-0.6467304795291094,1.8019899590008315
-1.1895996648448932,1.823840661197713,-9.380016671017996,3.603979918001663,-0.6476813223954211,1.8050963784494822
-1.1886124153870368,1.824095799913548,-9.380412906347752,3.6101927568989645,-0.6481915998270916,1.8055060185965717
-1.1867204746545852,1.8247649997127269,-9.380173942895755,3.6110120371931433,-0.6495299994254493,1.8075562973948496
-1.1832743731193602,1.8243137074055524,-9.381672178546186,3.615112594789699,-0.6486274148111004,1.8028626198496944
-1.1765345861594891,1.8242548309692082,-9.382521061916172,3.605725239699389,-0.6485096619384121,1.8031803221944231
-1.1734072713001442,1.8236974180633112,-9.384102801262065,3.6063606443888463,-0.6473948361266181,1.8014080606468323
-1.1689418647229282,1.8228461966824665,-9.386096348785994,3.6028161212936647,-0.6456923933649285,1.798987743292666
-1.1731300927976775,1.8228474206143674,-9.386859093316454,3.597975486585332,-0.6456948412287306,1.798007927644081
-1.1817097891119523,1.8228203781149133,-9.387644398923305,3.596015855288162,-0.6456407562298221,1.7977319070934403
-1.189057181903543,1.8220275537187698,-9.389603433126556,3.5954638141868807,-0.6440551074375351,1.7930731698267142
-1.190996686847103,1.8208909377907483,-9.392063765118372,3.5861463396534283,-0.6417818755814924,1.7877715529004452
-1.1937391658347156,1.8206998288093093,-9.393045348803536,3.5755431058008904,-0.6413996576186141,1.7914993243287596
-1.1985308591908383,1.8207917901432735,-9.39362308591689,3.582998648657519,-0.6415835802865424,1.7928890442415948
-1.2022945253470319,1.8205153253174926,-9.394759703933191,3.5857780884831896,-0.6410306506349807,1.7930259380680988
-1.204540682318198,1.8206145840192258,-9.395339349901823,3.5860518761361977,-0.641229168038447,1.7942689971147656
-1.2105708674251803,1.82061082217232,-9.396112029446215,3.5885379942295312,-0.6412216443446355,1.7945028229316662
-1.213024709720477,1.8209508709238624,-9.396357970191081,3.5890056458633324,-0.6419017418477203,1.7947090994940411
-1.212857462292165,1.8204395670499478,-9.397827081085344,3.5894181989880822,-0.640879134099891,1.7940656085078137
-1.2070789000633413,1.8203316615235763,-9.398745595404094,3.5881312170156274,-0.640663323047148,1.7940828367196353
-1.2029333099398176,1.8202726872770711,-9.399591549685638,3.5881656734392706,-0.640545374554138,1.794261025644745
-1.1994824247235885,1.8203799756362455,-9.40019312808462,3.58852205128949,-0.6407599512724867,1.795265138234812
-1.1980722816616831,1.819558482283457,-9.402196030055956,3.590530276469624,-0.6391169645669097,1.790155455765503
-1.196310918374353,1.8195855218892765,-9.402970603524036,3.580310911531006,-0.6391710437785486,1.7899895370128653
-1.202024585565896,1.819611836984224,-9.40368879850238,3.5799790740257307,-0.6392236739684439,1.7928127041102957
-1.211283374326566,1.8201217813801382,-9.403685435341446,3.5856254082205914,-0.6402435627602725,1.7971072827345984
-1.219329451588223,1.8199925866434068,-9.404636129416303,3.594214565469197,-0.6399851732868097,1.796288567455335
-1.2227156279689542,1.8193779430074064,-9.406292360988557,3.59257713491067,-0.6387558860148088,1.7950680655650262
-1.2227039902141161,1.8186870020798818,-9.408020594001625,3.5901361311300524,-0.6373740041597594,1.7970153653184129
-1.2213121511443905,1.8183633763017917,-9.409268342524268,3.5940307306368258,-0.6367267526035792,1.7977009593266378
-1.2241243957407004,1.8188537497188493,-9.40927919117682,3.5954019186532755,-0.6377074994376943,1.8007892466602353
-1.2304400089132788,1.8187364310387417,-9.410214903595318,3.6015784933204706,-0.6374728620774791,1.7994316453057166
-1.2286445027575734,1.8186504794560083,-9.41111792252112,3.5988632906114333,-0.6373009589120125,1.7993798762713618
-1.2219309431848862,1.8184311870002747,-9.412209287276813,3.5987597525427235,-0.6368623740005451,1.798278002675993
-1.2143151647885961,1.8181027587265202,-9.413481984277022,3.596556005351986,-0.6362055174530362,1.7997406723259994
-1.2079838907243792,1.8183814151701057,-9.413830726662319,3.599481344651999,-0.6367628303402071,1.80126950170195
-1.2034457163881536,1.8184759550861678,-9.414416196298664,3.6025390034039,-0.6369519101723312,1.8016956480684787
-1.1975688703805023,1.8191148964141264,-9.4142502504044,3.6033912961369574,-0.6382297928282487,1.8031905397772336
-1.192530916510533,1.8188633961505332,-9.415342647248213,3.6063810795544673,-0.6377267923010621,1.804671967386484
-1.1837799935294662,1.8185176271087167,-9.416639313920586,3.609343934772968,-0.6370352542174293,1.8027147992787103
-1.1735279434393355,1.8184787480848543,-9.417485966290807,3.6054295985574205,-0.6369574961697047,1.8043323431175258
-1.1653170677977576,1.8182898216338772,-9.418534800900991,3.6086646862350515,-0.6365796432677503,1.8066129318331061
-1.1567561089678247,1.817448200217078,-9.420525237066183,3.6132258636662122,-0.6348964004341521,1.8045815409030237
-1.1482375317089124,1.8172662883708723,-9.421544191164879,3.6091630818060474,-0.634532576741741,1.8045024425333043
-1.1415770006357882,1.8170592628612625,-9.422580955096846,3.6090048850666085,-0.6341185257225213,1.8048856767287893
-1.1360972998603458,1.8166963406324106,-9.423882156032464,3.6097713534575786,-0.6333926812648175,1.802687926770026
-1.131574656518798,1.8164685784204813,-9.42498584590753,3.605375853540052,-0.6329371568409587,1.801801199059077
-1.1321474474719313,1.8170776830299677,-9.424860475612546,3.603602398118154,-0.6341553660599318,1.8049773570205432
-1.1355379931975111,1.8170186064240945,-9.425661380797017,3.6099547140410864,-0.6340372128481855,1.8076225049320274
-1.1312892006229678,1.81749827684679,-9.42574226741968,3.6152450098640547,-0.6349965536935762,1.8086074197791864
-1.1254304659607328,1.8175176069802996,-9.426489236147683,3.6172148395583728,-0.6350352139605953,1.809922729995069
-1.1145265823810941,1.817844820449752,-9.426766158516374,3.619845459990138,-0.6356896408995001,1.8100821296248568
-1.1071673066010934,1.8173794769767562,-9.42825387286725,3.6201642592497136,-0.6347589539535087,1.8076834116612386
-1.0958035912668826,1.8175611124390618,-9.428778772379161,3.615366823322477,-0.63512222487812,1.8078958875094226
-1.0882556825299083,1.8179038071006228,-9.429028535422013,3.6157917750188453,-0.635807614201242,1.8096454223715703
-1.0794244833530042,1.8186475064543681,-9.428674831592971,3.6192908447431407,-0.6372950129087326,1.8162446436409667
-1.0684844044311514,1.8185339017887692,-9.42959339772965,3.6324892872819334,-0.6370678035775346,1.817543254120857
-1.0532096730368723,1.8178076857165402,-9.43139596012357,3.635086508241714,-0.6356153714330764,1.8183994745537426
-1.0378557552379153,1.8173143734647266,-9.432895529764396,3.6367989491074852,-0.6346287469294494,1.8178610713777474
-1.0303817616569377,1.817501887105117,-9.4333649911513,3.635722142755495,-0.6350037742102302,1.8198742084678672
-1.026209404201973,1.8181262841183103,-9.433229155532144,3.6397484169357344,-0.636252568236617,1.8214192214929563
-1.0207826076296111,1.818214176250703,-9.433915269051068,3.6428384429859126,-0.6364283525014023,1.8211018026312766
-1.0108752026961083,1.8186034657247931,-9.434094090382867,3.6422036052625533,-0.6372069314495828,1.8226956311557787
-1.0007513053691959,1.8180561094169991,-9.435665491429733,3.6453912623115574,-0.6361122188339948,1.820807400111894
-0.9825463982428913,1.8170666106507303,-9.43785077706573,3.641614800223788,-0.6341332213014571,1.8208679750617218
-0.9654521337145141,1.8171736025374905,-9.43852726596286,3.6417359501234436,-0.6343472050749777,1.8211520907012921
-0.9550977115982366,1.81753588809883,-9.438750633338422,3.6423041814025843,-0.6350717761976565,1.824308532936179
-0.9435337593450956,1.8170381343265956,-9.440226429094684,3.648617065872358,-0.634076268653188,1.8239237450206618
-0.9272853492201767,1.816643335091959,-9.441635127234543,3.6478474900413236,-0.6332866701839149,1.8224555468024528
-0.9173609964686058,1.8168752301643676,-9.442104216045319,3.6449110936049056,-0.633750460328732,1.8218955112762918
-0.9111922810071587,1.8172644961936693,-9.44233674619396,3.6437910225525836,-0.6345289923873355,1.8234677171968667
-0.9072744109266608,1.8179655973559057,-9.442085953144453,3.6469354343937335,-0.6359311947118085,1.8259714448496156
-0.9027694313307713,1.818597753078968,-9.441880229214606,3.651942889699231,-0.6371955061579333,1.835447064843449
-0.8966503252201736,1.8181728008974214,-9.443329430640507,3.670894129686898,-0.6363456017948397,1.8325881434582618
-0.8827029922365206,1.818437720414167,-9.443757905720092,3.6651762869165236,-0.6368754408283311,1.8327201746467074
-0.8740078038945196,1.8183735115091046,-9.444644997985685,3.665440349293415,-0.6367470230182064,1.831738684838023
-0.8654600886856354,1.8182648212891048,-9.445568428917628,3.663477369676046,-0.6365296425782069,1.8316232772310281
-0.8616273045181746,1.8182328228391342,-9.446425805680777,3.6632465544620563,-0.6364656456782657,1.8298203523628682
-0.8584257629266929,1.8179838839898088,-9.447574410808203,3.6596407047257364,-0.6359677679796146,1.8302195979844968
-0.8518317879313351,1.8171573999485955,-9.449580028123423,3.6604391959689937,-0.6343147998971879,1.8277778808418423
-0.8430629406945407,1.8172673039140144,-9.450231346729847,3.6555557616836847,-0.6345346078280256,1.825878274737336
-0.8419761857785337,1.8173725787649546,-9.450794912642783,3.651756549474672,-0.634745157529906,1.8315502315086565
-0.8441555244029573,1.8179773701773625,-9.450696760744856,3.663100463017313,-0.6359547403547217,1.8342836253540151
-0.847855688197602,1.8178785560232813,-9.4516712479744,3.6685672507080302,-0.6357571120465594,1.833076022562697
-0.849048619193228,1.8184142905651817,-9.45164482429479,3.666152045125394,-0.6368285811303599,1.834976795543172
-0.8500802750854195,1.8185813607252004,-9.45218500458515,3.669953591086344,-0.6371627214503973,1.8356269183305942
-0.8429761638255702,1.8183849121827946,-9.453258016808526,3.6712538366611884,-0.6367698243655856,1.8343903587862025
-0.8349542591035544,1.8179638347190459,-9.454707197298605,3.668780717572405,-0.635927669438088,1.8303234161021615
-0.8294631473490321,1.8182775056319702,-9.455031957926069,3.660646832204323,-0.6365550112639368,1.832212923290827
-0.8257308323014882,1.8174870684009234,-9.457001401809267,3.664425846581654,-0.6349741368018433,1.828446188825033
-0.8159242676979854,1.8175777175987338,-9.457623441105957,3.656892377650066,-0.6351554351974641,1.8308176628592872
-0.8135713652120486,1.8178585857103653,-9.458018829805981,3.6616353257185743,-0.6357171714207271,1.8317141367370486
-0.8134223019776528,1.8172864305516188,-9.4596428262803,3.6634282734740973,-0.6345728611032341,1.8311185602964049
-0.8136856519513067,1.8174038903973155,-9.46025664896323,3.6622371205928097,-0.6348077807946275,1.8311411547543914
-0.8219949305722523,1.8179023871558797,-9.460286800584573,3.662282309508783,-0.635804774311756,1.834098726161459
-0.8287899682612592,1.818529063374969,-9.460171659974527,3.668197452322918,-0.6370581267499341,1.835590233344295
-0.8347798094950267,1.8184991803124553,-9.461030215247172,3.67118046668859,-0.6369983606249068,1.8345763431683155
-0.835642673063683,1.8176709707658587,-9.463056343306429,3.669152686336631,-0.6353419415317136,1.8302338625458194
-0.8342234610454806,1.8180001618295099,-9.463427451877974,3.660467725091639,-0.6360003236590158,1.8291222818749342
-0.8395184277806607,1.8175487873343377,-9.464944562589203,3.6582445637498684,-0.6350975746686717,1.827695178547239
-0.8400160969527262,1.8179778232296244,-9.465105504842041,3.655390357094478,-0.635955646459245,1.8291732017031141
-0.8410100120900026,1.8180540883323717,-9.465758394396897,3.6583464034062283,-0.6361081766647396,1.8291685838868772
-0.8394972812410897,1.8180422948390462,-9.466576041627766,3.6583371677737544,-0.6360845896780888,1.827837879533362
-0.8378808997030589,1.8186290044104776,-9.466486170244586,3.655675759066724,-0.6372580088209517,1.8292430420457801
-0.8410090350311785,1.8186397053972416,-9.467248222804015,3.6584860840915603,-0.6372794107944798,1.8288250856732673
-0.8391533940550158,1.8184742295208438,-9.468303091469968,3.6576501713465346,-0.6369484590416841,1.8267888051022387
-0.8395840375832044,1.8183859772166184,-9.469151982818307,3.6535776102044775,-0.6367719544332334,1.8280939930508107
-0.8419976785044874,1.818436293271614,-9.469864693538486,3.6561879861016213,-0.6368725865432244,1.8273066544129308
-0.8441472458203299,1.8177311600667316,-9.471708050247216,3.6546133088258617,-0.6354623201334595,1.8245722014225647
-0.842052405321283,1.8177844042971742,-9.472388155046122,3.6491444028451294,-0.6355688085943448,1.826990018859141
-0.8468811615492902,1.8172336476477187,-9.473980295377416,3.653980037718282,-0.6344672952954339,1.8260621643621673
-0.8460542065980032,1.8172817365764689,-9.474702346669075,3.6521243287243346,-0.6345634731529343,1.825140049299783
-0.8497779360417752,1.8174130835708406,-9.475308161939253,3.650280098599566,-0.6348261671416778,1.8246731737778246
-0.8548244874307116,1.8176439430176181,-9.475741530946209,3.649346347555649,-0.6352878860352327,1.8255965158958458
-0.8565806554927047,1.8175291800950575,-9.476705873932884,3.6511930317916916,-0.6350583601901114,1.8250539833344266
-0.856766930812709,1.8180606550355272,-9.476722819968224,3.650107966668853,-0.6361213100710508,1.8254457326844251
-0.8616345142807358,1.8180705653209397,-9.477496240034057,3.6508914653688502,-0.636141130641876,1.8270958951522924
-0.8656727619611297,1.8181697979177034,-9.478101636119517,3.654191790304585,-0.6363395958354037,1.8272643238613158
-0.8696962070038223,1.817862427529585,-9.479345854544896,3.6545286477226315,-0.6357248550591669,1.8263928384426302
-0.8680842767449306,1.818075650082712,-9.479782772796261,3.6527856768852605,-0.6361513001654209,1.8266336857420018
-0.870936677938495,1.8182863646627223,-9.480240083981343,3.6532673714840036,-0.6365727293254414,1.8269365689483716
-0.8703740517828624,1.8182725673097686,-9.481019512074793,3.6538731378967433,-0.6365451346195338,1.8275555300342956
-0.8703357065578077,1.8187582183138837,-9.481083258941114,3.655111060068591,-0.637516436627764,1.8297332848081929
-0.8718944494502434,1.8188270394639054,-9.481738101089137,3.6594665696163857,-0.6376540789278075,1.8324000927011135
-0.8697741238927987,1.8176490422105716,-9.484303099828459,3.664800185402227,-0.6352980844211399,1.8268805717410708
-0.8671445353270029,1.8176694711895534,-9.485072089533539,3.6537611434821415,-0.6353389423791035,1.82648185158554
-0.8730955161818201,1.817697904021074,-9.4858383849001,3.65296370317108,-0.6353958080421446,1.8269249389354687
-0.8780661822820104,1.8175466689956326,-9.486842427749899,3.6538498778709374,-0.6350933379912619,1.8285895022576837
-0.8819595221021803,1.8177877651185037,-9.487296265094292,3.6571790045153674,-0.6355755302370043,1.8283598162321413
-0.8877316959879993,1.8178958984085722,-9.487926317779955,3.6567196324642826,-0.6357917968171413,1.8274958040217548
-0.8884376350892502,1.8175381947359033,-9.489230858736244,3.6549916080435096,-0.6350763894718033,1.8328954746475767
-0.8876173509295242,1.8174007235477982,-9.490219109074424,3.6657909492951535,-0.6348014470955933,1.8316612835493566
-0.8863013565292501,1.8177877227071526,-9.490404581509539,3.6633225670987133,-0.6355754454143018,1.835711469790733
-0.8871538429100587,1.8183822610756541,-9.490325782361955,3.671422939581466,-0.6367645221513046,1.838878718702653
-0.8870618845919536,1.818969579632347,-9.49027587715743,3.677757437405306,-0.6379391592646906,1.8426647078295986
-0.8849288011238983,1.819310941106607,-9.490568076435784,3.685329415659197,-0.6386218822132108,1.844425021534558
-0.8784821032451298,1.8199108430635034,-9.49045816646955,3.688850043069116,-0.6398216861270034,1.8468986445897209
-0.873657949443114,1.8192415861252567,-9.492282187955228,3.6937972891794417,-0.63848317225051,1.8427132530110975
-0.8625032344419559,1.8178421299136818,-9.495153037985675,3.685426506022195,-0.6356842598273602,1.836660390646141
-0.8533306443043251,1.8179681461130677,-9.495759306095021,3.673320781292282,-0.6359362922261322,1.8368450678405577
-0.853020979781026,1.8178562008892687,-9.496741970258265,3.6736901356811154,-0.635712401778534,1.8394180173778147
-0.8525986990471814,1.8179847969124623,-9.497354572059665,3.6788360347556295,-0.6359695938249212,1.8398018757234167
-0.854488649374181,1.8170619724180819,-9.49949371319002,3.6796037514468334,-0.6341239448361603,1.8372120252890831
-0.8531408308573658,1.816591531000899,-9.501006464794774,3.6744240505781662,-0.6331830620017949,1.8358301752496502
-0.8599025475112949,1.8176612836435118,-9.500183382092352,3.6716603504993004,-0.6353225672870202,1.8411867164865183
-0.8732868042365158,1.8174303219514039,-9.501359054564668,3.6823734329730367,-0.6348606439028045,1.840344172599258
-0.8720188625650369,1.8169398383790583,-9.502869425178366,3.680688345198516,-0.6338796767581135,1.8406958863212952
-0.8714183408183356,1.817318497651177,-9.503127310705024,3.6813917726425904,-0.6346369953023506,1.840669456439498
-0.8755225582988722,1.8177434949081823,-9.503312813592245,3.681338912878996,-0.6354869898163613,1.843910978085654
-0.8770683182390648,1.8174508471073718,-9.504549481372525,3.687821956171308,-0.6349016942147404,1.84319070918555
-0.8759121639953182,1.8180310016770065,-9.504504427005024,3.6863814183711,-0.6360620033540096,1.844609538178994
-0.878966516610534,1.818305272500067,-9.504912788306543,3.689219076357988,-0.6366105450001308,1.8484253122138454
-0.876497772434929,1.8185404643672474,-9.50538676688938,3.696850624427691,-0.6370809287344916,1.847860942138037
-0.8718551568515611,1.8181281987630282,-9.506824565564855,3.695721884276074,-0.6362563975260531,1.8470307616328872
-0.8664398701889828,1.8181696728916992,-9.507584671109495,3.6940615232657743,-0.6363393457833951,1.845462455920555
-0.867365019573695,1.8174863104232146,-9.509411573457617,3.69092491184111,-0.6349726208464259,1.8458551685164668
-0.8694394438995907,1.818116119929778,-9.509277587207812,3.6917103370329336,-0.6362322398595527,1.8480012224728133
-0.8799420618631117,1.8176103904842391,-9.510828051830682,3.6960024449456266,-0.6352207809684749,1.845790578525755
-0.8875162169240802,1.8170566441730882,-9.512465355273266,3.69158115705151,-0.6341132883461731,1.8427750074392089
-0.894185090058671,1.8157366440177622,-9.515279288944239,3.6855500148784177,-0.631473288035521,1.8343870271016445
-0.8949991828337298,1.8164319648069214,-9.515027917273882,3.668774054203289,-0.6328639296138394,1.8357418794259803
-0.9076973264275869,1.8172153091433798,-9.51464671763138,3.6714837588519607,-0.6344306182867561,1.840810257063125
-0.916291750517356,1.8175156308243094,-9.514970808974095,3.68162051412625,-0.6350312616486155,1.8421273796766187
-0.9200603058542223,1.8173961051923262,-9.5159309588242,3.6842547593532373,-0.634792210384649,1.8441672803038571
-0.9166248066049594,1.8179457480487344,-9.515907075563957,3.6883345606077143,-0.6358914960974653,1.8472812514172778
-0.9129595620939437,1.8181028298521849,-9.516493764220979,3.6945625028345557,-0.6362056597043659,1.8501854969121312
-0.9110977317936708,1.8184157287711298,-9.516889393419776,3.7003709938242624,-0.6368314575422557,1.8499292229527582
-0.9075322073858372,1.8180723218166708,-9.51823171985619,3.6998584459055164,-0.6361446436333376,1.8471258133331365
-0.8982404854424013,1.8173310299017364,-9.520116795586793,3.694251626666273,-0.6346620598034688,1.845797223672698
-0.8915924067964349,1.8172409665105338,-9.521110253448082,3.691594447345396,-0.6344819330210636,1.84227690512453
-0.8922509015375493,1.817757422272024,-9.521160292923463,3.68455381024906,-0.6355148445440442,1.8443261123671206
-0.8934266902648389,1.817821782172178,-9.521928598162498,3.6886522247342413,-0.6356435643443522,1.8436634293316676
-0.8937440030525519,1.8178762323306523,-9.522682494308587,3.687326858663335,-0.6357524646613006,1.8425644883022225
-0.8951216109082996,1.8176854469506698,-9.523732026831977,3.685128976604445,-0.6353708939013356,1.8414423209374275
-0.8968500673707354,1.8183429321011049,-9.523604383902585,3.682884641874855,-0.6366858642022059,1.8426517372311524
-0.8994621483680874,1.8185598202295405,-9.524078799155157,3.6853034744623048,-0.6371196404590771,1.843290453281919
-0.8976955656267736,1.8189657060807363,-9.524228063878878,3.686580906563838,-0.6379314121614688,1.8463746038796836
-0.8919115682339145,1.8190917627247727,-9.524863889063589,3.692749207759367,-0.6381835254495418,1.8469200926971385
-0.8864939714316229,1.8182459318526463,-9.526946137959623,3.693840185394277,-0.6364918637052889,1.8427587745850582
-0.8754876872798985,1.8174057479669992,-9.529007035336827,3.6855175491701164,-0.6348114959339947,1.8383584666613606
-0.8658709127200765,1.817810503876522,-9.529226919684845,3.676716933322721,-0.6356210077530402,1.8387195462553356
-0.8572072210967683,1.8177392944578088,-9.530144839901459,3.6774390925106712,-0.6354785889156139,1.8381046638996708
-0.8490093113269879,1.8181538113456621,-9.530373948842211,3.6762093277993415,-0.6363076226913206,1.8391994027565561
-0.8466217362701078,1.8183448287632715,-9.530901327745829,3.6783988055131123,-0.6366896575265393,1.8395189200022484
-0.8432664087028208,1.8183072526329316,-9.531726216241065,3.6790378400044967,-0.6366145052658595,1.840819852039206
-0.8379785284605701,1.818435891591784,-9.532400892230763,3.681639704078412,-0.6368717831835642,1.839350593680575
-0.8362340673058721,1.8184053970221319,-9.533274252195879,3.67870118736115,-0.6368107940442602,1.8385264170337459
-0.8344493736232481,1.8184373414774142,-9.534037706942243,3.6770528340674917,-0.6368746829548247,1.8384676397371111
-0.8347673168949719,1.818172642743815,-9.5352654919459,3.6769352794742223,-0.6363452854876264,1.8359071210959579
-0.8326246953361496,1.8184280972149838,-9.535723380353577,3.6718142421919158,-0.6368561944299641,1.8356917973107614
-0.8296340152924238,1.8180637875065069,-9.537077492424984,3.6713835946215228,-0.6361275750130103,1.833918295875598
-0.823488719581233,1.818762458578686,-9.536832075084208,3.667836591751196,-0.6375249171573685,1.8366095081518605
-0.8246322311477261,1.8185366174215163,-9.537966286432038,3.673219016303721,-0.6370732348430291,1.8344328163726447
-0.8202678987341478,1.8188606060843215,-9.538307655294842,3.6688656327452893,-0.6377212121686398,1.8336828726470988
-0.8187974661528159,1.8188047715843272,-9.539178001338138,3.6673657452941977,-0.6376095431686513,1.832886909002519
-0.8139642224571162,1.817649253161417,-9.541689878199369,3.665773818005038,-0.6352985063228308,1.8284831659803438
-0.8102968402417474,1.81779925488511,-9.542313739669337,3.6569663319606875,-0.6355985097702167,1.8270654398313955
-0.8166046539096561,1.818044943866598,-9.54274319186905,3.654130879662791,-0.6360898877331925,1.8284330068349333
-0.8247468194398184,1.8179995716399704,-9.543629268805528,3.6568660136698665,-0.6359991432799373,1.8274186924366989
-0.8316991859581728,1.8177105260163542,-9.544877403663163,3.6548373848733977,-0.6354210520327049,1.8253785748357787
-0.8343331459136696,1.8176643976330613,-9.545756303714283,3.6507571496715574,-0.6353287952661193,1.8253153435946337
-0.8350508446067302,1.8163998536499346,-9.548427374834716,3.6506306871892673,-0.6327997072998657,1.8186431206229408
-0.8351457712062738,1.8164897632967734,-9.549083519674932,3.6372862412458815,-0.6329795265935434,1.8196182313921707
-0.8442680058767431,1.8161220712568034,-9.550422901615825,3.6392364627843414,-0.6322441425136033,1.8180578274919426
-0.8539738149423091,1.8163521806978062,-9.550888901179054,3.636115654983885,-0.6327043613956088,1.8185527951872738
-0.8679584635501394,1.8160887327108086,-9.552109530646272,3.6371055903745475,-0.6321774654216135,1.8173518547741252
-0.8793062876080473,1.8167211229752738,-9.551993758004569,3.6347037095482504,-0.6334422459505439,1.8195254587489251
-0.8947888085134181,1.816687919054473,-9.552843614258435,3.6390509174978503,-0.633375838108942,1.8212521314683412
-0.9050557846241745,1.8162464454560021,-9.554289577785294,3.6425042629366824,-0.6324928909120006,1.819256058963365
-0.9145040956220338,1.8158738603888762,-9.555617702571649,3.63851211792673,-0.6317477207777489,1.8185234119187759
-0.9248336506590782,1.8163811776592005,-9.555675253416524,3.6370468238375517,-0.6327623553183975,1.8200424284611443
-0.9402956239225269,1.8161533154941125,-9.556814052159027,3.6400848569222886,-0.6323066309882216,1.819396644160817
-0.9492510348991043,1.8163987897558154,-9.55718810964965,3.638793288321634,-0.6327975795116274,1.821265456800101
-0.9640298517389443,1.8156667582504684,-9.559042445793711,3.642530913600202,-0.6313335165009334,1.8188781380321424
-0.9736613993001111,1.8155361968654962,-9.560022098062808,3.6377562760642848,-0.6310723937309888,1.8212158802991079
-0.9897014454619377,1.815514986387011,-9.560801963612764,3.6424317605982157,-0.6310299727740185,1.823117334035713
-1.0060814649329686,1.8142082073770287,-9.56352596771425,3.646234668071426,-0.6284164147540537,1.8181627145309682
-1.0133940900081786,1.8150870766204286,-9.562997885886347,3.6363254290619365,-0.6301741532408535,1.8193973966052581
-1.032690400731556,1.8143555398116347,-9.564877496234857,3.6387947932105162,-0.6287110796232654,1.8154792284191916
-1.0440632186865706,1.8152991906221354,-9.564244097027107,3.6309584568383833,-0.630598381244267,1.821148168217713
-1.0625086640494326,1.8157653603276924,-9.56434356810806,3.642296336435426,-0.6315307206553812,1.8223925656126547
-1.072679348304579,1.8153669275061588,-9.565760870611049,3.6447851312253094,-0.6307338550123138,1.8200136314878796
-1.0774460303505515,1.8149220824660368,-9.567233365467628,3.6400272629757593,-0.6298441649320697,1.8179574685677966
-1.0774793098257263,1.8147634344419354,-9.568284243302326,3.635914937135593,-0.629526868883867,1.8186846993624706
-1.0803268757347215,1.815643640164159,-9.56777607982407,3.637369398724941,-0.6312872803283139,1.8206400399783425
-1.0841774646804447,1.8155164297921473,-9.56877151962034,3.641280079956685,-0.6310328595842908,1.8198684441748447
-1.0814134549381453,1.8155459957967668,-9.569483209030212,3.6397368883496894,-0.6310919915935296,1.8225007875875479
-1.0778901623091341,1.814798929142352,-9.571407608056711,3.6450015751750957,-0.6295978582847002,1.8203237533228436
-1.0751154244907468,1.8145419658007504,-9.572576258113223,3.640647506645687,-0.6290839316014967,1.8202815963183092
-1.0766571334407802,1.814825559360436,-9.572954833477047,3.6405631926366184,-0.629651118720868,1.8220853149652292
-1.0782235988085063,1.8141647526211493,-9.57471453692408,3.6441706299304584,-0.6283295052422941,1.82062584636009
-1.0737446284203251,1.814695034014906,-9.574709955502547,3.64125169272018,-0.6293900680298072,1.8230896589179
-1.0778061163628623,1.8154632816986278,-9.574381811402187,3.6461793178358,-0.630926563397251,1.8244307854604183
-1.0781750461679245,1.8153334603809357,-9.575362248328338,3.6488615709208365,-0.6306669207618668,1.8242812881558537
-1.0731986806069536,1.8152775663242333,-9.57624630571211,3.6485625763117073,-0.630555132648462,1.8236630754960614
-1.0651889304871993,1.8156932374212367,-9.576446946301733,3.647326150992123,-0.6313864748424686,1.8258327051949057
-1.0577284677081815,1.8158374808831808,-9.57702577180494,3.6516654103898114,-0.6316749617663567,1.82604937643817
-1.0471599214995884,1.815945154165304,-9.57766748467223,3.65209875287634,-0.6318903083306032,1.8261664702013118
-1.0294008135700459,1.8161575343840932,-9.57815741030279,3.6523329404026237,-0.6323150687681816,1.8294789967154022
-1.0160165350817554,1.8161873476915977,-9.578932294897214,3.6589579934308043,-0.6323746953831905,1.8310227190012398
-0.9975047287940733,1.8149950426218857,-9.581565741758638,3.6620454380024796,-0.6299900852437664,1.82521463718038
-0.9809509167675863,1.8156134680095224,-9.58144095180975,3.65042927436076,-0.6312269360190396,1.8276760155656406
-0.9772736888601488,1.8154794745446103,-9.582444419108038,3.6553520311312813,-0.6309589490892157,1.827565992909078
-0.9667010158208997,1.8141586561386762,-9.585238409472908,3.655131985818156,-0.6283173122773476,1.8221445307577977
-0.951875548511353,1.813601507387032,-9.586825782245937,3.6442890615155954,-0.6272030147740592,1.8223715027698184
-0.9447622061987815,1.813940218653308,-9.587117381502065,3.644743005539637,-0.6278804373066114,1.8240882810539838
-0.9476390080859645,1.8135153422621602,-9.588563704958661,3.6481765621079676,-0.6270306845243155,1.8236240553984422
-0.9465621052837516,1.81357706786884,-9.58927689744492,3.6472481107968844,-0.6271541357376754,1.8241557587985826
-0.9493091330769907,1.8134938574755304,-9.590269425999251,3.648311517597165,-0.6269877149510558,1.821872971085409
-0.9480123764600474,1.8133508154769507,-9.591333421128413,3.643745942170818,-0.6267016309538962,1.8225556740037319
-0.9460404583980226,1.813111664220053,-9.59250651055739,3.6451113480074637,-0.626223328440101,1.8194284182458826
-0.9463755801421714,1.8140201120009598,-9.591953830523684,3.6388568364917653,-0.6280402240019143,1.822308577177
-0.9478798604211489,1.8135004955148115,-9.593535671248068,3.644617154354,-0.6270009910296177,1.8220437484499525
-0.9440387428596102,1.8132343404666098,-9.594670486979611,3.644087496899905,-0.6264686809332142,1.8223908780910423
-0.9478817285147771,1.813082988006985,-9.595714265624897,3.6447817561820846,-0.6261659760139646,1.8210559340068957
-0.9529518891673847,1.8130454359972568,-9.596592293421308,3.6421118680137914,-0.6260908719945083,1.8187067820799376
-0.9591070736950069,1.813424377789352,-9.596831797886704,3.6374135641598753,-0.6268487555786988,1.8215392241412296
-0.968973879751176,1.8141289322051244,-9.596550441394943,3.643078448282459,-0.6282578644102439,1.8247067979872424
-0.9787211937346978,1.813076938437576,-9.598915674080835,3.649413595974485,-0.6261538768751469,1.8224892805816464
-0.9810872172018614,1.813709922432652,-9.598719772081372,3.6449785611632928,-0.6274198448652988,1.8289876840697048
-0.9940024833984271,1.8135117616829044,-9.599813901244186,3.6579753681394096,-0.6270235233658035,1.8290840162408633
-1.0017149232007077,1.814063285297268,-9.59983106093997,3.6581680324817265,-0.6281265705945307,1.830613721979637
-1.006577690629852,1.8141164732725508,-9.600528386202528,3.661227443959274,-0.6282329465450963,1.832326325136213
-1.0106069522934717,1.813193464368576,-9.60271725880241,3.664652650272426,-0.6263869287371471,1.829616283475457
-1.0111692238099348,1.8124072299435603,-9.604701839856252,3.659232566950914,-0.6248144598871154,1.827129222254459
-1.0101734126254351,1.8117663508952957,-9.606443415389455,3.654258444508918,-0.6235327017905863,1.8253592920835895
-1.0105245091953812,1.8117400052141057,-9.60722834707734,3.650718584167179,-0.6234800104282061,1.8287578333677132
-1.0172247635654648,1.8120682436834954,-9.607539268735419,3.6575156667354265,-0.6241364873669857,1.8335687171209456
-1.022645207488872,1.8115629488912572,-9.609071557297277,3.667137434241891,-0.6231258977825094,1.8326141438475816
-1.0244770030097783,1.8116958179624043,-9.609664074493558,3.665228287695163,-0.6233916359248036,1.8328223995150554
-1.0298199396843692,1.8118652544296654,-9.610206391763008,3.665644799030111,-0.6237305088593257,1.8327380546595489
-1.033692878506729,1.8120132307144474,-9.610802455818515,3.6654761093190977,-0.6240264614288897,1.8333728428089233
-1.0352412791280123,1.812257757606831,-9.611244003442591,3.6667456856178466,-0.6245155152136569,1.8336903145131505
-1.041015834194397,1.8129841881900597,-9.610996231262941,3.667380629026301,-0.6259683763801142,1.8375402855890417
-1.043940681208186,1.8129698019799678,-9.611828677569209,3.6750805711780834,-0.6259396039599304,1.8416831831981868
-1.0396211579512116,1.8129677217822242,-9.612673160848624,3.6833663663963736,-0.6259354435644433,1.8414000194043036
-1.0343989569891097,1.8138854954240904,-9.612191339741226,3.6828000388086073,-0.6277709908481757,1.841960291192089
-1.0310611286944322,1.814251813002174,-9.61250306557278,3.683920582384178,-0.628503626004343,1.8422758394068832
-1.0232493636403248,1.8140666338119267,-9.613613308477545,3.6845516788137664,-0.628133267623848,1.8393370075399282
-1.0158101174374776,1.8130023595469273,-9.616002994172714,3.6786740150798565,-0.6260047190938494,1.835501422443981
-1.0019901999229175,1.8129882060969167,-9.616806830527599,3.671002844887962,-0.6259764121938279,1.8371928130185387
-0.999213619077727,1.8134989709039508,-9.616818434163111,3.6743856260370773,-0.6269979418078965,1.8409055997215003
-0.9968255693547503,1.8137137411695463,-9.617283374285492,3.6818111994430005,-0.6274274823390872,1.8421269892857621
-0.9939375697770645,1.812982010394991,-9.6191123493778,3.6842539785715243,-0.6259640207899765,1.8424319378170384
-0.9879487158493525,1.8130395771731924,-9.61990832341316,3.684863875634077,-0.6260791543463793,1.8409072554741612
-0.9829450565908946,1.8126098312125203,-9.621377699498087,3.6818145109483225,-0.6252196624250349,1.8407550647994455
-0.9727307437571193,1.8121571135801813,-9.622922333315577,3.681510129598891,-0.6243142271603571,1.8384464130802889
-0.9614859821777699,1.8122002614676256,-9.623660534546884,3.6768928261605778,-0.6244005229352458,1.8385778188528206
-0.9537592531714303,1.81269207124832,-9.623750952202306,3.677155637705641,-0.6253841424966348,1.8400284664612128
-0.9487567806556774,1.8116328144331153,-9.626163171506072,3.6800569329224255,-0.6232656288662253,1.8360957592520712
-0.9349923836529355,1.811965899676163,-9.62649279175848,3.6721915185041425,-0.6239317993523208,1.8383646730337493
-0.9306464712810785,1.8128882448031907,-9.625920393543623,3.6767293460674986,-0.6257764896063763,1.8438581955883269
-0.9271749108510026,1.8122450043137917,-9.627656364353047,3.6877163911766537,-0.6244900086275784,1.8404105225083587
-0.9158917433554157,1.8123854119707166,-9.628266748806366,3.6808210450167174,-0.6247708239414282,1.8408092911501543
-0.9111910981745073,1.8120268793965026,-9.629612869860383,3.6816185823003087,-0.6240537587930003,1.839592427110761
-0.9087039150850833,1.8111654463069597,-9.63172812087913,3.679184854221522,-0.6223308926139145,1.8344905975143169
-0.9069841750994261,1.8109627158802566,-9.632843458157401,3.6689811950286337,-0.6219254317605081,1.8342445391391036
-0.9114023049774325,1.8112341904574203,-9.633248072902793,3.668489078278207,-0.6224683809148353,1.8344985359992712
-0.9232764613577418,1.8116450649130311,-9.633460913889907,3.6689970719985423,-0.6232901298260569,1.8366388000594744
-0.9363050954616918,1.811461913184172,-9.634538753642094,3.673277600118949,-0.6229238263683387,1.8367985977543921
-0.9450815425555605,1.8114998880920659,-9.635295998128852,3.6735971955087843,-0.6229997761841263,1.8380238715406505
-0.9504289044162286,1.8116384835024706,-9.635906241086229,3.676047743081301,-0.6232769670049358,1.8385534740072562
-0.9559180818077166,1.8113433717872949,-9.637142537530561,3.6771069480145124,-0.6226867435745842,1.8372241004470262
-0.9624556694157267,1.8111363516418797,-9.63821250278565,3.6744482008940524,-0.6222727032837537,1.8393651618063847
-0.9719500542565545,1.8105187374662828,-9.639976120089747,3.6787303236127693,-0.62103747493256,1.836381981553585
-0.9779033182177725,1.810361227387832,-9.641020599268849,3.67276396310717,-0.6207224547756585,1.8349211043186795
-0.9884252906832494,1.810446223095472,-9.641666724956403,3.669842208637359,-0.6208924461909388,1.834551478960565
-0.9982860867938719,1.8105898051602405,-9.642293690334283,3.66910295792113,-0.6211796103204755,1.8352857582902302
-1.0055250240570182,1.810315964631553,-9.643472360590073,3.6705715165804604,-0.6206319292631004,1.8351654663718968
-1.0112065055764283,1.8106127830841812,-9.643881627655357,3.6703309327437936,-0.621225566168357,1.8365017986205514
-1.0220771856483033,1.8106811247230827,-9.64460048551106,3.673003597241103,-0.6213622494461599,1.8389271441492572
-1.025634717274377,1.8105089608627611,-9.645656133226726,3.6778542882985144,-0.6210179217255166,1.8411922793422146
-1.0298008668963456,1.8101164682635247,-9.647075723169461,3.6823845586844293,-0.6202329365270439,1.8387540788064503
-1.039029881304998,1.8105291711349736,-9.647320848885455,3.6775081576129005,-0.6210583422699419,1.8400224546335942
-1.048803248670076,1.811225159032504,-9.64711582818132,3.6800449092671883,-0.6224503180650026,1.8399015506559562
-1.0576017199989929,1.8107982579045458,-9.648509854251232,3.6798031013119124,-0.6215965158090866,1.8391927223287003
-1.0578615586982778,1.8104306092217926,-9.649887268510533,3.6783854446574007,-0.6208612184435799,1.8370880598275303
-1.055768910927907,1.810093472779585,-9.651228796783535,3.6741761196550606,-0.620186945559165,1.8349628958816382
-1.054199850565416,1.8097481145352226,-9.65253462484252,3.6699257917632764,-0.6194962290704401,1.8368835778701453
-1.055414811339519,1.8098991308289432,-9.653186290202482,3.6737671557402907,-0.6197982616578814,1.8369886582238935
-1.0613572990513385,1.80949039814504,-9.654615436131033,3.673977316447787,-0.6189807962900754,1.8351984285446041
-1.0639914801725796,1.8095436863149432,-9.65533190944932,3.6703968570892083,-0.6190873726298816,1.8348217615842102
-1.0697708278272229,1.810034291788159,-9.655413402145053,3.6696435231684204,-0.6200685835763131,1.8395691580062232
-1.0768088966237626,1.8092692466334794,-9.657361573395384,3.6791383160124465,-0.6185384932669538,1.8363048507808262
-1.0764015986301425,1.8098937829603088,-9.65723287957463,3.6726097015616523,-0.6197875659206126,1.8396030053806882
-1.0819035263713062,1.8087461932414188,-9.659717533238666,3.6792060107613764,-0.6174923864828327,1.8374962672675106
-1.0764147589167408,1.807961996989796,-9.661701755223445,3.674992534535021,-0.615923993979587,1.836840704609019
-1.0762689716061562,1.8073799108801183,-9.663351699242911,3.673681409218038,-0.6147598217602317,1.8369215891183517
-1.0807439529240677,1.8078640899477896,-9.663483358620574,3.6738431782367034,-0.6157281798955742,1.8377187658850807
-1.0912684228490726,1.80739604301693,-9.664949291262895,3.6754375317701613,-0.6147920860338549,1.8363521171908201
-1.0954376072406538,1.8071196838149852,-9.666160685815083,3.6727042343816403,-0.6142393676299652,1.8356784801129349
-1.1037702145946753,1.8069085621635517,-9.667308294850406,3.6713569602258698,-0.6138171243270982,1.8349398542061048
-1.113837386517357,1.8069919789897453,-9.667989162145435,3.6698797084122097,-0.6139839579794854,1.8338983677146303
-1.1247107678191286,1.8070561567107948,-9.668675767300568,3.6677967354292607,-0.6141123134215845,1.8342186802211184
-1.1329934391473682,1.8070819465387127,-9.669441692261046,3.668437360442237,-0.6141638930774201,1.836024638147042
-1.1428242233421813,1.8072624962459551,-9.669971863391448,3.672049276294084,-0.614524992491905,1.8389049768852026
-1.1564773708317366,1.8076199092856673,-9.670280229441808,3.677809953770405,-0.6152398185713294,1.839695533512856
-1.167292923386003,1.8066529210177402,-9.672545544742773,3.679391067025712,-0.6133058420354753,1.837480090937339
-1.1709058398709171,1.8061640671274042,-9.674111321717255,3.674960181874678,-0.6123281342548033,1.8401265872947332
-1.178474996821481,1.8065166175458662,-9.674407281043745,3.6802531745894664,-0.6130332350917272,1.844000703709577
-1.1886168311040288,1.8068967299795784,-9.674667895192329,3.688001407419154,-0.6137934599591516,1.8453002243119097
-1.1975063095626899,1.8072922365241497,-9.674895080623262,3.6906004486238193,-0.6145844730482943,1.8515491154212365
-1.202129504417897,1.8067917786089025,-9.676494203952487,3.703098230842473,-0.6135835572177999,1.8499950351093157
-1.2023970511989468,1.8068147933860124,-9.677268846249493,3.6999900702186315,-0.6136295867720195,1.850963204377216
-1.2088419141261237,1.8061075450587245,-9.679152184469856,3.701926408754432,-0.6122150901174439,1.8482904858363147
-1.209292586493346,1.8065070133479282,-9.67942354365032,3.6965809716726294,-0.6130140266958515,1.852374023418062
-1.2190285600667954,1.806919619334901,-9.67965160232371,3.704748046836124,-0.6138392386697973,1.8548572012098072
-1.2208940030105842,1.8079857047243553,-9.678894279738552,3.7097144024196145,-0.6159714094487055,1.8611809314834498
-1.2180483222640301,1.8085119790172905,-9.679009429701916,3.7223618629668995,-0.6170239580345762,1.8607447595320494
-1.2047130856793382,1.8083840666934,-9.680042839608591,3.721489519064099,-0.6167681333867948,1.8595975579403567
-1.1892823236022565,1.8085498100048323,-9.680601196565323,3.7191951158807135,-0.6170996200096595,1.8611491466091328
-1.172688674998838,1.8076722993363405,-9.682742312737801,3.7222982932182656,-0.6153445986726762,1.8577767036182269
-1.1510230070109575,1.8077458016862251,-9.683475267866148,3.7155534072364538,-0.6154916033724456,1.8576418693709755
-1.134805047395389,1.8071565275870551,-9.685259184631423,3.715283738741951,-0.6143130551741055,1.852198076796546
-1.1168710986301233,1.807282123941601,-9.685885258893046,3.704396153593092,-0.6145642478831974,1.852975823096688
-1.1040682415385028,1.8058847206648634,-9.688794556770093,3.705951646193376,-0.6117694413297223,1.848082946544825
-1.0870162105235792,1.8064365983527801,-9.688815305930632,3.69616589308965,-0.6128731967055558,1.8533850626887223
-1.0824956504576289,1.8069816038956739,-9.688830540176525,3.7067701253774445,-0.6139632077913433,1.8585406731624943
-1.0771262739765497,1.8069792301869645,-9.689689753006615,3.7170813463249885,-0.6139584603739244,1.8600428307059418
-1.06304303222033,1.8070143504929028,-9.690510820658295,3.7200856614118836,-0.6140287009858012,1.8590202486468568
-1.0468828360358717,1.8069663335849475,-9.691454930979502,3.7180404972937136,-0.6139326671698907,1.8589198837929484
-1.032481905646904,1.8074193483173877,-9.691625452374744,3.7178397675858967,-0.6148386966347712,1.8620786311035382
-1.021946471678647,1.8070991478768261,-9.692951096161417,3.7241572622070764,-0.6141982957536481,1.8610092211198241
-1.009600981984379,1.8066807327721912,-9.694454696131812,3.7220184422396483,-0.6133614655443785,1.8584580622326738
-0.9965574958327093,1.807375344129317,-9.694265554178708,3.7169161244653477,-0.6147506882586302,1.860876297448189
-0.9889975654533902,1.8075173819882595,-9.69494055387625,3.721752594896378,-0.6150347639765155,1.8606596991902906
-0.9734181678350113,1.807889807976479,-9.695261596239181,3.7213193983805812,-0.6157796159529542,1.8614412690687214
-0.9603202067741359,1.8072803415298744,-9.697026323852599,3.722882538137443,-0.614560683059745,1.8589365775131252
-0.9456146488793609,1.807954612335123,-9.696852464705483,3.7178731550262505,-0.615909224670242,1.8613119579649289
-0.9435315829658206,1.8084875778510217,-9.696883443821935,3.7226239159298578,-0.6169751557020395,1.8648972748876746
-0.9409614904971431,1.808705585192234,-9.697410322471907,3.7297945497753493,-0.6174111703844645,1.865639200945262
-0.934789992202619,1.8087834570382233,-9.698145620609022,3.731278401890524,-0.6175669140764432,1.865699389708392
-0.9286086961701487,1.8081492649398707,-9.699947328259682,3.731398779416784,-0.6162985298797382,1.8652961305577807
-0.9165962205243243,1.808160471610448,-9.70083690292358,3.7305922611155613,-0.6163209432208927,1.862386943223333
-0.9101552214793962,1.8080837709292679,-9.701782687132336,3.724773886446666,-0.6161675418585325,1.8625364679701197
-0.9011640193271342,1.808164220275518,-9.702518352405573,3.7250729359402395,-0.6163284405510325,1.8605392057044672
-0.8940724420293069,1.8084496689159373,-9.70295264149749,3.7210784114089344,-0.6168993378318712,1.8587016193346289
-0.8810079644000446,1.8082277150777089,-9.704192914235929,3.7174032386692577,-0.6164554301554145,1.8568308064070245
-0.8685133660937039,1.80797881129377,-9.705414057570469,3.713661612814049,-0.6159576225875366,1.856237877898325
-0.8604371891793665,1.807335136219296,-9.707223823871516,3.71247575579665,-0.6146702724385885,1.8530389614445788
-0.8530957461295365,1.80742749969294,-9.707961525880972,3.7060779228891576,-0.6148549993858765,1.8528602596044637
-0.8513495567815674,1.8074203333054588,-9.708816524861813,3.7057205192089273,-0.6148406666109142,1.8521225396942502
-0.8491360718122554,1.8079216361630142,-9.708900503099787,3.7042450793885005,-0.6158432723260249,1.8544224527753765
-0.8510112401102905,1.8079915869725682,-9.709587560203346,3.708844905550753,-0.6159831739451329,1.8579566671701342
-0.8480697592687392,1.8079680475951947,-9.710443922331358,3.7159133343402684,-0.6159360951903857,1.8583828963610958
-0.8428195610380023,1.8075600347238658,-9.71187791263707,3.7167657927221915,-0.6151200694477282,1.8587958492052674
-0.8407240832443561,1.8084019862002736,-9.711469409541321,3.717591698410535,-0.6168039724005437,1.860342918338349
-0.8447981966321105,1.8094050041332812,-9.710813021619808,3.720685836676698,-0.6188100082665592,1.8636444269608101
-0.847053324102581,1.8093472870152514,-9.711763285434364,3.7272888539216202,-0.6186945740304994,1.8624418121727466
-0.8385634143229446,1.8091634327302464,-9.712875611059433,3.7248836243454932,-0.6183268654604894,1.8614577031760526
-0.8338407529687952,1.8094923576471944,-9.713263399825026,3.7229154063521053,-0.6189847152943856,1.8605118974416421
-0.8342872154613676,1.8096561153081823,-9.713869661732334,3.7210237948832843,-0.6193122306163614,1.8621689652014568
-0.8340232261783393,1.8090923941203183,-9.715574756959914,3.7243379304029136,-0.6181847882406337,1.8584796677161033
-0.8317245642846025,1.808958757296643,-9.716602508374958,3.7169593354322066,-0.6179175145932833,1.8592228521110503
-0.8304162729291482,1.8097714113149246,-9.716257638395017,3.7184457042221006,-0.6195428226298462,1.8618004396030625
-0.832339628884526,1.8102322111758908,-9.716423395055326,3.723600879206125,-0.6204644223517788,1.8624421428727194
-0.8288970096460941,1.8097615228746844,-9.718022290438425,3.7248842857454387,-0.6195230457493661,1.8596123508986777
-0.8212635180778936,1.80967095327158,-9.719030798430706,3.7192247017973554,-0.6193419065431574,1.8581772532808645
-0.8185122480945424,1.8094301548376368,-9.720201429012464,3.716354506561729,-0.6188603096752708,1.8583951496097761
-0.814932703044839,1.8099734471013977,-9.720280258229405,3.7167902992195523,-0.6199468942027927,1.859859869154274
-0.8132987342463158,1.8099209369953715,-9.721258433014507,3.719719738308548,-0.6198418739907404,1.8607941835410235
-0.8043198474225051,1.810426621598766,-9.721302243336908,3.721588367082047,-0.6208532431975295,1.8659916002071955
-0.7976468373340326,1.810768864077529,-9.721612598705699,3.731983200414391,-0.6215377281550555,1.8676006414519941
-0.7879926590962416,1.8111664100125093,-9.721860414936742,3.7352012829039882,-0.6223328200250161,1.867398301257778
-0.7794158987345785,1.8117560207178602,-9.721833378821508,3.734796602515556,-0.6235120414357178,1.8714279198799926
-0.7697627905095015,1.8124118450035493,-9.721691806936658,3.742855839759985,-0.624823690007096,1.876273829955917
-0.757262246304057,1.8124526298958694,-9.722480813922157,3.752547659911834,-0.6249052597917364,1.8755615460394335
-0.7379652606867744,1.8124443410740303,-9.723336053608673,3.751123092078867,-0.6248886821480581,1.876799193721361
-0.7229829548984394,1.8130684021243395,-9.72329574728105,3.753598387442722,-0.6261368042486766,1.8767614325161777
-0.715163722558601,1.8137569904789153,-9.723084750731278,3.7535228650323553,-0.627513980957828,1.8784416540983133
-0.7043437196970528,1.8147540178442068,-9.722485588934855,3.7568833081966266,-0.6295080356884111,1.8787742358981738
-0.6900120544568953,1.8144077962871419,-9.723909624702065,3.7575484717963477,-0.6288155925742811,1.8748820478140937
-0.6689931403825824,1.8137206782555781,-9.72578910219693,3.7497640956281875,-0.6274413565111537,1.8713331625662462
-0.650039021796097,1.8135027661664593,-9.72695213791928,3.7426663251324923,-0.6270055323329163,1.8719665440318893
-0.6332323053743316,1.8132250054338948,-9.728280662979351,3.7439330880637787,-0.6264500108677873,1.8679031711224843
-0.6170363590765771,1.8139182849056021,-9.728107373800007,3.7358063422449685,-0.6278365698112022,1.872652156600357
-0.6093822384703618,1.814013933318153,-9.728809624914563,3.745304313200714,-0.6280278666363042,1.873510411563457
-0.5995110954390803,1.814684076249842,-9.728680325345543,3.747020823126914,-0.6293681524996821,1.875458031591908
-0.5888019472776342,1.813754914825567,-9.730986274251714,3.750916063183816,-0.6275098296511321,1.870436811823752
-0.5706642717025909,1.8139174296424225,-9.731593892133812,3.740873623647504,-0.6278348592848433,1.8708490146989154
-0.5590685275019496,1.8143443749440544,-9.731796154052022,3.741698029397831,-0.628688749888107,1.8726594595991057
-0.5506807324852296,1.814767222879599,-9.732012708570172,3.7453189191982115,-0.6295344457591961,1.8734365012963172
-0.5404381438363384,1.814345793408167,-9.733526678407568,3.7468730025926344,-0.628691586816332,1.8718699319213215
-0.5290765458740907,1.814793574332735,-9.733716301258053,3.743739863842643,-0.6295871486654678,1.8707917626383237
-0.5242688982477217,1.8151145520201413,-9.734117116055819,3.7415835252766474,-0.6302291040402801,1.8704545170617703
-0.5194574383744381,1.814407531921891,-9.736031835557936,3.7409090341235407,-0.6288150638437798,1.8655463588793522
-0.5140936734891071,1.8143364712240504,-9.736981073435599,3.7310927177587043,-0.6286729424480986,1.8643269653771757
-0.5176490316842646,1.8147883071869686,-9.73716236600938,3.7286539307543514,-0.6295766143739348,1.864805176839434
-0.5236035768545397,1.8151776741391983,-9.737450462016417,3.729610353678868,-0.6303553482783942,1.8677101251509953
-0.5275495819705114,1.8154421963959313,-9.737902149518787,3.7354202503019907,-0.63088439279186,1.8691183261592905
-0.5328873445160518,1.814757059910057,-9.73981034186812,3.738236652318581,-0.6295141198201116,1.8647644527695524
-0.5384700123833426,1.8155092383205114,-9.739516708956044,3.7295289055391048,-0.6310184766410204,1.8663546684064032
-0.5566263616460985,1.8165416560896823,-9.738807062440385,3.7327093368128064,-0.6330833121793623,1.8703966967192984
-0.570245302822614,1.8172371086365977,-9.73861638165974,3.740793393438597,-0.634474217273193,1.8720317558110458
-0.574500806573309,1.8171632192199818,-9.739604421479244,3.7440635116220915,-0.6343264384399611,1.873072559216745
-0.5722982433288681,1.817429404097497,-9.740066152403148,3.74614511843349,-0.6348588081949913,1.8726143208304789
-0.570075447988371,1.81841168109929,-9.739438505279864,3.7452286416609577,-0.6368233621985775,1.875896961888674
-0.5719838452816557,1.8182450626668554,-9.74055057287712,3.751793923777348,-0.636490125333708,1.8734900604697344
-0.5663510949060875,1.8182398290627215,-9.741409326805389,3.746980120939469,-0.6364796581254403,1.8723916709185224
-0.5654470428331306,1.8178808053563031,-9.742785894914102,3.744783341837045,-0.6357616107126036,1.8694222986021776
-0.5593223494004835,1.8181614588035369,-9.743225025575704,3.738844597204355,-0.636322917607071,1.868269085019241
-0.5573091521019009,1.8171880457361649,-9.745511170415732,3.736538170038482,-0.634376091472327,1.8657537856645683
-0.5529101774282932,1.8169649449972152,-9.746721925283119,3.7315075713291366,-0.6339298899944277,1.862630388875964
-0.5570216597476367,1.818275784759668,-9.745625513744425,3.725260777751928,-0.6365515695193334,1.8675463361270015
-0.5639607608297714,1.8187016721736993,-9.745881161310344,3.735092672254003,-0.6374033443473962,1.8668739186733823
-0.563750148185072,1.818977763765617,-9.746317709804199,3.7337478373467645,-0.6379555275312319,1.8669489683715481
-0.5625277947788705,1.8180623114132992,-9.748593954550406,3.7338979367430962,-0.6361246228265963,1.8602775003500542
-0.5533525739461753,1.8178295905577808,-9.749795607687867,3.7205550007001085,-0.6356591811155593,1.8584711018189506
-0.5497545017312904,1.8178666181170093,-9.750541907158123,3.716942203637901,-0.6357332362340162,1.8591419282225372
-0.5501972774936652,1.816921144233379,-9.752804995735827,3.7182838564450744,-0.6338422884667554,1.8531387457004467
-0.549832870666898,1.8167646936458406,-9.753862441317416,3.7062774914008934,-0.6335293872916783,1.8550128896207536
-0.5571719577515406,1.8175682314711892,-9.753502937753634,3.7100257792415072,-0.6351364629423756,1.8570670241074465
-0.5643046375112784,1.8181093304438363,-9.753602276448927,3.714134048214893,-0.63621866088767,1.8560130686639522
-0.5703585592450198,1.8185912620892832,-9.75370834992668,3.7120261373279044,-0.6371825241785638,1.857493305168584
-0.5789974095470161,1.8190562513722799,-9.753912009513561,3.714986610337168,-0.6381125027445572,1.8572710597645319
-0.5886337884829649,1.8197270520002178,-9.753695828339643,3.7145421195290638,-0.6394541040004329,1.8610322447526944
-0.5961101135054747,1.8200714046156872,-9.75404740173714,3.7220644895053887,-0.6401428092313718,1.861324781198158
-0.6004809843487457,1.8214215944973335,-9.752905916745005,3.722649562396316,-0.6428431889946645,1.8638715854047083
-0.6107052203992431,1.8222982670078847,-9.75242746815988,3.7277431708094166,-0.6445965340157668,1.8658098175267184
-0.6115153738529173,1.8221900306590353,-9.753442351086672,3.7316196350534367,-0.644380061318068,1.8645600704567322
-0.6050533453556373,1.8213709830899738,-9.755552035175661,3.7291201409134644,-0.642741966179945,1.8601700523178484
-0.5954093681940709,1.8211747290306897,-9.756687720604397,3.7203401046356968,-0.6423494580613768,1.8567651805549048
-0.5925299330748306,1.8206707563277327,-9.758279328628946,3.7135303611098096,-0.6413415126554627,1.853557160107655
-0.5851155551022025,1.8210352106836438,-9.758588400369197,3.70711432021531,-0.6420704213672851,1.8527592880246915
-0.5810502490922049,1.8208169671550507,-9.759784950540466,3.705518576049383,-0.641633934310099,1.8512464750121551
-0.5806468536720919,1.8199118971584731,-9.761965557932031,3.7024929500243102,-0.6398237943169437,1.845908762546523
-0.5817320814316371,1.8194479499833884,-9.763490983417588,3.691817525093046,-0.6388958999667741,1.841872754726119
-0.5895259337992549,1.8198053149115112,-9.763757377563733,3.683745509452238,-0.6396106298230194,1.844505283900139
-0.5972298268987508,1.819762203426384,-9.764642468730202,3.689010567800278,-0.6395244068527651,1.8439610818610903
-0.6008279026625516,1.818654096457106,-9.767113793001984,3.6879221637221806,-0.637308192914209,1.8376013826698663
-0.6020220295200662,1.8185079050205328,-9.76822787042233,3.6752027653397326,-0.6370158100410627,1.8351172707650667
-0.6061044240305877,1.8181056805661806,-9.769609723489005,3.6702345415301334,-0.6362113611323583,1.8331710687861902
-0.6094501746801093,1.8189556109937846,-9.769132002905385,3.6663421375723804,-0.6379112219875663,1.8348199862742123
-0.6219215788763179,1.8196600771164726,-9.768871732719319,3.6696399725484246,-0.6393201542329423,1.8373092454781745
-0.6322108004098652,1.8207975646423675,-9.76801276346651,3.674618490956349,-0.6415951292847321,1.8426949739203788
-0.6421805549454955,1.8206764685146286,-9.769041691364336,3.6853899478407577,-0.6413529370292542,1.8395814209071022
-0.6451185244672324,1.8214983674824612,-9.768639294343911,3.6791628418142044,-0.6429967349649196,1.840915393955112
-0.6543606350642355,1.8217084708510227,-9.769155608133048,3.681830787910224,-0.6434169417020427,1.8403493484087892
-0.6593523005376003,1.8225189864522746,-9.768734707536858,3.6806986968175783,-0.6450379729045466,1.8436598385008582
-0.6720292702525956,1.822435604464925,-9.769724411058542,3.6873196770017165,-0.6448712089298475,1.8406588212928876
-0.6826287010985066,1.8220563648744494,-9.771111560035568,3.681317642585775,-0.6441127297488964,1.8381420487011126
-0.6922407220355806,1.822733834922979,-9.770918737269213,3.6762840974022253,-0.6454676698459553,1.841279012277477
-0.7022033299833881,1.822887471048035,-9.771466944106011,3.682558024554954,-0.6457749420960675,1.8421749793345166
-0.7061178260940997,1.8224683139097977,-9.77292175385015,3.684349958669033,-0.6449366278195927,1.8395100739841757
-0.7050129501372426,1.8226051785798216,-9.773546964647771,3.6790201479683513,-0.6452103571596406,1.8388192635866567
-0.7088861493165295,1.8222399304452712,-9.774899769734747,3.6776385271733134,-0.6444798608905399,1.8366662744603377
-0.7094225281023547,1.8232957894965747,-9.7741435139644,3.6733325489206754,-0.6465915789931469,1.8380552402484096
-0.7106099072833629,1.8250778180210794,-9.772334392700774,3.676110480496819,-0.6501556360421562,1.8436758804545024
-0.7052986593741553,1.8244823909613443,-9.774067248640742,3.6873517609090047,-0.648964781922686,1.8388945232336482
-0.6854638638656372,1.8250441729596274,-9.774026576948446,3.6777890464672964,-0.6500883459192521,1.8414105476047566
-0.6709332253563716,1.8249652673272956,-9.77492949033714,3.6828210952095133,-0.6499305346545886,1.8439048864721874
-0.646437503642538,1.8244587945897546,-9.776521078214769,3.687809772944375,-0.6489175891795067,1.8424145898462196
-0.6203006943453842,1.8250474126035328,-9.776420916270393,3.6848291796924393,-0.650094825207063,1.8450329232062843
-0.5973308353747093,1.8254254202976548,-9.77669098889632,3.6900658464125686,-0.650850840595307,1.845112826044486
-0.5751540403735396,1.8251759369544707,-9.777908855843945,3.690225652088972,-0.6503518739089388,1.8429995031797546
-0.5531749489140321,1.825722817649536,-9.777950636344329,3.685999006359509,-0.6514456352990692,1.8440157820944483
-0.5405817710018255,1.825889925659178,-9.778533782974538,3.6880315641888965,-0.6517798513183535,1.8431006492752806
-0.5238449168326138,1.8262465635882255,-9.778815632800328,3.6862012985505612,-0.6524931271764481,1.8441068212639016
-0.5112741053000365,1.8255448846744806,-9.780741454848398,3.688213642527803,-0.6510897693489586,1.837854688550977
-0.49553258142549517,1.8265559051584863,-9.780053591782826,3.675709377101954,-0.6531118103169702,1.83854553533581
-0.49201730648928077,1.8272218192268437,-9.779862907365745,3.67709107067162,-0.6544436384536851,1.8409642538517978
-0.482297139998221,1.826717993813629,-9.781432210003953,3.6819285077035957,-0.6534359876272559,1.838134236828328
-0.4647966421714269,1.8269126529143342,-9.781920034475604,3.676268473656656,-0.653825305828666,1.8388265927903258
-0.4554659352971058,1.8273500169471988,-9.782087850404968,3.6776531855806516,-0.6547000338943952,1.8395343569132367
-0.44702385005833456,1.8268833543330147,-9.783593765078306,3.6790687138264735,-0.653766708666027,1.8362574238890954
-0.43266072460241034,1.826783130592831,-9.784580960664092,3.672514847778191,-0.6535662611856595,1.834957861879434
-0.42269361280943407,1.8270099884085325,-9.785047509715547,3.669915723758868,-0.6540199768170624,1.834483659019078
-0.41292491826084365,1.8274502142209716,-9.785211153532101,3.668967318038156,-0.6549004284419406,1.8343660187071527
-0.40875239729224955,1.8280432512716738,-9.7851479732074,3.6687320374143053,-0.6560865025433449,1.8348429878558725
-0.41334361207099857,1.8283935420186055,-9.78545186416152,3.669685975711745,-0.6567870840372084,1.8347470391255338
-0.4121227021560623,1.8289492983972553,-9.785447238372639,3.6694940782510677,-0.6578985967945078,1.835973666941659
-0.4131331097923905,1.8282698132018222,-9.787307095662278,3.671947333883318,-0.6565396264036417,1.8317018583633722
-0.4083990934115187,1.8292433960638204,-9.78668480520621,3.6634037167267444,-0.6584867921276379,1.8336694515607426
-0.4091184856625194,1.8292839546137654,-9.787447364017831,3.667338903121485,-0.6585679092275277,1.8343594366068459
-0.40587708631039465,1.8298959568042303,-9.787360901154395,3.6687188732136917,-0.6597919136084578,1.8337554891332617
-0.40616197082124383,1.8297243693631104,-9.788421198063388,3.6675109782665234,-0.659448738726218,1.8313789694034759
-0.40052271978986465,1.8297842805941693,-9.789131619016363,3.6627579388069518,-0.659568561188336,1.832915946901129
-0.3993904554325338,1.8308297024724671,-9.78842878774807,3.665831893802258,-0.6616594049449318,1.8350902317572837
-0.4014759611043246,1.8309249620231907,-9.789059809981259,3.6701804635145674,-0.6618499240463787,1.8365088755702648
-0.3978071583416751,1.831081973055633,-9.789640722915367,3.6730177511405295,-0.6621639461112632,1.8373347624223921
-0.3906551637086997,1.8308775962590498,-9.790773775671864,3.6746695248447843,-0.6617551925180967,1.835892826527537
-0.38730501615929747,1.8311470296885093,-9.791187058160338,3.671785653055074,-0.6622940593770158,1.8336536959212748
-0.38976627997028324,1.830782410430606,-9.792487112474435,3.6673073918425496,-0.6615648208612095,1.8327842932901042
-0.3871255803325173,1.8313882369295402,-9.792406797609404,3.6655685865802083,-0.6627764738590776,1.8336295622859378
-0.38970359028119095,1.8313672332825701,-9.793224121617035,3.6672591245718755,-0.6627344665651375,1.8340183816234092
-0.38998884657162947,1.8319919378441862,-9.79310880184863,3.6680367632468185,-0.6639838756883697,1.8344095254821673
-0.38980388669959787,1.8323165220349364,-9.793429723645495,3.6688190509643346,-0.66463304406987,1.8325515081868171
-0.3852439991435048,1.832250617553705,-9.794358771223811,3.6651030163736342,-0.6645012351074071,1.8311548954579624
-0.3792149454973126,1.8330051183809797,-9.793974178518466,3.662309790915925,-0.6660102367619563,1.833493126457051
-0.37788599235348386,1.8332354731502511,-9.794507623175331,3.666986252914102,-0.6664709463004993,1.8320745403004122
-0.3742655961429122,1.8324244204666278,-9.796523960134744,3.6641490806008243,-0.6648488409332524,1.8293400398676576
-0.368767936375761,1.8332601302025096,-9.796075875844247,3.658680079735315,-0.6665202604050159,1.831244736067178
-0.37408766314257313,1.832751982544433,-9.797639529569771,3.662489472134356,-0.6655039650888629,1.8285565055153141
-0.3685440916099072,1.8331333714086946,-9.797876458091627,3.6571130110306282,-0.666266742817386,1.8273462123407491
-0.3727927526721313,1.8328402788368217,-9.799117735028837,3.6546924246814982,-0.66568055767364,1.825681057391113
-0.3736958907436243,1.8330280385943052,-9.799682101242336,3.651362114782226,-0.666056077188607,1.8234113330121808
-0.3803486468471249,1.8331788219222986,-9.800271700672381,3.6468226660243617,-0.666357643844594,1.8229139069260796
-0.3852051154376879,1.8322389592102912,-9.80247284001543,3.645827813852159,-0.6644779184205792,1.8160381843529718
-0.3869128782691318,1.832019202481948,-9.803570218062461,3.6320763687059436,-0.6640384049638929,1.81480340292669
-0.4003742215991455,1.8323663257382106,-9.803826710152183,3.62960680585338,-0.664732651476418,1.8147636086826613
-0.4168022850776687,1.8328916596326854,-9.803824397441426,3.6295272173653226,-0.6657833192653676,1.8168268794287614
-0.4326689012494169,1.8331271560840152,-9.804264123835807,3.633653758857523,-0.666254312168027,1.8155489600944923
-0.44402343825095425,1.8336358089035523,-9.804264696868865,3.6310979201889846,-0.6672716178071012,1.818152888336346
-0.4561172821073738,1.833840971258263,-9.804762593025648,3.636305776672692,-0.6676819425165228,1.8190416305059736
-0.46286761489642103,1.8343867334704669,-9.804768571014453,3.638083261011947,-0.6687734669409305,1.8205324536487284
-0.4723280077075884,1.8346176721938106,-9.805218510397218,3.641064907297457,-0.6692353443876179,1.8219580129909765
-0.47790713394811934,1.834006230271898,-9.806960634365373,3.643916025981953,-0.6680124605437929,1.8179848377661603
-0.4831670765737339,1.8349606637078937,-9.806303233099387,3.6359696755323205,-0.6699213274157844,1.8215848074753513
-0.49672555221170445,1.8351761997741485,-9.806801180084385,3.6431696149507027,-0.6703523995482941,1.8212668447119102
-0.5027549646412606,1.8350808539533443,-9.807742135286999,3.6425336894238205,-0.6701617079066857,1.8197245382973122
-0.510555653717236,1.836250763708924,-9.806849115001976,3.6394490765946244,-0.6725015274178451,1.8222691316554724
-0.5227543639356123,1.8361251757474912,-9.807868968828894,3.644538263310945,-0.6722503514949797,1.8190178748073023
-0.5212299200782953,1.8363483908705953,-9.80828355741734,3.6380357496146045,-0.6726967817411876,1.820290610327985
-0.5252437784584583,1.8367054776061398,-9.80849602841447,3.64058122065597,-0.6734109552122766,1.8217037957063789
-0.5256025910937012,1.8371362325905725,-9.808644813181152,3.6434075914127577,-0.6742724651811418,1.8229964421998364
-0.5257967156370862,1.8373310479691494,-9.809158757449165,3.6459928843996727,-0.6746620959382955,1.823401141449598
-0.5213357419496383,1.8372983663317364,-9.8099674747057,3.646802282899196,-0.6745967326634694,1.824541082458094
-0.5159006055990796,1.8372017193253074,-9.810900825220982,3.649082164916188,-0.6744034386506115,1.8224943849227766
-0.5108119505161675,1.83732432727241,-9.811511220838515,3.644988769845553,-0.6746486545448169,1.8231420762669754
-0.50193953912897,1.8373811020638986,-9.812191938381224,3.646284152533951,-0.6747622041277943,1.822607368906787
-0.4908991089943653,1.8363720240413428,-9.814534855613411,3.645214737813574,-0.6727440480826828,1.815101654027943
-0.4783253864815622,1.8367478175544176,-9.814711781098502,3.630203308055886,-0.6734956351088323,1.8186660378267157
-0.47653485595601275,1.8370208135293722,-9.815068654181568,3.6373320756534313,-0.6740416270587414,1.8185293528650195
-0.47359101503693957,1.8377546291008224,-9.814758613632668,3.637058705730039,-0.6755092582016418,1.8209879678886456
-0.47289151771726257,1.8382142564963018,-9.814822487554254,3.641975935777291,-0.6764285129926005,1.8237230577362584
-0.46868557520721765,1.8376667581332418,-9.816407795872106,3.647446115472517,-0.6753335162664805,1.8212618273368324
-0.46234552636878234,1.8381131146919412,-9.816542302174103,3.642523654673665,-0.6762262293838793,1.821186885601784
-0.462227513781972,1.8380065406644546,-9.817484629550483,3.642373771203568,-0.6760130813289061,1.8199529640348462
-0.45554316654974425,1.8381444666843898,-9.818080690303137,3.6399059280696924,-0.6762889333687768,1.8196480363930567
-0.45502128813726817,1.8380170845856534,-9.819082447125192,3.6392960727861134,-0.6760341691713039,1.8180732003892357
-0.45428949105076555,1.838022168140748,-9.819830489247437,3.6361464007784714,-0.6760443362814934,1.817862389658797
-0.454185721571049,1.83838118436544,-9.820089179425478,3.635724779317594,-0.6767623687308776,1.8163431424940457
-0.46126970246350396,1.8388450379226104,-9.820175899465912,3.6326862849880914,-0.6776900758452182,1.817345153235137
-0.46633473565993455,1.8381684196433477,-9.821923616712933,3.634690306470274,-0.6763368392866927,1.8139015218117245
-0.4674728709046789,1.838160038694359,-9.82271754321635,3.627803043623449,-0.6763200773887155,1.812737343766836
-0.4754050052335339,1.8381587475685508,-9.823491601769302,3.625474687533672,-0.676317495137099,1.811606798034738
-0.48572710450281953,1.8381329435220803,-9.82428491086343,3.623213596069476,-0.6762658870441579,1.8114049914253807
-0.49710053772219176,1.8383203685939247,-9.824778469784164,3.6228099828507614,-0.6766407371878466,1.811547359961652
-0.5090258125492557,1.837978270501346,-9.82604965722602,3.623094719923304,-0.6759565410026893,1.8100405234857346
-0.5182504503479128,1.838149328414624,-9.826559000213633,3.6200810469714693,-0.676298656829245,1.8106795009740533
-0.5310278970349431,1.837708489417648,-9.827963945966701,3.6213590019481066,-0.6754169788352932,1.807957080280731
-0.5416682692813994,1.8376538125444293,-9.828813738028485,3.615914160561462,-0.6753076250888553,1.8079494460031564
-0.5505092028736609,1.8373415825270494,-9.830090465970015,3.615898892006313,-0.6746831650540953,1.8049825985324228
-0.5606891841512684,1.83762048545313,-9.830415509667061,3.6099651970648456,-0.6752409709062563,1.8062772212458287
-0.5751408992726947,1.836907462566113,-9.832228702854326,3.6125544424916574,-0.6738149251322226,1.8034379898505384
-0.5893200246886625,1.8369633490500168,-9.832897281650164,3.6068759797010768,-0.6739266981000304,1.8052196752038152
-0.6109710165631341,1.8374216644713155,-9.832983935709219,3.6104393504076304,-0.6748433289426276,1.8100043868604476
-0.6303804778751632,1.8375948075604678,-9.833461898899905,3.6200087737208952,-0.6751896151209322,1.8133012186391473
-0.6486991614689348,1.8372288102428265,-9.834784342419445,3.6266024372782946,-0.6744576204856495,1.8105442699542715
-0.6638253843617141,1.836462435569855,-9.836659350238067,3.621088539908543,-0.6729248711397063,1.8075744599518158
-0.6800440169008652,1.837043527587655,-9.836585241912195,3.6151489199036315,-0.6740870551753065,1.8087694457960646
-0.7021332349043554,1.8376482776821603,-9.836483881397868,3.617538891592129,-0.6752965553643171,1.8107589975368361
-0.7207428195788763,1.8382881219234555,-9.836340507825815,3.6215179950736722,-0.6765762438469075,1.8114434912721047
-0.7375286187897361,1.8389975284778344,-9.836052650979349,3.6228869825442094,-0.6779950569556651,1.8139401590760238
-0.7529620704279463,1.8384800180986152,-9.837597664215316,3.6278803181520476,-0.6769600361972269,1.8117124036316783
-0.7576378562950392,1.8383174778482596,-9.838611484509709,3.6234248072633566,-0.6766349556965159,1.8097774524292447
-0.7649966555598979,1.8370293748292255,-9.841295254020702,3.6195549048584894,-0.6740587496584477,1.8060357115714791
-0.769677778395014,1.8374425914343524,-9.841406893479519,3.6120714231429583,-0.6748851828687016,1.8106184501746057
-0.7839159186994085,1.837813566533653,-9.841604463568167,3.6212369003492113,-0.6756271330673029,1.8128463892186137
-0.79619256942396,1.8382351574505953,-9.841767051131175,3.6256927784372275,-0.6764703149011876,1.8131204336786708
-0.8042757444979713,1.8384491710957789,-9.842263066314917,3.6262408673573416,-0.6768983421915549,1.8123304562597158
-0.8098338914300118,1.8381913497926534,-9.84339085118656,3.6246609125194316,-0.676382699585304,1.8119076221222732
-0.8103439395308918,1.8379014033347012,-9.844603483263795,3.6238152442445464,-0.6758028066693996,1.809101030602463
-0.8110919170680937,1.8378508693849929,-9.845430059014237,3.618202061204926,-0.675701738769983,1.8109372312911007
-0.8117200864964005,1.8385127147864369,-9.845184849376121,3.6218744625822015,-0.6770254295728708,1.814657351713334
-0.8152153517311955,1.8379065969478452,-9.846857888852664,3.629314703426668,-0.6758131938956874,1.8123154172165077
-0.8079793586957589,1.8385792767799554,-9.846613245722054,3.6246308344330154,-0.6771585535599077,1.8178979212684963
-0.8066431417096673,1.8383169650729927,-9.847783895335741,3.6357958425369925,-0.6766339301459824,1.8163305269067336
-0.8013154717595512,1.8377826596060625,-9.849366289082266,3.632661053813467,-0.675565319212122,1.8139305904085914
-0.7970695862967236,1.837835319727955,-9.85002558422101,3.627861180817183,-0.6756706394559074,1.8155192119927797
-0.7947694040784725,1.8380085392493242,-9.850539354933549,3.6310384239855593,-0.6760170784986458,1.816017997976802
-0.7884186339437402,1.8371981400901323,-9.852565434552718,3.632035995953604,-0.674396280180262,1.8105438900389283
-0.7814535183952689,1.8378169542164948,-9.852442177981272,3.6210877800778567,-0.6756339084329871,1.8120115549794922
-0.7849592889139352,1.837226457037844,-9.85409121578474,3.6240231099589844,-0.6744529140756855,1.8102031580745388
-0.7854613329221696,1.8370700970812117,-9.855083449771803,3.6204063161490776,-0.6741401941624207,1.8102896917089615
-0.7935953154953364,1.8367718994801965,-9.856293426573748,3.620579383417923,-0.6735437989603902,1.8091807082640552
-0.7995446744720116,1.8375407192373991,-9.855909711031773,3.6183614165281104,-0.6750814384747954,1.8127476099990583
-0.8087532468959289,1.8383525635502218,-9.85547919125094,3.6254952199981165,-0.6767051271004408,1.816839310059193
-0.807793420109741,1.8381688645209582,-9.856548304807676,3.633678620118386,-0.6763377290419135,1.8137166787401928
-0.8020719572401553,1.8389161634134907,-9.856202376585202,3.6274333574803856,-0.6778323268269788,1.8177012930259422
-0.8014813231366791,1.8384951582583604,-9.85758913221021,3.6354025860518844,-0.6769903165167181,1.8151444655037938
-0.7962037405531976,1.838212350422823,-9.858841483660102,3.6302889310075876,-0.6764247008456431,1.8113441652740945
-0.7943864420159166,1.8387583815715045,-9.858790395304817,3.622688330548189,-0.6775167631430062,1.8132987091798256
-0.7948603063141846,1.838845206343553,-9.85946185757428,3.626597418359651,-0.6776904126871034,1.8101661139808423
-0.7898902319476306,1.8387960861004522,-9.86029673925695,3.6203322279616845,-0.677592172200902,1.8093342079865
-0.7839619859158606,1.839739778706931,-9.859656723901926,3.618668415973,-0.6794795574138595,1.8130992577842868
-0.7842819785330075,1.8392208913498111,-9.861209808350782,3.6261985155685736,-0.6784417826996197,1.8087635126523174
-0.7729819662687021,1.8390211289822032,-9.862288398975288,3.6175270253046348,-0.6780422579644038,1.8100047560628556
-0.7686159662482854,1.838763848440629,-9.863412791902606,3.620009512125711,-0.6775276968812557,1.8094989549608056
-0.7639038452879294,1.838369419760699,-9.864828851015995,3.618997909921611,-0.6767388395213958,1.8049572829662057
-0.7574874033370911,1.8375570094928964,-9.866794204757511,3.6099145659324114,-0.6751140189857906,1.8022331814890926
-0.7523877679756623,1.8375189639470553,-9.86759272359524,3.6044663629781852,-0.6750379278941082,1.80240496952522
-0.7541169394095082,1.8369756734001306,-9.869119770086327,3.60480993905044,-0.6739513468002588,1.8010784830263893
-0.7509591536387195,1.8370003508773574,-9.869852903384615,3.6021569660527786,-0.6740007017547126,1.8014772127241263
-0.7551290940433635,1.8369817350112054,-9.870632283936146,3.6029544254482526,-0.6739634700224086,1.8045053375795188
-0.756274306745139,1.8364897899494028,-9.872111019496948,3.6090106751590376,-0.6729795798988035,1.8034026279235138
-0.7556243733955288,1.8362560870941487,-9.873264966275181,3.6068052558470276,-0.6725121741882953,1.8020965105327085
-0.7565796479959239,1.8365657917826101,-9.873617910555845,3.604193021065417,-0.6731315835652183,1.8051075600740465
-0.7642244724608744,1.8372701928252602,-9.87331775929252,3.610215120148093,-0.6745403856505185,1.8087529979379502
-0.7757743331399158,1.8363733436852896,-9.875402470728533,3.6175059958759004,-0.6727466873705775,1.804791405962876
-0.7788160954727843,1.8363781993733816,-9.876224575931115,3.609582811925752,-0.6727563987467616,1.802003965361093
-0.7923836915879559,1.8359926900077381,-9.877529328107192,3.604007930722186,-0.6719853800154746,1.8009781366943034
-0.8030465218529628,1.8369255844415728,-9.876907019340791,3.601956273388607,-0.6738511688831441,1.8046867107895304
-0.8174801776182044,1.836609117497644,-9.878120538479005,3.6093734215790607,-0.6732182349952865,1.8025501606582308
-0.8266816000771833,1.835578077659587,-9.880437836079427,3.6051003213164616,-0.6711561553191725,1.796982120044805
-0.8360476042116431,1.8360504112632507,-9.880546957584015,3.59396424008961,-0.6721008225265003,1.798672253749494
-0.8537701816040872,1.8364055606024297,-9.880783420257616,3.597344507498988,-0.6728111212048581,1.798870276075201
-0.8737880531189557,1.8364500056662225,-9.881448296733417,3.597740552150402,-0.6729000113324438,1.8006431801620544
-0.8885263495290214,1.8371384302046103,-9.88118345774415,3.6012863603241088,-0.6742768604092192,1.8046020723236234
-0.9033908099532155,1.8364454233146876,-9.882935731421822,3.6092041446472467,-0.6728908466293736,1.8035851724701553
-0.9096415944951435,1.8370269670952113,-9.882858177170714,3.6071703449403105,-0.6740539341904209,1.8063812437175504
-0.9201061114747215,1.8369507066718325,-9.883750710975564,3.6127624874351008,-0.673901413343663,1.8051794151919593
-0.9215560083892669,1.8370413147216138,-9.884389094447181,3.6103588303839187,-0.6740826294432258,1.8037265604999477
-0.9232238378058089,1.8373924790028398,-9.88463464103372,3.6074531209998955,-0.6747849580056777,1.8099116921685103
-0.9219920742515484,1.8368956470329387,-9.886161454749352,3.6198233843370207,-0.6737912940658756,1.805880008740972
-0.9165148734846831,1.8367425558910955,-9.887152983031402,3.611760017481944,-0.6734851117821892,1.8067953576865912
-0.9138868397106563,1.8364216208109507,-9.888449557632303,3.6135907153731823,-0.6728432416218998,1.8040728447983492
-0.9087311340161754,1.8362066244764699,-9.889536950311395,3.6081456895966983,-0.672413248952938,1.8028628738061085
-0.9039383809882242,1.8349133251214165,-9.892203730766232,3.605725747612217,-0.6698266502428313,1.7986940513312804
-0.8988092019094811,1.8347366588621248,-9.893213316703607,3.5973881026625607,-0.669473317724248,1.7978881014491592
-0.9060246241222103,1.8348966577991312,-9.893787463078414,3.5957762028983185,-0.6697933155982609,1.797209942039456
-0.9102597154249619,1.8344231649596725,-9.8952648760387,3.594419884078912,-0.6688463299193436,1.7969178215720583
-0.9118627766403797,1.834557612471091,-9.895834066306692,3.5938356431441165,-0.6691152249421805,1.7977350901304145
-0.9151323063297561,1.834698311011339,-9.89641361869535,3.595470180260829,-0.6693966220226765,1.7976268020588297
-0.9225017077573359,1.834372752178497,-9.897667959730287,3.5952536041176595,-0.6687455043569921,1.7964612928067665
-0.9262038323484933,1.83507080364243,-9.897394935019088,3.592922585613533,-0.6701416072848583,1.7998133438431876
-0.9288853428029551,1.834521889747658,-9.898974150194203,3.599626687686375,-0.6690437794953147,1.798323052229006
-0.9270306968194184,1.8348496562641972,-9.899236406850779,3.596646104458012,-0.6696993125283927,1.8012863316056538
-0.9317670848913906,1.8353821622443305,-9.899195167230948,3.6025726632113075,-0.6707643244886593,1.8054034394152392
-0.9354285833115359,1.8349804651627903,-9.90058801905776,3.6108068788304784,-0.669960930325579,1.8049374809804046
-0.9374995490099298,1.834050008586683,-9.902697743346986,3.6098749619608093,-0.6681000171733645,1.8047197644004864
-0.936862645527297,1.8341173242876332,-9.903427951251285,3.609439528800973,-0.6682346485752649,1.8020932054711938
-0.9461488174482113,1.8332277342818664,-9.90551685408097,3.6041864109423876,-0.6664554685637313,1.799019467408873
-0.9523820399364205,1.8331693467771835,-9.906342748397877,3.598038934817746,-0.6663386935543656,1.7986726932667336
-0.9654809390470032,1.8331120388017124,-9.907209968771372,3.5973453865334672,-0.6662240776034232,1.7969184705992538
-0.9806488795962629,1.8325505442384922,-9.90878402576862,3.5938369411985076,-0.6651010884769827,1.797342893426315
-0.9923616979673096,1.8326271189796082,-9.909404315925617,3.59468578685263,-0.6652542379592147,1.8005673003148857
-1.0075605247292092,1.8314105432836942,-9.911991194919919,3.6011346006297713,-0.6628210865673868,1.7956694925188657
-1.0173457014136496,1.8311425384849995,-9.91314366033043,3.5913389850377313,-0.6622850769699975,1.79568414231342
-1.0340831326859483,1.8310168104150633,-9.914095713090159,3.59136828462684,-0.6620336208301248,1.7942254596088865
-1.0460842809369684,1.8310235852221328,-9.91486182842137,3.588450919217773,-0.6620471704442638,1.7955582361506741
-1.057862873288686,1.8308356381752748,-9.915915312690963,3.5911164723013482,-0.661671276350548,1.7971414011727425
-1.0696596277010375,1.8313392465687173,-9.915919183843874,3.594282802345485,-0.6626784931374328,1.8000809623962615
-1.0814682503217838,1.830853861913074,-9.917364515921893,3.600161924792523,-0.6617077238261463,1.8007245803306198
-1.0885417571356726,1.8299062183493138,-9.91958070196415,3.6014491606612395,-0.6598124366986257,1.795647693549912
-1.0971795839372067,1.8296826073981551,-9.920691648608626,3.591295387099824,-0.6593652147963084,1.794769750801226
-1.1102827765460024,1.8297885376274359,-9.921231452429517,3.589539501602452,-0.6595770752548699,1.8007591738456257
-1.128822960196663,1.8300290946413498,-9.921615557899718,3.6015183476912513,-0.6600581892826977,1.802594061619221
-1.1439829491379303,1.8291043348954068,-9.923752517249909,3.605188123238442,-0.6582086697908115,1.7968077493876173
-1.1562697618507976,1.8285943158830489,-9.925284872495931,3.5936154987752347,-0.6571886317660955,1.7960229523570006
-1.176512318768781,1.828965648903138,-9.925490947713643,3.592045904714001,-0.6579312978062738,1.7979374504190064
-1.1990343449651206,1.8288674849346056,-9.926442747128755,3.595874900838013,-0.657734969869209,1.7996082491010796
-1.213289465138983,1.8279806342341578,-9.928520790667458,3.5992164982021593,-0.6559612684683135,1.7971452835922752
-1.22590512600007,1.8274010735231785,-9.930211600349898,3.5942905671845504,-0.6548021470463546,1.7937958058678398
-1.2386044168170507,1.826884081016589,-9.931725881533175,3.5875916117356796,-0.6537681620331758,1.7927970720364175
-1.2535478196981877,1.826700293547645,-9.932798886876961,3.585594144072835,-0.653400587095288,1.7908037475486884
-1.2709792237399622,1.8270693836125176,-9.932988869275235,3.581607495097377,-0.6541387672250332,1.794143859148997
-1.2873713986567914,1.8260864052634966,-9.935296705606172,3.588287718297994,-0.652172810526991,1.7884401425523173
-1.2981282207801979,1.825211948693542,-9.937379161381058,3.5768802851046346,-0.6504238973870818,1.7842645892650915
-1.3074970999413722,1.8254733902880802,-9.937774316878661,3.568529178530183,-0.6509467805761582,1.7862404003087011
-1.322023912831229,1.8256878048927063,-9.93822423426838,3.5724808006174023,-0.6513756097854105,1.7882007614010254
-1.333816425215442,1.8256159568195234,-9.939109603511254,3.5764015228020507,-0.6512319136390446,1.7879594838560189
-1.343181292847909,1.825613152665616,-9.939843900116797,3.5759189677120378,-0.6512263053312299,1.7936222085764397
-1.3515516073835876,1.8242964097256908,-9.942579714750735,3.5872444171528794,-0.6485928194513795,1.7888974431839573
-1.3587141009866457,1.823610093031437,-9.94438906715382,3.5777948863679145,-0.6472201860628717,1.7850984470249145
-1.3707781959546814,1.8223542647621378,-9.947020961059046,3.570196894049829,-0.6447085295242735,1.7809793840397334
-1.3795953051625816,1.8216798929440088,-9.948764931786002,3.561958768079467,-0.6433597858880156,1.7796066285103382
-1.3942626112601744,1.8217215253611576,-9.949446896185957,3.5592132570206765,-0.6434430507223131,1.7822918975396276
-1.4140816086044055,1.821915565299647,-9.949974184074355,3.564583795079255,-0.643831130599292,1.785124960048152
-1.4347086602940813,1.8214036267343237,-9.951526253936821,3.570249920096304,-0.6428072534686453,1.7829698922422614
-1.4473950048601534,1.8202756916706118,-9.953938757829595,3.565939784484523,-0.6405513833412215,1.7808821139412196
-1.4580040714131446,1.8200222735560065,-9.955035622008259,3.5617642278824393,-0.6400445471120112,1.7834943831482242
-1.4777755959483052,1.8204155966931208,-9.95521373923185,3.5669887662964483,-0.6408311933862396,1.7878547211145221
-1.4993768631318005,1.819330466095816,-9.957550301573464,3.5757094422290443,-0.6386609321916302,1.7882653910915043
-1.510241762757813,1.8189525562506248,-9.958917919554521,3.5765307821830086,-0.6379051125012477,1.7896517633969733
-1.5246220862043849,1.8192720509051141,-9.959248112926094,3.5793035267939466,-0.6385441018102261,1.794242070934069
-1.5394662530737264,1.81948490830844,-9.959718256265614,3.588484141868138,-0.6389698166168775,1.7982256690731906
-1.550834570481726,1.8194616850233183,-9.96055724382888,3.596451338146381,-0.6389233700466345,1.7966608678645006
-1.5618932139954342,1.8193459441462563,-9.961504190999607,3.5933217357290013,-0.6386918882925106,1.7961460948004224
-1.5674051034944796,1.8192724660418718,-9.962367485005307,3.592292189600845,-0.6385449320837416,1.7980051837671347
-1.5686882419153783,1.8192298491277714,-9.963207022105252,3.5960103675342694,-0.6384596982555412,1.800740727638323
-1.5712542047901934,1.8191193086432615,-9.964162454195323,3.601481455276646,-0.6382386172865212,1.8010056496902596
-1.5744855487814817,1.8189607186923873,-9.965213652180267,3.602011299380519,-0.6379214373847728,1.7992012152874721
-1.577281514096562,1.8187262160644402,-9.96635949414437,3.5984024305749442,-0.6374524321288785,1.7982814116184564
-1.5802422901733983,1.8187506361506887,-9.967107554223507,3.596562823236913,-0.6375012723013755,1.798089656531217
-1.5781173808178632,1.8180709246344753,-9.968921439860617,3.596179313062434,-0.636141849268949,1.7967740307614166
-1.5701436011401686,1.8181284635430714,-9.96961112117857,3.5935480615228332,-0.6362569270861411,1.8002632824847449
-1.5608389605226325,1.818167097048422,-9.970374918450386,3.6005265649694898,-0.6363341940968422,1.8037209307842654
-1.5473252200240353,1.8172736635555322,-9.972563240564186,3.607441861568531,-0.6345473271110624,1.8002456629111898
-1.531138089709975,1.8167844472326002,-9.97406773794368,3.6004913258223796,-0.6335688944651987,1.8022801994442683
-1.5212814447800795,1.8153937861938279,-9.97696958891659,3.6045603988885366,-0.6307875723876539,1.7961511713413365
-1.5088442448666193,1.8150770700743233,-9.978224904990283,3.592302342682673,-0.6301541401486448,1.7960456646374396
-1.5002235798763,1.813796166132971,-9.980902770416327,3.5920913292748793,-0.62759233226594,1.7910494600972047
-1.4894837841472164,1.8143761735021045,-9.980851608055167,3.5820989201944093,-0.6287523470042072,1.7943291635051637
-1.4917281608257387,1.815681355100297,-9.979699049586237,3.5886583270103274,-0.6313627102005925,1.8012077292121702
-1.487394283057272,1.8163092901745457,-9.979608976598666,3.6024154584243404,-0.6326185803490897,1.803665870673703
-1.4721024933095315,1.816478067460147,-9.980184613690875,3.607331741347406,-0.6329561349202923,1.8029193798672223
-1.4541428158687157,1.8168435325912844,-9.98047862598741,3.6058387597344446,-0.6336870651825669,1.8036178556270923
-1.4371216075076862,1.8166074903328642,-9.981586256638451,3.6072357112541846,-0.6332149806657263,1.8058047397278367
-1.416910618956928,1.8168350493693164,-9.98207566129569,3.6116094794556735,-0.6336700987386308,1.8068316931675639
-1.3987514037396807,1.8158519027812718,-9.984359542956126,3.6136633863351277,-0.6317038055625415,1.8023803994802678
-1.3764304459505396,1.816035756864796,-9.984884963548529,3.6047607989605357,-0.6320715137295898,1.8036539205484525
-1.3621295064155472,1.8157910153168342,-9.986066152307558,3.607307841096905,-0.6315820306336662,1.802273587784427
-1.3457300788077866,1.8155946550961226,-9.98715733687173,3.604547175568854,-0.6311893101922431,1.8014163822557605
-1.3304652895261988,1.8154770725097065,-9.988131459481115,3.602832764511521,-0.6309541450194107,1.8020390487256603
-1.3158081539410489,1.8148836538036592,-9.989853904612284,3.6040780974513207,-0.6297673076073164,1.8001448759738727
-1.3013070761724563,1.8144926764690994,-9.991221040824893,3.6002897519477455,-0.6289853529381966,1.7986287561390375
-1.287620552481581,1.8143653721479722,-9.992209583114107,3.597257512278075,-0.6287307442959423,1.7976986242100133
-1.2775456630593975,1.813799708104884,-9.9938833355142,3.5953972484200265,-0.6275994162097659,1.7946588376610209
-1.2679003524541859,1.813956643052039,-9.994449794251206,3.5893176753220417,-0.6279132861040762,1.7954699313874387
-1.2591967187871766,1.8137430937202217,-9.995559128750351,3.5909398627748774,-0.6274861874404412,1.7964998324825507
-1.2469715817449813,1.8141265319734423,-9.995809675780096,3.5929996649651015,-0.6282530639468824,1.7984612173838967
-1.2312591574691645,1.8142585470249684,-9.99644858522495,3.5969224347677935,-0.6285170940499345,1.801444591214539
-1.2119477526305804,1.814717715073373,-9.996558494568967,3.602889182429078,-0.629435430146744,1.8058686951456164
-1.187310440690407,1.8146996365662842,-9.997358738418635,3.611737390291233,-0.629399273132566,1.8056259268591615
-1.162873294730554,1.8137796830246176,-9.999526013047166,3.611251853718323,-0.6275593660492328,1.8067923116488598
-1.1443000460992607,1.814110437604044,-9.999849820350171,3.6135846232977196,-0.6282208752080858,1.8104271650529147
-1.1374692556277122,1.8143365314462674,-10.00039351913141,3.6208543301058294,-0.6286730628925326,1.812374202541114
-1.1302826545984566,1.8148466882504992,-10.000475957175128,3.624748405082228,-0.6296933765009963,1.8149002619279255
-1.1253809772936272,1.8154180805313116,-10.000443286170748,3.629800523855851,-0.6308361610626213,1.8180150283230407
-1.117546483385837,1.8158511993393998,-10.00063494806089,3.6360300566460815,-0.6317023986787975,1.8188285097242733
-1.1082418182454266,1.8166658919042045,-10.00026052247727,3.6376570194485467,-0.6333317838084068,1.826049449372143
-1.093537477037044,1.816812992541974,-10.00087518458415,3.652098898744286,-0.633625985083946,1.8256614086846055
-1.0744333198307316,1.8166988984078931,-10.001900723918771,3.651322817369211,-0.6333977968157841,1.822967771220858
-1.0533504756500722,1.816241796960714,-10.003430534104465,3.645935542441716,-0.632483593921426,1.8199307867445464
-1.0316977342515532,1.8169176013500181,-10.003233743259402,3.639861573489093,-0.6338352027000341,1.8236834681664083
-1.015282167757638,1.8168152686831196,-10.004238545496198,3.6473669363328165,-0.6336305373662373,1.8242349752814835
-0.9910922110105549,1.8167897099404913,-10.00509867232249,3.648469950562967,-0.6335794198809805,1.8239757129538023
-0.9664170387439484,1.8163250647122289,-10.006562458577367,3.6479514259076047,-0.6326501294244559,1.8259458139324367
-0.9409351577361402,1.8158169665160468,-10.008140709061259,3.6518916278648734,-0.6316339330320918,1.8245983978523648
-0.9155924102113122,1.8159043865961224,-10.008844689007692,3.6491967957047295,-0.631808773192243,1.8253081951938037
-0.8958475853677825,1.816769987397015,-10.00839047415051,3.6506163903876074,-0.6335399747940282,1.830443536688225
-0.8773857482880008,1.8170256201814485,-10.008798484215042,3.66088707337645,-0.6340512403628957,1.8327744075301116
-0.8557005382954621,1.8173197770342098,-10.009232927177852,3.665548815060223,-0.6346395540684183,1.8311016985295976
-0.8342734510878831,1.8167318587744812,-10.010950859852938,3.662203397059195,-0.6334637175489612,1.829346905045348
-0.8124366473798812,1.8163955122120499,-10.012300520451054,3.658693810090696,-0.6327910244240987,1.8269723139676861
-0.7948694188669112,1.816334848336061,-10.013229270003496,3.6539446279353722,-0.6326696966721213,1.8241733035590262
-0.7761094415898366,1.8157483370148588,-10.014976216085062,3.6483466071180524,-0.6314966740297168,1.8188537419512665
-0.7588556870836207,1.8158602084491395,-10.015645949315193,3.637707483902533,-0.6317204168982781,1.8205526610511453
-0.748255950357418,1.8164227008273404,-10.015632964605208,3.6411053221022907,-0.6328454016546796,1.823082914639151
-0.7417528288984645,1.8166671056306773,-10.016100904599686,3.646165829278302,-0.6333342112613537,1.8230734977584293
-0.735403547992675,1.8173769418663448,-10.0159255217485,3.6461469955168586,-0.6347538837326885,1.8254321798572661
-0.7320486735997385,1.8166199418263604,-10.017927106413616,3.6508643597145323,-0.6332398836527197,1.8209596299513562
-0.7265216596523452,1.8173185539560062,-10.017720100776792,3.6419192599027124,-0.6346371079120113,1.8223149444436573
-0.7299164375765095,1.818307095373397,-10.017081060439471,3.6446298888873145,-0.6366141907467929,1.8251404563506808
-0.7306451426085943,1.8178236720201757,-10.01858649679224,3.6502809127013616,-0.6356473440403502,1.8237974698065493
-0.7210240218912549,1.817845210838876,-10.01941668742576,3.6475949396130987,-0.6356904216777507,1.8230004453710325
-0.719186875423512,1.8192955567110607,-10.018054766690176,3.646000890742065,-0.6385911134221199,1.8279072707786872
-0.7210524084108112,1.820217828375322,-10.01748246978945,3.6558145415573744,-0.6404356567506427,1.8321981228653552
-0.7141375384017792,1.8207460321065847,-10.017533925261485,3.6643962457307104,-0.6414920642131678,1.833854356087448
-0.6996211664502265,1.8209774791261486,-10.017987876150613,3.667708712174896,-0.6419549582522955,1.833897567356272
-0.679731160685872,1.8210083630353338,-10.018806751963737,3.667795134712544,-0.6420167260706658,1.8313610598446568
-0.659045480718202,1.821238194716727,-10.019267881580697,3.6627221196893136,-0.6424763894334524,1.8328993081942782
-0.6438160986158259,1.8216396484578592,-10.019495785917561,3.6657986163885563,-0.6432792969157165,1.8322642833754634
-0.6296207038078911,1.8221756420047583,-10.019529407055524,3.664528566750927,-0.6443512840095148,1.8326647418405235
-0.6156760584166143,1.8221824505620825,-10.020338680714678,3.665329483681047,-0.6443649011241631,1.8313526899084474
-0.5952941461707102,1.8228426189432339,-10.020187896138125,3.6627053798168947,-0.6456852378864657,1.8325381839276467
-0.5752947178034269,1.8239549455771256,-10.019353509013,3.6650763678552933,-0.647909891154249,1.8355910179983543
-0.5531696591765023,1.8237257229424193,-10.02053175786285,3.6711820359967087,-0.6474514458848364,1.83497982709798
-0.5194157427562072,1.824260885576902,-10.02054301424614,3.66995965419596,-0.6485217711538018,1.8366804877343048
-0.48976566148811074,1.823962456923709,-10.021830756952882,3.6733609754686096,-0.6479249138474159,1.8333955705851668
-0.45868552677009156,1.8242891713068201,-10.022175413689215,3.6667911411703336,-0.648578342613638,1.834145670331548
-0.43244161659126945,1.8239634221063832,-10.023516877229412,3.668291340663096,-0.6479268442127639,1.8315569140316712
-0.4071967788386939,1.8246656204042326,-10.023318400437168,3.6631138280633424,-0.6493312408084627,1.832231711290639
-0.38321159436966745,1.824676687513187,-10.024129347051113,3.664463422581278,-0.6493533750263712,1.8307681198123447
-0.35824100575357853,1.8246645183442498,-10.024980274107357,3.6615362396246893,-0.6493290366884968,1.8304896247492979
-0.33910869810752864,1.8245178028062627,-10.026039949183485,3.6609792494985958,-0.6490356056125229,1.8268578962757205
-0.31823930540599044,1.8247123114387807,-10.026546118355524,3.653715792551441,-0.649424622877559,1.8273503868494385
-0.29996290695094174,1.826071015336482,-10.025346494670107,3.654700773698877,-0.6521420306729617,1.8304016462170507
-0.2922957526536223,1.8270696474368682,-10.02467346934652,3.6608032924341014,-0.6541392948737339,1.832349601527892
-0.2822147988855441,1.826925338496213,-10.025689333258786,3.664699203055784,-0.6538506769924235,1.8341699101881423
-0.2677237277827178,1.8268521588475541,-10.026672072048953,3.6683398203762847,-0.653704317695106,1.831108700824644
-0.2561308139913372,1.8272182293516455,-10.0269842005628,3.662217401649288,-0.6544364587032887,1.8309872783183205
-0.24709194069028584,1.8274704743942445,-10.027425543237468,3.661974556636641,-0.6549409487884869,1.8309859462962916
-0.23803157241594342,1.828106171775021,-10.027324925211646,3.6619718925925833,-0.6562123435500399,1.8325336447706808
-0.23154583700932818,1.8281617398101897,-10.028128296651312,3.6650672895413616,-0.6563234796203772,1.82949100438874
-0.22393185374733982,1.829002566295282,-10.02767436440473,3.65898200877748,-0.658005132590562,1.8308982979853576
-0.2189878119592663,1.8295190448558623,-10.02774863156586,3.6617965959707153,-0.6590380897117223,1.83071730427807
-0.21304985412714217,1.8300546854991524,-10.027771540622537,3.66143460855614,-0.6601093709983027,1.8301505697490246
-0.21118777324722515,1.8311694805912249,-10.026953712506932,3.660301139498049,-0.6623389611824477,1.832347970962217
-0.20769853072669342,1.8319345074368714,-10.026628463757024,3.664695941924434,-0.6638690148737408,1.8337903377194433
-0.20089859390276033,1.8329091288422394,-10.026043540304146,3.6675806754388867,-0.665818257684477,1.8347425080826119
-0.18983629434362825,1.8324804881721772,-10.027533478771243,3.6694850161652237,-0.6649609763443526,1.8315082508384672
-0.17242116587146405,1.8326808188738384,-10.028042778795749,3.6630165016769345,-0.6653616377476749,1.8331422164523847
-0.15761643152937843,1.8333170815579374,-10.027932457181915,3.6662844329047695,-0.666634163115873,1.8340155723296987
-0.14693246341832555,1.8332907072237041,-10.028795958756541,3.6680311446593974,-0.6665814144474066,1.8324750761794029
-0.1319238522599644,1.8339855968029188,-10.028598505556333,3.6649501523588057,-0.6679711936058361,1.8350418154740673
-0.11920792186447571,1.8349475947339486,-10.02797986510122,3.6700836309481346,-0.6698951894678958,1.8356729061335106
-0.10338369714898832,1.8351701426433737,-10.028454113868852,3.6713458122670213,-0.670340285286746,1.8350063203812157
-0.08214166854522453,1.834923246627494,-10.029689524478922,3.6700126407624314,-0.6698464932549867,1.8309163538956232
-0.06615093175277131,1.835352567274517,-10.0299036300686,3.6618327077912465,-0.6707051345490325,1.830046061729529
-0.05860963755267612,1.835619278237382,-10.030367636388707,3.660092123459058,-0.6712385564747622,1.8295956736686991
-0.048276774015363344,1.836432196262023,-10.029982505373242,3.6591913473373983,-0.6728643925240442,1.831448146484662
-0.03809901043852548,1.8365377994237453,-10.030604146693461,3.662896292969324,-0.6730755988474891,1.8341441899769275
-0.02430127617370914,1.837337505581775,-10.030180609361237,3.668288379953855,-0.6746750111635489,1.8360454787689215
-0.01338963600206533,1.8374430829275674,-10.030850691850763,3.672090957537843,-0.6748861658551334,1.8350555853459445
-0.00025606131828226353,1.8370918147708555,-10.032206360831989,3.670111170691889,-0.6741836295417094,1.8329242430966695
0.013813554786676008,1.8372122200799224,-10.032850376157196,3.665848486193339,-0.6744244401598433,1.8314246315105565
0.020309715623616498,1.8373927879625376,-10.03339732690172,3.662849263021113,-0.6747855759250738,1.8299723998746424
0.024181801686697924,1.8379942574647106,-10.033324141446244,3.659944799749285,-0.67598851492942,1.8291860602048267
0.024740776402421005,1.838366799452147,-10.033575892801505,3.6583721204096533,-0.6767335989042932,1.8284948817301414
0.022609979519481627,1.8376260666901343,-10.035510956086574,3.656989763460283,-0.6752521333802675,1.8237789881263131
0.02076181689769463,1.8384677533507625,-10.035046480957671,3.6475579762526262,-0.6769355067015239,1.826267387413482
0.0060241109334331355,1.8392654301906668,-10.034694619949434,3.652534774826964,-0.6785308603813325,1.8255511306134447
-0.0027090360568244876,1.8396871034942275,-10.034855983888725,3.6511022612268893,-0.6793742069884537,1.8296519116744276
-0.00785131622128965,1.8389971870613282,-10.036699776372172,3.6593038233488553,-0.6779943741226554,1.825370979358283
-0.01160329728991627,1.8388522230976139,-10.037756127096783,3.650741958716566,-0.6777044461952266,1.822883537707831
-0.020054160668012244,1.839819579325184,-10.037109457832203,3.645767075415662,-0.6796391586503667,1.8265788916753563
-0.03575649872623288,1.8405922179931373,-10.036791299092025,3.6531577833507125,-0.6811844359862738,1.8281307367686588
-0.05108919417137159,1.8407917436493653,-10.037292473791828,3.6562614735373176,-0.6815834872987298,1.8274280476859446
-0.06230884246127566,1.841574107475503,-10.036885180094457,3.654856095371889,-0.6831482149510054,1.82888631744922
-0.0728786867909541,1.840841276390994,-10.03877912798974,3.65777263489844,-0.6816825527819876,1.824127338934002
-0.07773458421198676,1.8410179720417468,-10.039338834732112,3.648254677868004,-0.682035944083493,1.8230705073250653
-0.08948721994812558,1.840460154456259,-10.040948162094164,3.6461410146501305,-0.6809203089125176,1.821312004333221
-0.10261997948396129,1.8416852577674128,-10.039929836279294,3.642624008666442,-0.6833705155348251,1.825103805640929
-0.12315353592577871,1.8419304049882113,-10.040352230159774,3.650207611281858,-0.6838608099764221,1.824051337934183
-0.13867430784584123,1.8419872264588426,-10.041070689373248,3.648102675868366,-0.683974452917685,1.82377203076045
-0.1527049329269179,1.8420156825221612,-10.041847846123625,3.6475440615209,-0.684031365044322,1.8226608086312122
-0.16430312907094446,1.8422321586268875,-10.042326701040572,3.6453216172624243,-0.6844643172537745,1.8228756323622888
-0.176383403195004,1.8424698499673295,-10.04274634038082,3.6457512647245776,-0.6849396999346586,1.8220246843274723
-0.18786309548121416,1.8426526355532307,-10.043289278301218,3.6440493686549447,-0.6853052711064611,1.8204171317405613
-0.20049679500722561,1.8427458483532984,-10.04392672598533,3.6408342634811226,-0.6854916967065966,1.8211088043504784
-0.21334317176948048,1.8425541439162458,-10.044989290443622,3.642217608700957,-0.6851082878324914,1.8202642674500689
-0.2209389749494779,1.8427881723159891,-10.045454272806483,3.6405285349001377,-0.6855763446319779,1.8188350015736372
-0.23421327703597505,1.8430728831169005,-10.045853707135164,3.6376700031472744,-0.6861457662338007,1.8176502539067887
-0.24995754670995574,1.8429235817837075,-10.046839154134892,3.6353005078135774,-0.6858471635674148,1.8152568704304002
-0.2647884978490058,1.84350080983756,-10.046757642996534,3.6305137408608004,-0.68700161967512,1.81669503897191
-0.27824187854283444,1.84400113485531,-10.046809679288183,3.63339007794382,-0.68800226971062,1.8177335843481812
-0.2871729571971162,1.844464326593072,-10.046906561086258,3.6354671686963624,-0.6889286531861439,1.8184414463006937
-0.2978584064154042,1.8449438199737573,-10.047021725475211,3.6368828926013874,-0.6898876399475146,1.8190671604683386
-0.30952388996308855,1.845448751694956,-10.047055750820082,3.638134320936677,-0.6908975033899118,1.8212468155479844
-0.31921046194992186,1.8453115783549465,-10.048044982853726,3.642493631095969,-0.690623156709893,1.819329148125893
-0.3281285018923281,1.8457207725161102,-10.048202934827449,3.638658296251786,-0.6914415450322207,1.81970391033033
-0.3349698119356681,1.846639356390449,-10.047640823808125,3.63940782066066,-0.6932787127808981,1.822418320142703
-0.3411908471093046,1.8473352179712352,-10.047381542219046,3.644836640285406,-0.6946704359424706,1.8235294014954033
-0.33875914593033407,1.8481506951329625,-10.046979091322475,3.6470588029908066,-0.6963013902659251,1.8234903018659194
-0.33889859113515186,1.8485522490434314,-10.047164267041113,3.646980603731839,-0.6971044980868629,1.8262117553644694
-0.33444499326232346,1.8491863427046942,-10.04704280999784,3.652423510728939,-0.6983726854093883,1.8267680635351158
-0.3282313201611924,1.8492679646099364,-10.047696228687984,3.6535361270702316,-0.6985359292198726,1.8263255490026529
-0.31707647210293644,1.8490043663883595,-10.04886729822192,3.6526510980053057,-0.6980087327767188,1.8234241646874523
-0.30527624637425355,1.8498385555035308,-10.048429591330741,3.6468483293749046,-0.6996771110070613,1.8231274768948058
-0.29825034348064783,1.8510658524378123,-10.047411382640085,3.6462549537896116,-0.7021317048756243,1.826264253384042
-0.2884360231230616,1.8507774461413895,-10.048587554880891,3.652528506768084,-0.7015548922827789,1.8249138280319366
-0.2685395392485468,1.850133235887279,-10.050345504564369,3.649827656063873,-0.7002664717745581,1.8208797439946132
-0.24793337654772785,1.8507004873827775,-10.05029120856669,3.6417594879892263,-0.7014009747655549,1.8232063730947852
-0.2344045116388216,1.8508797749979151,-10.050789988658954,3.6464127461895703,-0.70175954999583,1.8220800206139427
-0.21838089764545643,1.8512578848433878,-10.051016166850129,3.6441600412278854,-0.7025157696867753,1.8217503345176225
-0.20119860734771855,1.8509434142222672,-10.052288022795505,3.643500669035245,-0.7018868284445339,1.8198104431776312
-0.18336647082252888,1.8511372784396158,-10.052786185227882,3.6396208863552624,-0.7022745568792312,1.8213249424970372
-0.17098323709219976,1.8518339455111412,-10.05252694802559,3.6426498849940745,-0.7036678910222819,1.8230795204800174
-0.1614210936617848,1.8518949212587827,-10.05326306302605,3.646159040960035,-0.703789842517565,1.8211613181538198
-0.14933330190878635,1.8523313363466056,-10.053451712580445,3.6423226363076395,-0.7046626726932107,1.820892623958128
-0.1407121796423514,1.852997191106387,-10.053256343796981,3.641785247916256,-0.7059943822127732,1.8234271252418828
-0.1302022080249987,1.8542823969207622,-10.052088292851707,3.6468542504837655,-0.7085647938415238,1.8283334620043303
-0.12033460504217963,1.8542269543635874,-10.052956196532987,3.6566669240086607,-0.708453908727174,1.8257830574240768
-0.10544823643867751,1.8545104383847866,-10.053281759432478,3.6515661148481535,-0.7090208767695724,1.826176173583921
-0.09572327457630969,1.8545770966530502,-10.05396466494095,3.652352347167842,-0.7091541933060995,1.8237095773759175
-0.08869417108978794,1.854989059773055,-10.054138240645173,3.647419154751835,-0.7099781195461092,1.8238649660866035
-0.08472488046737325,1.8554140266148462,-10.054302027414845,3.647729932173207,-0.7108280532296917,1.824276128130353
-0.08245785284439755,1.856235463032571,-10.053882144565778,3.648552256260706,-0.7124709260651413,1.824940888257781
-0.07997178083953038,1.855546801064347,-10.055725094970713,3.649881776515562,-0.7110936021286933,1.818596619937954
-0.0687398300547386,1.856034652959606,-10.055799071606188,3.637193239875908,-0.7120693059192114,1.8188687089148552
-0.06843873318699245,1.856087031802201,-10.056513670039548,3.6377374178297104,-0.7121740636044012,1.8166365982583699
-0.07156428641450674,1.8567870805054418,-10.056220873901657,3.6332731965167397,-0.7135741610108828,1.818583961314649
-0.07517986438907265,1.8577728941471423,-10.055557324941597,3.637167922629298,-0.7155457882942837,1.819676712411744
-0.07327161111414959,1.8578315678799218,-10.056297183556067,3.639353424823488,-0.7156631357598424,1.8172626673319392
-0.0671270269326314,1.8576872718212145,-10.057303149149533,3.6345253346638784,-0.7153745436424278,1.8155417368369808
-0.061425524285130706,1.8582477128250408,-10.05727830057299,3.6310834736739617,-0.7164954256500804,1.8173442248625118
-0.06033175441944394,1.8585034062745929,-10.057669449887756,3.6346884497250236,-0.7170068125491847,1.8176455578728024
-0.05445554350562176,1.8590108725074952,-10.05771371780038,3.6352911157456047,-0.7180217450149896,1.817391880023803
-0.04909193305276638,1.858658652372402,-10.059048216946817,3.634783760047606,-0.7173173047448034,1.8117818602867872
-0.04277027374927478,1.8587324664644909,-10.059678083342119,3.6235637205735745,-0.7174649329289812,1.8110410857324948
-0.03975606742693394,1.858895170475164,-10.060239009200705,3.6220821714649896,-0.7177903409503272,1.8104596964513981
-0.038896607390588755,1.8584173650899103,-10.061688970837746,3.6209193929027963,-0.7168347301798198,1.8082482510367048
-0.03924800269838613,1.8585657930014623,-10.062217298375446,3.6164965020734097,-0.7171315860029238,1.8097838977737308
-0.050356081841528066,1.8587173023442343,-10.0627246663459,3.6195677955474617,-0.7174346046884676,1.810268103828473
-0.0606279786268864,1.8591148325749247,-10.062929187578765,3.620536207656946,-0.7182296651498487,1.81130773205821
-0.07218638732466154,1.859737358988306,-10.06273893548371,3.62261546411642,-0.719474717976611,1.8137610653487655
-0.08273553548875512,1.8604436953353272,-10.062467823832565,3.627522130697531,-0.7208873906706533,1.8147758563249963
-0.09233765190914056,1.8599455364885904,-10.063967384474077,3.6295517126499925,-0.7198910729771797,1.8103652728967885
-0.0974384421240515,1.8604498781725272,-10.064014090756432,3.620730545793577,-0.7208997563450531,1.8092736341982436
-0.11150783799739195,1.8605613799924212,-10.06462554599204,3.618547268396487,-0.7211227599848412,1.808128823209303
-0.11874081355586874,1.8602223056009166,-10.065908844980402,3.616257646418606,-0.7204446112018321,1.804215955999228
-0.1265996855675482,1.8606579321872563,-10.066018713450534,3.608431911998456,-0.7213158643745115,1.8068470126042753
-0.13812133347827782,1.8604330683289363,-10.067112687621192,3.6136940252085505,-0.7208661366578716,1.8044627502772381
-0.14920364591901958,1.8607238976489737,-10.067454388300952,3.6089255005544763,-0.7214477952979464,1.8049814099351384
-0.1675925553448412,1.8613616914338929,-10.06726551549486,3.609962819870277,-0.7227233828677849,1.8050203130665263
-0.18548450921465687,1.8613585831187314,-10.068025135408629,3.6100406261330527,-0.7227171662374622,1.805041262484892
-0.19755039055478107,1.8615613104918614,-10.068501215696637,3.610082524969784,-0.723122620983722,1.8047826545786703
-0.21263232786435537,1.8615276335455693,-10.069329780224388,3.6095653091573405,-0.7230552670911377,1.8018800602749518
-0.2270267568123696,1.8620857181821908,-10.069244097476759,3.6037601205499037,-0.724171436364381,1.8030313558653992
-0.24525513091943374,1.8623043722439363,-10.069708807547487,3.6060627117307984,-0.7246087444878718,1.8011057112215307
-0.2575772492812973,1.8626791240811604,-10.069921270699162,3.6022114224430615,-0.72535824816232,1.803628527574603
-0.2690497058320709,1.8631670833396305,-10.069924968980274,3.607257055149206,-0.7263341666792603,1.8045949824063994
-0.279189495271833,1.864068586592627,-10.069374765094077,3.6091899648127987,-0.7281371731852531,1.805673735794092
-0.28490623463194176,1.8641006884738527,-10.070065513057806,3.611347471588184,-0.7282013769477045,1.80403755876004
-0.28390034168343803,1.8652835547485427,-10.06905434627125,3.60807511752008,-0.7305671094970846,1.8063200420089505
-0.285711720788548,1.8654873412144994,-10.06954895432141,3.612640084017901,-0.7309746824289982,1.805419252061883
-0.2801342143971972,1.866366996616592,-10.06903085616354,3.610838504123766,-0.7327339932331831,1.805288423010268
-0.27783272282797356,1.866240755468946,-10.0700013969092,3.610576846020536,-0.7324815109378912,1.8034418195231323
-0.2715379800944753,1.8665012562435135,-10.070374401243004,3.6068836390462646,-0.733002512487026,1.8029760585274917
-0.26393209869169176,1.8665924172104833,-10.070979033186527,3.6059521170549833,-0.7331848344209656,1.8035133261170857
-0.25669252320649427,1.8663973259179873,-10.07201344761806,3.6070266522341714,-0.7327946518359737,1.8023334821636159
-0.24840251893296816,1.866538115196752,-10.072570448036736,3.6046669643272318,-0.733076230393503,1.8011124183643572
-0.23983967656277017,1.8667653940359725,-10.072967433207948,3.6022248367287144,-0.733530788071944,1.8011771049241392
-0.2326714338779965,1.8671926184924934,-10.073086493743801,3.6023542098482784,-0.734385236984986,1.8001415426425682
-0.22344123633373947,1.8674663146639603,-10.073433788139079,3.6002830852851364,-0.7349326293279199,1.799595173517392
-0.21286184426664967,1.8676127258130846,-10.073976664109885,3.599190347034784,-0.7352254516261686,1.796409917685459
-0.20365255577476127,1.8674110529589174,-10.07495752395724,3.592819835370918,-0.7348221059178341,1.795429316446816
-0.19278625466888677,1.867618439248493,-10.075345664693923,3.590858632893632,-0.7352368784969853,1.7951722209827918
-0.18483173146820597,1.867509773785687,-10.076247620862851,3.5903444419655837,-0.7350195475713736,1.7930467247874582
-0.17483211729366666,1.8676966186362294,-10.076749681545813,3.5860934495749164,-0.7353932372724585,1.7932609459417332
-0.16893327573878558,1.8673380718276031,-10.078018621197124,3.5865218918834665,-0.7346761436552061,1.7903770281280336
-0.161987997063461,1.8676625302188956,-10.078269405608763,3.580754056256067,-0.7353250604377909,1.7901490297702767
-0.160508184702703,1.8674319119457625,-10.079328933298891,3.5802980595405534,-0.7348638238915247,1.7880439183980512
-0.15870304216398523,1.8672544857097098,-10.080308739970638,3.5760878367961024,-0.734508971419419,1.7888757576311958
-0.16305969131882492,1.866449915731096,-10.082203071631726,3.5777515152623915,-0.7328998314621917,1.7848715714415366
-0.16715077103213005,1.8670427496973612,-10.08202220904714,3.5697431428830733,-0.7340854993947218,1.7863561512618469
-0.1850326739914152,1.8668496554160303,-10.083019101368327,3.5727123025236938,-0.7336993108320602,1.7844662547896126
-0.19920699568844036,1.867490387765472,-10.082787600769281,3.5689325095792253,-0.7349807755309437,1.7866456964257469
-0.22117614299047617,1.868257897557492,-10.08237025468898,3.5732913928514938,-0.7365157951149833,1.7874553238693878
-0.23973587910875516,1.8684518857014998,-10.082815415020475,3.5749106477387755,-0.736903771402999,1.7885765285134299
-0.2542977133029858,1.8694166720565053,-10.082107755879342,3.5771530570268597,-0.7388333441130103,1.7911291915601664
-0.2703020978554882,1.8689932158842995,-10.083464570569426,3.5822583831203327,-0.7379864317685986,1.787243399025969
-0.2768043054970395,1.8687028784997743,-10.084617167643549,3.574486798051938,-0.7374057569995485,1.7849377431983213
-0.28630618116784845,1.868484460161202,-10.085662140264096,3.5698754863966426,-0.7369689203224037,1.7859638830709053
-0.29842402898549736,1.869073288465206,-10.085531504077418,3.5719277661418105,-0.7381465769304112,1.7858356625066125
-0.31561352502172113,1.8689642367267418,-10.086393434727931,3.571671325013225,-0.7379284734534832,1.7835757604836002
-0.3292683062150221,1.868688646950283,-10.08750961458047,3.5671515209672005,-0.7373772939005654,1.7816664973425562
-0.34350672662564463,1.8687854886654305,-10.08806381939015,3.5633329946851124,-0.7375709773308602,1.783171623978631
-0.35871808643733516,1.8691000693398585,-10.088320202912993,3.566343247957262,-0.738200138679716,1.782314729976481
-0.37462483480126885,1.8693802439002143,-10.088650294101006,3.564629459952962,-0.7387604878004274,1.7816714905821065
-0.3878526772957507,1.8695508329434312,-10.089121068242736,3.563342981164213,-0.7391016658868609,1.7823397358432114
-0.3998471377249828,1.8693710954059182,-10.09008385341384,3.5646794716864227,-0.7387421908118349,1.7815447217708014
-0.4078283044535862,1.8693336309712336,-10.090814583263315,3.5630894435416027,-0.7386672619424658,1.781030014496241
-0.41811818937859613,1.8687197064317058,-10.09244887322522,3.562060028992482,-0.7374394128634103,1.7774434575868612
-0.42535315865744927,1.8686007366849782,-10.093342544416117,3.5548869151737224,-0.7372014733699549,1.775363839925461
-0.43525926782890423,1.8692915787786817,-10.093056337435966,3.550727679850922,-0.7385831575573621,1.7791096686833194
-0.4432280312184851,1.8687899671554355,-10.094487616149829,3.558219337366639,-0.7375799343108699,1.776430789379694
-0.44707396805320165,1.8695849843632792,-10.094008931274548,3.552861578759388,-0.7391699687265575,1.7802646395248627
-0.45495434518119815,1.8692580580685583,-10.095238218346799,3.5605292790497254,-0.7385161161371154,1.7780834736228992
-0.4585317626855119,1.8694218518504586,-10.095659691642423,3.5561669472457984,-0.738843703700916,1.7797935902230912
-0.46844980904850964,1.8694720407955965,-10.096344125991356,3.5595871804461825,-0.7389440815911917,1.7790242777083947
-0.47759883523199953,1.869365624295354,-10.097240656762802,3.5580485554167893,-0.7387312485907067,1.7776712200052411
-0.4907328636699422,1.869250638622531,-10.098139610637375,3.5553424400104823,-0.7385012772450604,1.7776710828882643
-0.5018006038875438,1.8694522138263465,-10.098581199684464,3.5553421657765285,-0.7389044276526916,1.7771755746259834
-0.5122528525572463,1.8690950961131487,-10.099830969328636,3.554351149251967,-0.738190192226296,1.7752723396105081
-0.5186969571653215,1.8691551533111501,-10.100451004572488,3.5505446792210162,-0.7383103066222986,1.7758029141015959
-0.5304799392864883,1.8688498730589442,-10.101612176514246,3.5516058282031917,-0.7376997461178866,1.7737374902780687
-0.5400101784964786,1.868403362357124,-10.102982582584097,3.5474749805561374,-0.7368067247142459,1.7722319019738004
-0.5488401611487443,1.8685274023395813,-10.103475738456186,3.544463803947601,-0.7370548046791607,1.7729589570416877
-0.561320734815224,1.8680889531250817,-10.104843628609272,3.5459179140833754,-0.7361779062501616,1.7708174270015928
-0.5728898217658216,1.8691170827133001,-10.104012128785678,3.5416348540031857,-0.7382341654265985,1.7777059477132848
-0.591272656221582,1.8696217062482747,-10.103978149815976,3.5554118954265697,-0.7392434124965477,1.7780137125313809
-0.6032400150781747,1.8687590593565275,-10.105948503771987,3.5560274250627617,-0.7375181187130533,1.775534959559743
-0.6078525513639921,1.8695144605145788,-10.105535904376978,3.551069919119486,-0.739028921029156,1.7766977353375246
-0.6199612906917107,1.8685794618217095,-10.107660015088749,3.5533954706750492,-0.7371589236434173,1.7707309380947027
-0.6203886393324005,1.8687972411070277,-10.108064117475134,3.5414618761894054,-0.7375944822140538,1.7706415010916263
-0.6271077840274675,1.8690219100546512,-10.108447133519643,3.5412830021832526,-0.7380438201093008,1.7709146724121996
-0.6359339812751585,1.8694909123514347,-10.108490230212054,3.541829344824399,-0.7389818247028677,1.7721579625836181
-0.6412762418301909,1.868908075898102,-10.110025658370816,3.5443159251672363,-0.7378161517962025,1.7712519543684124
-0.6453960306860651,1.8688823393956744,-10.110805690509096,3.542503908736825,-0.7377646787913471,1.7693936364080136
-0.6516017859336536,1.869343907258381,-10.110887773085423,3.5387872728160272,-0.7386878145167606,1.7683434678237766
-0.6595062293455545,1.868988664896653,-10.112129893902946,3.536686935647553,-0.7379773297933045,1.7668683492461599
-0.6628402566851417,1.8681329734601844,-10.114077017536669,3.5337366984923197,-0.7362659469203674,1.763821038746471
-0.6657469191760086,1.867963522642144,-10.115055919270864,3.527642077492942,-0.7359270452842869,1.7616874146070027
-0.6734486010558491,1.8678978178676504,-10.115859272944249,3.5233748292140055,-0.7357956357352998,1.7615020351962634
-0.6829190730824628,1.8678320523772718,-10.116635381575414,3.5230040703925267,-0.7356641047545426,1.7615483657186282
-0.6905849776292694,1.8686400292030507,-10.116187461931608,3.5230967314372563,-0.7372800584061006,1.763796335477781
-0.7005910955749126,1.8682227477095166,-10.117491908254657,3.527592670955562,-0.7364454954190324,1.761744722769849
-0.7014030509468139,1.8691235825701988,-10.116850421432888,3.523489445539698,-0.7382471651403969,1.7654305735731846
-0.704938620466308,1.8689152291012978,-10.117855552406594,3.530861147146369,-0.7378304582025949,1.7650538861577294
-0.7011437313940938,1.8692326924396696,-10.118050408015026,3.530107772315459,-0.7384653848793383,1.7671301191981712
-0.6971957652439755,1.8684446023577572,-10.119862924232004,3.5342602383963424,-0.7368892047155134,1.76482388127657
-0.6941254112907664,1.8684569526643386,-10.120565534416173,3.52964776255314,-0.7369139053286763,1.7645041223938582
-0.6991714047373438,1.868340884302088,-10.121352511225535,3.5290082447877165,-0.7366817686041748,1.768447324316372
-0.6995369455960745,1.8669373059669372,-10.124127337802095,3.536894648632744,-0.7338746119338733,1.7611458662906578
-0.7010005525499352,1.8667441855424045,-10.125097473732678,3.5222917325813157,-0.7334883710848081,1.7610337228572548
-0.7074026432632472,1.866652423805206,-10.12587808078684,3.5220674457145096,-0.7333048476104114,1.7616893629561943
-0.716002665052418,1.866652567713909,-10.126503004094133,3.5233787259123885,-0.7333051354278174,1.7644277935742527
-0.7262946587628374,1.8652942028855486,-10.129184392528236,3.5288555871485054,-0.7305884057710965,1.757850151000313
-0.7354543448138902,1.8657717473433937,-10.129154121021532,3.515700302000626,-0.7315434946867868,1.759629386982956
-0.7525561799643548,1.8653982830876445,-10.130422509444351,3.519258773965912,-0.7307965661752884,1.7570841264726222
-0.7647001586777282,1.865196107849068,-10.131464836025437,3.5141682529452445,-0.7303922156981355,1.754559020396822
-0.7813144315502107,1.8648634565197355,-10.132641091219531,3.509118040793644,-0.7297269130394705,1.7541642219871487
-0.7966969883650492,1.8651855738218777,-10.132898879515757,3.5083284439742974,-0.7303711476437549,1.7530344675088931
-0.8108950857380037,1.8643965862290723,-10.134729729633738,3.5060689350177863,-0.7287931724581445,1.750662815678505
-0.8195948835562863,1.8644532774482094,-10.135350566876793,3.50132563135701,-0.7289065548964184,1.7499605246485073
-0.8335745063984064,1.864448187899968,-10.136042217149791,3.4999210492970145,-0.7288963757999356,1.7500607118676257
-0.8465026575571315,1.8639514744244317,-10.137466286355098,3.5001214237352514,-0.727902948848863,1.7480664422923966
-0.8622709813074092,1.863546672802791,-10.1387453954425,3.496132884584793,-0.7270933456055814,1.7474373117124864
-0.8783529990550889,1.863935032985547,-10.138881294924072,3.494874623424973,-0.7278700659710936,1.7488003119906312
-0.9029500243915258,1.864357183224124,-10.138969518463904,3.4976006239812625,-0.7287143664482474,1.7511027724579662
-0.9241842899705279,1.8641088952787586,-10.140013636368428,3.5022055449159324,-0.7282177905575167,1.7495437805589724
-0.9428061552098725,1.863813334073998,-10.141109069296979,3.499087561117945,-0.7276266681479954,1.7513662269653252
-0.9581988350924409,1.8627819976466167,-10.143339866739828,3.5027324539306504,-0.7255639952932328,1.7463667200497326
-0.9727216127078986,1.8619257968513259,-10.145268588372454,3.492733440099465,-0.7238515937026513,1.7438469742848797
-0.991581961121172,1.862386724133754,-10.145286869344766,3.4876939485697593,-0.7247734482675076,1.7474356622012075
-1.0105309089261993,1.8623466184044715,-10.14601511883218,3.494871324402415,-0.7246932368089425,1.749513100236865
-1.0241881896644127,1.8621509181192972,-10.146993084895488,3.49902620047373,-0.724301836238594,1.7494476509391266
-1.0364811136402636,1.862109775371564,-10.147792643492796,3.498895301878253,-0.7242195507431275,1.7489831079370124
-1.0494006187605347,1.862072960202148,-10.148540541372661,3.497966215874025,-0.7241459204042952,1.7505905840924871
-1.0553136275454342,1.8620798580596345,-10.149233773427456,3.5011811681849743,-0.7241597161192683,1.7516829903043225
-1.063321978730185,1.8618135305906365,-10.15035613253129,3.503365980608645,-0.7236270611812723,1.748910607838458
-1.0679958726200507,1.8623961878286528,-10.150208324197928,3.497821215676916,-0.7247923756573049,1.7538588142223257
-1.0744159783175657,1.8616503238346032,-10.152032771524683,3.5077176284446514,-0.7233006476692059,1.7519675199398552
-1.0720634730200125,1.8617429704007116,-10.152589259965286,3.5039350398797104,-0.7234859408014225,1.7531570838713828
-1.0765743428430774,1.8609662305591068,-10.154430950264626,3.5063141677427656,-0.721932461118213,1.750405091152426
-1.0739339339775036,1.8598905162271586,-10.15670001193179,3.500810182304852,-0.7197810324543167,1.747135768825714
-1.0741215651544422,1.8586926935680401,-10.15920326062002,3.494271537651428,-0.7173853871360798,1.7409636802914261
-1.0786408203972684,1.8585331048296208,-10.16015425469116,3.4819273605828522,-0.7170662096592413,1.7401143354457176
-1.0885654192175345,1.8583263893189255,-10.16117721883281,3.480228670891435,-0.7166527786378505,1.739211544691265
-1.0966676892980036,1.8589047475683997,-10.16101777756466,3.47842308938253,-0.7178094951367991,1.741360061535777
-1.1093981663528876,1.8585380696375073,-10.162214541739408,3.482720123071554,-0.7170761392750146,1.7428080582033307
-1.1185673389759287,1.8581244665449073,-10.163561027727068,3.4856161164066615,-0.7162489330898145,1.7401498265604896
-1.1277370156303057,1.8579022303188235,-10.164558266782128,3.480299653120979,-0.7158044606376472,1.7399382273877644
-1.1376666361857986,1.857127718120582,-10.166400793696976,3.4798764547755288,-0.7142554362411644,1.7364560989209035
-1.1419035277053027,1.8575116842549562,-10.166538241225362,3.472912197841807,-0.7150233685099127,1.7385361513078752
-1.1482548467222067,1.8567972615944313,-10.168252705477205,3.4770723026157504,-0.713594523188863,1.7374729085233331
-1.1520419910761905,1.8564711302867598,-10.169425810427882,3.4749458170466663,-0.71294226057352,1.7366169689695259
-1.1598325239599188,1.8558742873127863,-10.170983969754879,3.4732339379390518,-0.7117485746255731,1.7343122868146559
-1.1673677908085018,1.8558536477947094,-10.17173059623314,3.4686245736293118,-0.7117072955894194,1.735309035629529
-1.178834930261699,1.8554706027385353,-10.172940030505039,3.470618071259058,-0.710941205477071,1.737251866809674
-1.1891710531188995,1.8558220321863408,-10.173120651954834,3.474503733619348,-0.7116440643726818,1.7394169964490882
-1.2030189519757961,1.8552580704340893,-10.174659112178118,3.4788339928981764,-0.7105161408681787,1.7387872855044655
-1.211127232913741,1.85523805835647,-10.175366546709503,3.477574571008931,-0.7104761167129402,1.740599437485495
-1.2263383784788928,1.8550871433578802,-10.176207789996521,3.48119887497099,-0.7101742867157605,1.7429392942094228
-1.2373930313300363,1.8552303351104125,-10.176743622752184,3.4858785884188457,-0.7104606702208253,1.743071699425016
-1.2500073770750095,1.8550567785540277,-10.177715258568329,3.486143398850032,-0.7101135571080557,1.7421162796490322
-1.256905486995743,1.8549004754346574,-10.178653619949499,3.4842325592980643,-0.709800950869315,1.741790687717599
-1.2590669618477435,1.853778303631451,-10.18101311541063,3.483581375435198,-0.7075566072629023,1.7400674400666056
-1.2533725915567508,1.8541777257047405,-10.181106243441977,3.4801348801332113,-0.7083554514094813,1.7448203545679224
-1.2557635696229017,1.8539635303779367,-10.182150078345673,3.489640709135845,-0.7079270607558735,1.7458829281886838
-1.253050840609287,1.8538951217968345,-10.182925781773415,3.4917658563773677,-0.7077902435936692,1.7473945536365443
-1.2546433837120823,1.853894382835887,-10.183619605314549,3.4947891072730886,-0.7077887656717742,1.7478429616201039
-1.2545759411363342,1.8545584742804078,-10.183350750015219,3.4956859232402078,-0.7091169485608159,1.7509424609650528
-1.2537563229909487,1.8544980983405306,-10.184120843255721,3.5018849219301056,-0.7089961966810614,1.7511359305389222
-1.2461830706330321,1.8543202999209552,-10.185077726749373,3.5022718610778445,-0.7086405998419104,1.752650809035258
-1.2345126237333357,1.8533916173681377,-10.187184274573744,3.505301618070516,-0.7067832347362757,1.7486298540535754
-1.2236983859270314,1.852065641479448,-10.189871326402558,3.497259708107151,-0.7041312829588966,1.746204833066138
-1.2127658681987725,1.8517222784274312,-10.191086951165746,3.492409666132276,-0.7034445568548628,1.7459976909143062
-1.208937662405983,1.851410333200092,-10.192256635220497,3.4919953818286125,-0.7028206664001846,1.7454314540290141
-1.2038582200603116,1.851456478340745,-10.192906157876976,3.4908629080580282,-0.7029129566814908,1.7452513987602898
-1.2010981316086813,1.8519140248486763,-10.192949148672344,3.4905027975205796,-0.7038280496973534,1.7519947858218734
-1.1971639220081496,1.85132081323382,-10.194509804747845,3.503989571643747,-0.7026416264676406,1.7519934772973451
-1.1901136820304608,1.8517388311909773,-10.194587101852642,3.5039869545946902,-0.7034776623819552,1.7561362044664126
-1.185765061117685,1.8521071079262796,-10.194772323030998,3.512272408932825,-0.7042142158525599,1.7586037376728592
-1.17904442871221,1.851285803076884,-10.196741566551072,3.5172074753457183,-0.7025716061537685,1.7560065079811085
-1.1667793681580054,1.8505363976882978,-10.198588250305573,3.512013015962217,-0.7010727953765961,1.7511343787108238
-1.1597241275504029,1.8509383385829044,-10.198762136722484,3.5022687574216476,-0.7018766771658091,1.751115175735683
-1.1585876381893438,1.851123380804351,-10.19918924559394,3.502230351471366,-0.7022467616087027,1.7539601066887995
-1.1543419972914926,1.8510792585597602,-10.19997256949007,3.507920213377599,-0.702158517119521,1.7551549400339
-1.1433479895224696,1.8505296243954725,-10.201536568046713,3.5103098800678,-0.7010592487909457,1.7517699343957702
-1.1336977696418256,1.8498532294500059,-10.203256870295457,3.5035398687915404,-0.6997064589000125,1.7490607635026252
-1.1257445386118317,1.849801844837661,-10.204053418238567,3.4981215270052504,-0.6996036896753228,1.7529963682819605
-1.1226915392109174,1.8498927394363314,-10.204606829444172,3.505992736563921,-0.6997854788726636,1.7550265645411975
-1.120641872572211,1.8494392105290047,-10.20601502974624,3.510053129082395,-0.6988784210580101,1.755036359700505
-1.1206628933333516,1.8491843860362251,-10.207129929924944,3.51007271940101,-0.6983687720724512,1.7581805645345272
-1.1235268278242945,1.8499884168340217,-10.206665610966345,3.5163611290690544,-0.6999768336680442,1.7613107560644936
-1.1297782495757058,1.8500946326673677,-10.207235970524616,3.522621512128987,-0.7001892653347361,1.7627914798974609
-1.1256897358612807,1.8493040192516979,-10.209122066584229,3.5255829597949218,-0.6986080385033964,1.7593738836454347
-1.1126981052068459,1.8489266451305704,-10.210420953668487,3.5187477672908694,-0.6978532902611416,1.757350232630903
-1.1031327094597732,1.8488823930368852,-10.211222219285741,3.514700465261806,-0.6977647860737712,1.759238396451884
-1.0949954129523896,1.8492912637545798,-10.211314106694521,3.518476792903768,-0.6985825275091603,1.762693698050363
-1.0887712823009998,1.8494722367291718,-10.211765275334717,3.525387396100726,-0.6989444734583447,1.7683597422902735
-1.0825276835651767,1.848726736871026,-10.213619125796422,3.536719484580547,-0.6974534737420534,1.7636182750475775
-1.0703507494412854,1.8480509334247734,-10.215337729875127,3.527236550095155,-0.6961018668495481,1.760368894666983
-1.0645774106866188,1.84757033474475,-10.216772544468412,3.520737789333966,-0.6951406694895013,1.759820144735472
-1.0648988816547647,1.8461814693694638,-10.219572647860714,3.519640289470944,-0.6923629387389288,1.7524209140570195
-1.0616222620421816,1.8463481061397613,-10.220044398466872,3.504841828114039,-0.6926962122795238,1.7542023680162198
-1.0654734909582153,1.8455390631295145,-10.22192868033452,3.5084047360324395,-0.6910781262590303,1.7516365957033135
-1.0684791565665552,1.8452965954903506,-10.223015799307268,3.503273191406627,-0.6905931909807025,1.7529874892140453
-1.0780869676619762,1.8446667507066925,-10.2247057208971,3.5059749784280907,-0.6893335014133862,1.7490290226477725
-1.0879826816885974,1.8452191037114594,-10.224616486613018,3.498058045295545,-0.69043820742292,1.7548610486090352
-1.1014484707537626,1.8456922716883994,-10.224649040079603,3.5097220972180705,-0.6913845433767999,1.7565180053310634
-1.1085806931914934,1.8457113461608596,-10.22534387244655,3.513036010662127,-0.6914226923217204,1.7584278307793078
-1.1119427070671524,1.8450669386582648,-10.227030274326065,3.5168556615586155,-0.6901338773165306,1.7584030872938592
-1.1141074622812361,1.8446466015167162,-10.228373777563197,3.5168061745877184,-0.6892932030334336,1.757171097293133
-1.1178357377053878,1.8444563801306617,-10.22935165839271,3.514342194586266,-0.6889127602613244,1.7589498759759405
-1.1230495530364841,1.8450201754302227,-10.22924354890074,3.517899751951881,-0.6900403508604462,1.7636228223852346
-1.1355031290431175,1.8455482344262282,-10.229269130714412,3.527245644770469,-0.6910964688524575,1.763817377356411
-1.145415635102811,1.8448871134511764,-10.2309465725645,3.527634754712822,-0.6897742269023541,1.7667426307272167
-1.145784736661657,1.844929565845431,-10.23162706163282,3.5334852614544334,-0.6898591316908634,1.7691827489631256
-1.149206113971717,1.844543084174504,-10.23291502852043,3.538365497926251,-0.6890861683490096,1.7706317988399811
-1.1510944240188046,1.8448544848638968,-10.233198084502792,3.5412635976799622,-0.6897089697277953,1.7723236029981113
-1.158731991716234,1.844863187186929,-10.233948963448317,3.5446472059962226,-0.6897263743738598,1.7746950481171777
-1.1648210536348937,1.8454086927616205,-10.233920199811712,3.5493900962343554,-0.6908173855232429,1.7787471754869608
-1.1683385789890952,1.845365085052934,-10.234759896380524,3.5574943509739216,-0.6907301701058698,1.7777165432721354
-1.1639356656202704,1.8451569073716267,-10.235823699322237,3.5554330865442707,-0.6903138147432553,1.7766546757397297
-1.1567407265157144,1.8451464537537663,-10.23658350412729,3.5533093514794594,-0.6902929075075346,1.7778748932124626
-1.1442105342515703,1.845121914226161,-10.237339612546336,3.5557497864249252,-0.6902438284523242,1.7798489677982126
-1.132406029705665,1.8455381335458696,-10.237463063305865,3.559697935596425,-0.6910762670917413,1.785845421277387
-1.117648586453619,1.845741176540759,-10.23795095486922,3.571690842554774,-0.69148235308152,1.785110263316514
-1.0987750885776855,1.845362251629488,-10.23927321573005,3.570220526633028,-0.690724503258978,1.78446418165945
-1.074244312665229,1.845307230077749,-10.240127526678208,3.5689283633189,-0.6906144601555002,1.782689260632545
-1.0553727909577741,1.8446896094232883,-10.241796264632203,3.56537852126509,-0.6893792188465787,1.7799828790292642
-1.0380162971783324,1.844264790256084,-10.243221143321767,3.5599657580585284,-0.6885295805121702,1.7757309702518886
-1.0244335883908828,1.8440040330035623,-10.24434700947392,3.5514619405037773,-0.6880080660071266,1.7765420333465876
-1.0104639455826092,1.8438074701877347,-10.245397538335364,3.553084066693175,-0.6876149403754717,1.7770130109602364
-0.9960942637582324,1.8440728233246753,-10.24575966528975,3.554026021920473,-0.6881456466493527,1.776823142225293
-0.9832002994380478,1.8436699816461344,-10.2470612944747,3.553646284450586,-0.6873399632922711,1.7779192617427881
-0.9706436651756345,1.8438103765267175,-10.247586613202925,3.5558385234855763,-0.6876207530534374,1.778969338608007
-0.9646061921054798,1.8432765059977645,-10.249150798147905,3.557938677216014,-0.6865530119955312,1.776819160090305
-0.9533214455888679,1.8431926828213188,-10.250071194027798,3.55363832018061,-0.6863853656426396,1.7776963992405146
-0.946464640382521,1.843747166674578,-10.25007402369273,3.555392798481029,-0.6874943333491579,1.7779191564163483
-0.9401538432132828,1.843766946606253,-10.250783146825382,3.5558383128326967,-0.6875338932125079,1.7799443655905198
-0.9318167357198437,1.8438365753700117,-10.251449187475405,3.5598887311810397,-0.6876731507400254,1.7785469045502116
-0.9240632057759868,1.8434993425573507,-10.252727063155918,3.557093809100423,-0.6869986851147035,1.7764547624253988
-0.918389416602869,1.8432068041928356,-10.253901237557741,3.5529095248507976,-0.6864136083856734,1.7753287349921394
-0.9149369404531278,1.8426546095909706,-10.255458199777683,3.550657469984279,-0.6853092191819434,1.7731725278410335
-0.9118700552781966,1.8427724626250306,-10.256039765958226,3.546345055682067,-0.6855449252500635,1.7743952870017412
-0.9137323586513215,1.8424811038007762,-10.25718262028266,3.5487905740034824,-0.684962207601555,1.7788122972421367
-0.9144764335775069,1.8424672193622582,-10.25794077924865,3.5576245944842735,-0.6849344387245188,1.780119880008103
-0.9200694162491079,1.8419252256912886,-10.259532074412023,3.560239760016206,-0.6838504513825796,1.776129218783203
-0.9259394874575211,1.842505136658585,-10.25945562932093,3.552258437566406,-0.6850102733171726,1.7777040521337775
-0.9358546633872873,1.8417813042749196,-10.261304449598471,3.555408104267555,-0.6835626085498421,1.7758280237986854
-0.9395909188998264,1.841574392037616,-10.262426580563275,3.551656047597371,-0.6831487840752349,1.7752140393326856
-0.9453894527505966,1.8421553918483609,-10.262332523754878,3.5504280786653712,-0.6843107836967248,1.7772201233222786
-0.952380909208669,1.8425391505246786,-10.262495315983541,3.5544402466445573,-0.6850783010493602,1.778507325116984
-0.9547563749258288,1.8423688087507346,-10.263473360235635,3.557014650233968,-0.6847376175014723,1.7789037578039082
-0.952926581602469,1.8428167200497452,-10.263559586121817,3.5578075156078164,-0.6856334400994935,1.7844839644293253
-0.9549632088275235,1.842754898934248,-10.26444633232805,3.5689679288586507,-0.6855097978684991,1.7825891426894553
-0.9514205791475163,1.842787464834526,-10.265196784723463,3.5651782853789107,-0.6855749296690549,1.7831569008090724
-0.9492024598929785,1.843769974961769,-10.264553386432642,3.566313801618145,-0.6875399499235414,1.7896662029222354
-0.9465562868602024,1.8436609574983611,-10.265533987091272,3.579332405844471,-0.6873219149967257,1.7885619895155391
-0.9354737983010786,1.84366428438158,-10.266233157570856,3.5771239790310783,-0.6873285687631635,1.790169954665591
-0.9282743223012311,1.8433205569646025,-10.267486492462844,3.580339909331182,-0.6866411139292087,1.7902987207071615
-0.9202848482396728,1.8434476257760826,-10.268045710783094,3.580597441414323,-0.6868952515521686,1.7925597730895553
-0.9155617693547047,1.8426517552637243,-10.269960603605421,3.5851195461791106,-0.685303510527452,1.7896197001331837
-0.906247116485412,1.843247709469165,-10.26988790735886,3.5792394002663674,-0.6864954189383335,1.790226407974394
-0.9027627069825908,1.8425159318127258,-10.271753790008503,3.580452815948788,-0.6850318636254549,1.7848767558838294
-0.8901807390964969,1.8415614060217769,-10.273920558941619,3.569753511767659,-0.6831228120435571,1.7797514646434403
-0.8813055805164733,1.8412765911776352,-10.275092973969866,3.5595029292868805,-0.6825531823552738,1.7773769561155452
-0.8773331955630859,1.8414347918597218,-10.275601170028512,3.5547539122310905,-0.682869583719447,1.7848808219714518
-0.8759168687915224,1.8414410463402333,-10.27638974512967,3.5697616439429036,-0.6828820926804698,1.7841513589807907
-0.8706892600818161,1.8414540430469877,-10.277158876515587,3.5683027179615814,-0.6829080860939788,1.7842640627953632
-0.8686452929043735,1.8415539193076058,-10.277772374591162,3.5685281255907264,-0.6831078386152152,1.783797373209562
-0.8634063698825898,1.841632607836467,-10.2784576652082,3.567594746419124,-0.6832652156729376,1.7827199893397636
-0.8567094989739985,1.841692321055521,-10.2791586770495,3.565439978679527,-0.6833846421110455,1.7870882226330016
-0.8528412579588096,1.8420294993615918,-10.279412257723001,3.574176445266003,-0.6840589987231873,1.7873018725229133
-0.8516317050506128,1.8421209354715933,-10.280081112754361,3.5746037450458266,-0.6842418709431904,1.7870486184643988
-0.8474229132177467,1.841887395689563,-10.281186696234679,3.5740972369287975,-0.6837747913791299,1.7846855467243823
-0.8445801149275507,1.84236723680319,-10.281186264561665,3.5693710934487646,-0.6847344736063842,1.7879487313664095
-0.8446858182885961,1.8423846545883638,-10.281915711336193,3.575897462732819,-0.6847693091767314,1.788872700636416
-0.8415316383222056,1.8428949398353334,-10.281940601703242,3.577745401272832,-0.6857898796706707,1.7896729724267681
-0.8450460417434726,1.8429177767685478,-10.282662713210302,3.5793459448535363,-0.6858355535370996,1.7889217770451153
-0.8444257088358462,1.842811462622544,-10.283583536822572,3.5778435540902307,-0.6856229252450917,1.7872031035467828
-0.8436074051942022,1.8429012726434577,-10.284227780288234,3.5744062070935656,-0.6858025452869191,1.7880836830648743
-0.8422936315211835,1.8426308451749633,-10.285412933235515,3.5761673661297486,-0.6852616903499303,1.786754107599619
-0.8404596877916557,1.8424719682810244,-10.28644168985659,3.573508215199238,-0.6849439365620523,1.7857347550273888
-0.836544707070928,1.8422972745296085,-10.287474052751131,3.5714695100547775,-0.6845945490592201,1.7840776005010337
-0.8367016567806349,1.8426265524901952,-10.28775764833298,3.5681552010020674,-0.6852531049803938,1.7850351135256635
-0.8355747381648193,1.8420515540150302,-10.28938278280391,3.570070227051327,-0.6841031080300639,1.7817825957483937
-0.8260141735150004,1.8409958547116503,-10.291658788857625,3.5635651914967874,-0.6819917094233042,1.7785718035811282
-0.8168379897561042,1.8415736202367738,-10.2916000394906,3.5571436071622564,-0.6831472404735514,1.7799659296080665
-0.8176389085780613,1.8427491891071595,-10.290617466884008,3.559931859216133,-0.6854983782143225,1.7839811416063942
-0.8171075981343598,1.8432277756862416,-10.290659459187534,3.5679622832127884,-0.6864555513724869,1.788415286939619
-0.8086447175580567,1.842473167695026,-10.29257275680054,3.576830573879238,-0.6849463353900556,1.7852746914084385
-0.7952110088386224,1.8424809219101832,-10.293332770485645,3.570549382816877,-0.68496184382037,1.7856228311839009
-0.7878961607266941,1.842294856355624,-10.294367858395683,3.5712456623678017,-0.6845897127112516,1.7847434723744242
-0.7805227885273371,1.841621215940877,-10.296137847689973,3.5694869447488484,-0.683242431881757,1.783118328583616
-0.7747495397987443,1.840653196520479,-10.298374785521831,3.566236657167232,-0.6813063930409614,1.7775209320249186
-0.7721401288962095,1.839863462287999,-10.300301319276779,3.555041864049837,-0.6797269245760011,1.7742083499470322
-0.7736927090281984,1.8396262117700088,-10.30137923307669,3.5484166998940645,-0.6792524235400206,1.7739079746309352
-0.7831656130740434,1.8394459208748424,-10.3024021240328,3.5478159492618704,-0.6788918417496878,1.774363078256745
-0.7942163462118561,1.8394885147539979,-10.303084902066992,3.54872615651349,-0.6789770295079987,1.7758701503228733
-0.8095650812596222,1.8397999612109028,-10.30338830817838,3.5517403006457466,-0.6795999224218084,1.7789781964383597
-0.825620071449439,1.8402599383674032,-10.303455035856706,3.5579563928767195,-0.6805198767348093,1.7839594463412305
-0.8400364532363263,1.8405643307431856,-10.303823899516338,3.567918892682461,-0.681128661486374,1.7835672197748496
-0.8521351098859906,1.8415899769887885,-10.303100661888088,3.567134439549699,-0.6831799539775796,1.7885763596030166
-0.863155400586308,1.8406473022430139,-10.305299800800933,3.5771527192060333,-0.6812946044860302,1.784847516539673
-0.862936388396168,1.8411716105559532,-10.305294774922636,3.569695033079346,-0.6823432211119091,1.7849740327180246
-0.8700256516328455,1.8413840412476394,-10.305738927377343,3.569948065436049,-0.6827680824952813,1.7855710908130167
-0.8752733319407735,1.8423301878280418,-10.305122527889454,3.5711421816260334,-0.6846603756560858,1.7885589090928857
-0.8783149228055009,1.8429225881677018,-10.305035397708656,3.5771178181857715,-0.6858451763354059,1.7906943657318568
-0.8701826265618688,1.8435230559157942,-10.304931953675386,3.5813887314637136,-0.6870461118315906,1.7930305469085126
-0.8618504023196554,1.8438899395077608,-10.305176298083387,3.586061093817025,-0.6877798790155235,1.7948010172026405
-0.8560745027890526,1.8443878681012587,-10.305207470949087,3.589602034405281,-0.6887757362025192,1.7963342087580845
-0.8511370814705383,1.844006375998375,-10.306561752623107,3.592668417516169,-0.6880127519967516,1.7951010196002084
-0.8375949949921448,1.844433137925732,-10.306683557917005,3.590202039200417,-0.6888662758514654,1.7973200068980748
-0.8278957462947734,1.8448988520570782,-10.306748799882024,3.5946400137961496,-0.6897977041141578,1.7979546722344026
-0.8150207060406078,1.8443352802754667,-10.308381878471847,3.5959093444688053,-0.6886705605509348,1.7937266872117699
-0.7937155454301728,1.8440926198037635,-10.309563944737045,3.5874533744235397,-0.6881852396075286,1.7919200697297486
-0.7711930418071784,1.8446934505482817,-10.30946522560576,3.583840139459497,-0.6893869010965653,1.7919844370656883
-0.7481256416598487,1.8447695622072433,-10.310147387189623,3.5839688741313767,-0.6895391244144887,1.7947111967567615
-0.7194449257926081,1.8447497097605534,-10.31100409125244,3.589422393513523,-0.6894994195211088,1.7935899066025476
-0.6893047245953063,1.8444995772523953,-10.312148028130014,3.587179813205095,-0.6889991545047929,1.792123697549688
-0.659155892124863,1.8444478336921102,-10.313014202419735,3.584247395099376,-0.6888956673842226,1.7900053351309326
-0.6326138523418905,1.8435786731311448,-10.315081185208003,3.5800106702618653,-0.6871573462622917,1.785532670184436
-0.6070819878886304,1.8436985929368561,-10.315674699278082,3.571065340368872,-0.6873971858737145,1.7872721321537977
-0.590221105100893,1.8437500915398102,-10.31638627852273,3.5745442643075953,-0.6875001830796227,1.787013602232733
-0.5786030545250842,1.8441680138900074,-10.316559680865836,3.574027204465466,-0.6883360277800173,1.7877843375231464
-0.5637752801582465,1.845064254554337,-10.316015384241771,3.5755686750462927,-0.6901285091086764,1.788436253953854
-0.5513695130802212,1.8456848713970626,-10.315845923338864,3.576872507907708,-0.6913697427941277,1.790590950747299
-0.5353823692149611,1.8456201268558659,-10.31672561021448,3.581181901494598,-0.6912402537117341,1.7918153249294793
-0.5201998182180443,1.8461711562121743,-10.316695941269883,3.5836306498589585,-0.692342312424351,1.7929013501002458
-0.5107230591718785,1.8452455815078073,-10.31884472230218,3.5858027002004915,-0.6904911630156171,1.7875048050032842
-0.49867194626590816,1.8456756150363116,-10.31901377682876,3.5750096100065685,-0.6913512300726258,1.7880302029953103
-0.4970481694950948,1.8464311837080278,-10.318672843840519,3.5760604059906207,-0.6928623674160582,1.7919562091134178
-0.4974530801741395,1.8478948780884454,-10.31730053111869,3.5839124182268356,-0.6957897561768936,1.797422670932325
-0.4946230156036773,1.8484566610331905,-10.317247837416673,3.59484534186465,-0.6969133220663838,1.7969426245588065
-0.48454045330968576,1.8481465519483624,-10.318502209704413,3.593885249117613,-0.6962931038967275,1.79466524568413
-0.4725399324566215,1.8478917924648353,-10.319688546832342,3.58933049136826,-0.6957835849296731,1.7949247160973993
-0.46022135717946,1.848391810332672,-10.319711769697498,3.5898494321947987,-0.6967836206653467,1.7958371097333863
-0.4506207893877594,1.8481303079223363,-10.320871927763557,3.5916742194667726,-0.6962606158446756,1.7939968025213584
-0.44037093151955453,1.8472966998815035,-10.322901356233794,3.587993605042717,-0.6945933997630098,1.78909367803764
-0.4310283608395409,1.8473585827468055,-10.323561350092163,3.57818735607528,-0.6947171654936138,1.789276980623219
-0.4284628310969527,1.8478278058363722,-10.323678960304912,3.578553961246438,-0.6956556116727469,1.788563713107701
-0.4259036245418226,1.8475663930376158,-10.324812158307545,3.577127426215402,-0.6951327860752342,1.7891871086119944
-0.41947108848712844,1.8468405364035638,-10.3266871826181,3.5783742172239887,-0.6936810728071304,1.7857191972440907
-0.4094493289295702,1.8469179462669585,-10.32734891068176,3.5714383944881813,-0.6938358925339196,1.7859241119664446
-0.4059344987686835,1.846899946364115,-10.328197124386909,3.5718482239328893,-0.6937998927282327,1.785237333150187
-0.4024115446696026,1.8469442357500605,-10.328882541407186,3.570474666300374,-0.693888471500124,1.7851066111325264
-0.40171050220692983,1.8476281377497292,-10.328608153274313,3.570213222265053,-0.6952562754994613,1.7874211548104673
-0.40743885331385954,1.848286347053075,-10.328379402684195,3.5748423096209345,-0.6965726941061527,1.78915088130626
-0.41309671168476925,1.8484683713558578,-10.328880225004212,3.57830176261252,-0.6969367427117185,1.7898011272601164
-0.4141185128414193,1.848386125516869,-10.329793521239926,3.579602254520233,-0.6967722510337406,1.7885047239678022
-0.41660530899332393,1.8481666586045054,-10.33095117268843,3.5770094479356045,-0.6963333172090135,1.7869538750069969
-0.4149379527498507,1.8482916861316863,-10.33152321309894,3.5739077500139937,-0.6965833722633751,1.787373153829227
-0.4176367352423078,1.848718229049276,-10.331651784545494,3.574746307658454,-0.6974364580985545,1.7897392495632376
-0.42455361399200875,1.848651736821678,-10.332492591792944,3.579478499126475,-0.6973034736433582,1.788456307331096
-0.4362464484792543,1.848395054772573,-10.333677216539394,3.576912614662192,-0.6967901095451483,1.784181233029258
-0.45078827350367945,1.848319121513498,-10.33452049994447,3.568362466058516,-0.6966382430269986,1.7841442426661325
-0.4657137878766129,1.848702258473201,-10.334735239690952,3.568288485332265,-0.6974045169464045,1.786263042764319
-0.4809035237315644,1.8488372834311309,-10.335328621629458,3.572526085528638,-0.6976745668622643,1.7864169379272354
-0.4960659242840251,1.8497356556364162,-10.334754656292494,3.572833875854471,-0.6994713112728347,1.7908590672844205
-0.5111173949089576,1.8500541560686998,-10.335033041605953,3.581718134568841,-0.700108312137402,1.7909305659340795
-0.5158666099773743,1.8493017072861682,-10.336893037230224,3.581861131868159,-0.6986034145723387,1.7865939877385555
-0.5164375515886501,1.8497089466850152,-10.337106402236333,3.573187975477111,-0.6994178933700327,1.7878584150521573
-0.5256084130432068,1.8501909932037115,-10.337176001873472,3.5757168301043145,-0.7003819864074254,1.7880228793003858
-0.5313912007040589,1.849820898326713,-10.338464734304479,3.5760457586007717,-0.6996417966534286,1.7860651962546563
-0.5288466988770235,1.8489582707236987,-10.340589598124858,3.5721303925093126,-0.6979165414473999,1.7785105488715434
-0.5268510875360217,1.8494370868365189,-10.340653240666812,3.5570210977430867,-0.6988741736730403,1.7795424108660765
-0.5319705036540014,1.8491148370869017,-10.341878581439431,3.559084821732153,-0.6982296741738062,1.7785707911149335
-0.5325590731045704,1.8499471076178302,-10.341437728789638,3.557141582229867,-0.6998942152356631,1.7802722481292148
-0.540768902423471,1.8494624740169847,-10.342931218255956,3.5605444962584296,-0.6989249480339721,1.7765817589340167
-0.5444512684954326,1.8495049702449298,-10.34361286736498,3.5531635178680334,-0.6990099404898622,1.7776551861999617
-0.5524264199930737,1.8497973489693562,-10.343945100284492,3.5553103723999233,-0.6995946979387151,1.777841083494446
-0.5600407017060025,1.8500842905683692,-10.344279230194411,3.555682166988892,-0.7001685811367411,1.780187120821126
-0.5647210423717137,1.8499264348143225,-10.345290517814602,3.560374241642252,-0.6998528696286475,1.7794136677093495
-0.5670720101080082,1.8496028596177276,-10.346544312739471,3.558827335418699,-0.6992057192354575,1.7769781334487813
-0.5716098272795929,1.8494282711170873,-10.347541254216633,3.5539562668975626,-0.698856542234177,1.7760994581182916
-0.5774493782655892,1.8503563078943217,-10.346934685812705,3.5521989162365832,-0.700712615788646,1.7795177286705155
-0.5852443900693824,1.8506494281782984,-10.34721712531507,3.559035457341031,-0.7012988563565994,1.780184791247244
-0.585891445728457,1.8500671153971329,-10.348886885355208,3.560369582494488,-0.7001342307942683,1.776967114538126
-0.5844308628821189,1.8497627818125741,-10.35005675342712,3.553934229076252,-0.6995255636251508,1.7783465273019954
-0.5869863656555996,1.850098689319985,-10.35033193316328,3.5566930546039908,-0.7001973786399723,1.779987994465627
-0.5971043810219019,1.850877123892182,-10.349961078140685,3.559975988931254,-0.7017542477843666,1.7810728384385306
-0.6080302600305458,1.8509232660192096,-10.35068922517048,3.562145676877061,-0.7018465320384218,1.7804888799287704
-0.6091873388234532,1.8512910412923202,-10.350933789106236,3.5609777598575407,-0.702582082584643,1.7811925705517406
-0.6127694396858718,1.8522420975132345,-10.350324955662959,3.5623851411034813,-0.7044841950264716,1.7834578962016667
-0.6181712515022006,1.8518521620991328,-10.35164367435891,3.5669157924033335,-0.7037043241982682,1.7823186520309107
-0.613205140264899,1.851569150495135,-10.352856931298625,3.5646373040618213,-0.7031383009902727,1.7802767189277238
-0.6059796520121896,1.8515549986073252,-10.353658840952386,3.5605534378554475,-0.7031099972146532,1.781185427106407
-0.6030753628268428,1.8508722531063642,-10.35542632436138,3.562370854212814,-0.7017445062127311,1.7786201128490606
-0.5968172025487402,1.8495545410821874,-10.358103792080206,3.5572402256981213,-0.6991090821643774,1.772669450562078
-0.5965241434486312,1.8494973677885962,-10.358909814265566,3.545338901124156,-0.6989947355771952,1.7737809727878449
-0.6030450914202561,1.8498256057377915,-10.359196757851885,3.5475619455756897,-0.6996512114755861,1.7737200181359032
-0.6108439829656724,1.8499011536755805,-10.359819110481697,3.5474400362718064,-0.6998023073511641,1.7730824435779309
-0.617747184799752,1.8505913271717005,-10.359532951032822,3.5461648871558618,-0.701182654343404,1.7796308016164253
-0.6271361344927584,1.8505286005674493,-10.360397426764678,3.5592616032328506,-0.7010572011349014,1.7797210695205088
-0.6300905475763265,1.8510432633780554,-10.360406146188417,3.5594421390410176,-0.7020865267561135,1.7829810890215056
-0.6330409475312955,1.8511074860562315,-10.361035651169754,3.5659621780430113,-0.702214972112466,1.7830832748393746
-0.6312359731329433,1.8511957731863746,-10.361668304799023,3.566166549678749,-0.7023915463727521,1.7832234054334541
-0.6339207537427569,1.8508970393870054,-10.36288169170384,3.5664468108669083,-0.7017940787740139,1.780255263632814
-0.6365782511810334,1.8511134095617119,-10.363324851553458,3.560510527265628,-0.7022268191234268,1.7803383471089762
-0.6390386283650056,1.850609397532797,-10.364823352285041,3.5606766942179524,-0.7012187950655971,1.7778790606089052
-0.6369828319096342,1.850165723005053,-10.366240780464688,3.5557581212178104,-0.7003314460101091,1.7747576288928446
-0.6391265013038279,1.8495725273213781,-10.367848515142956,3.549515257785689,-0.6991450546427594,1.7712929426668647
-0.6471159715577617,1.8497792392831494,-10.368293865304809,3.5425858853337293,-0.6995584785663019,1.7696682327902742
-0.6601312311405181,1.8498651311436904,-10.368980267055528,3.5393364655805484,-0.6997302622873842,1.7691340493892156
-0.6735490789870777,1.849870027380981,-10.369712454622938,3.538268098778431,-0.699740054761965,1.769184099933402
-0.6913908855346591,1.8497665694383902,-10.370622410017614,3.538368199866804,-0.6995331388767837,1.7702378437743431
-0.7068845275462614,1.8496159870759292,-10.371616554705833,3.5404756875486862,-0.6992319741518617,1.7681613074321485
-0.7211886733992472,1.849230497347776,-10.372933714597497,3.536322614864297,-0.6984609946955554,1.7656710004469767
-0.735396157934149,1.8498634293859517,-10.372741778628589,3.5313420008939533,-0.6997268587719071,1.7679047759549462
-0.7504364066373874,1.8502218976160663,-10.372980543260972,3.5358095519098924,-0.7004437952321362,1.769440717109971
-0.754865942462926,1.8502131256261698,-10.37370207543809,3.538881434219942,-0.7004262512523434,1.771589713838899
-0.7559247327579932,1.8498058595812847,-10.375013282600065,3.543179427677798,-0.6996117191625731,1.7706640292379714
-0.7573553529040886,1.850031216919401,-10.375451529135258,3.541328058475943,-0.700062433838806,1.773060707854879
-0.7623387232166987,1.851047970542208,-10.374737682429297,3.546121415709758,-0.7020959410844201,1.7778737032525653
-0.7714152439734541,1.851001326641257,-10.375570511545769,3.5557474065051307,-0.7020026532825182,1.7763405388399518
-0.7717638842752379,1.8504659513278265,-10.377118082646662,3.5526810776799036,-0.700931902655657,1.7740181054488209
-0.7734848326516754,1.8498819376045474,-10.378745622288356,3.5480362108976418,-0.6997638752090987,1.7716290782043236
-0.777702862117323,1.84931968397403,-10.380335588554267,3.543258156408647,-0.6986393679480639,1.769672943379274
-0.7849595252674213,1.8495171557518817,-10.38080124325197,3.539345886758548,-0.6990343115037675,1.7698031651049075
-0.7950351373747395,1.8491750828925548,-10.382019255275853,3.539606330209815,-0.6983501657851137,1.7696675776195763
-0.8035706692073337,1.8490883612044284,-10.382900340019082,3.5393351552391525,-0.6981767224088608,1.7700766962831713
-0.8115411456732282,1.8494123495373564,-10.383235363980015,3.5401533925663426,-0.6988246990747167,1.7723448067962122
-0.8183089074005991,1.8497278707074458,-10.383511055946917,3.5446896135924244,-0.6994557414148956,1.7733767612654532
-0.820116556001599,1.8493457734084673,-10.384850343928152,3.5467535225309064,-0.6986915468169385,1.7709022951370819
-0.8191834394838242,1.8500181114541878,-10.384619106685694,3.5418045902741637,-0.7000362229083797,1.7741456086380862
-0.8228338072376378,1.8501143759560263,-10.385225905445896,3.5482912172761725,-0.7002287519120568,1.7756761265256351
-0.8211996809081992,1.8496044337565571,-10.386738917114087,3.5513522530512702,-0.6992088675131185,1.7751597170379163
-0.8167242685981009,1.8501119707441678,-10.386775241359645,3.5503194340758326,-0.7002239414883397,1.7771460129906382
-0.8162319324063425,1.8501392328991109,-10.387490970648333,3.5542920259812765,-0.700278465798226,1.775591909656338
-0.8097845610221643,1.849898306351193,-10.388631334704357,3.551183819312676,-0.6997966127023902,1.7740286747407288
-0.8056502550319298,1.8493935392098282,-10.39014563829844,3.5480573494814576,-0.6987870784196609,1.7724483173995371
-0.8038069468623235,1.849659336261094,-10.390461876740614,3.5448966347990742,-0.6993186725221927,1.7757670483727788
-0.8062698512845063,1.8491833860685924,-10.391924222664095,3.5515340967455575,-0.6983667721371898,1.7728348250524046
-0.8033449562075017,1.850277129986256,-10.39108291993357,3.5456696501048093,-0.700554259972517,1.7753829501838088
-0.8076989471445462,1.8497214314258834,-10.392712826105962,3.5507659003676175,-0.6994428628517717,1.7716439616835091
-0.8074057445787961,1.8495662001632376,-10.393707482869173,3.5432879233670183,-0.6991324003264798,1.771549721111565
-0.8105725838249533,1.8501071579360426,-10.393712145634442,3.54309944222313,-0.7002143158720898,1.7734965340959594
-0.8134848242167436,1.8508281324178266,-10.393473027327794,3.546993068191919,-0.701656264835658,1.7740044332148532
-0.8110269772554481,1.850755600885722,-10.394360429771167,3.5480088664297065,-0.7015112017714487,1.7713037627779253
-0.799975097218244,1.8508231714417769,-10.395018024179366,3.5426075255558507,-0.7016463428835585,1.7708109565619048
-0.7906055055517669,1.8510887251764332,-10.395369315065636,3.5416219131238096,-0.7021774503528714,1.7736646759800132
-0.7796745149872919,1.850344316723072,-10.397178950163518,3.5473293519600264,-0.700688633446149,1.7709013117348922
-0.7644952759711341,1.850331632775488,-10.397984141700656,3.5418026234697844,-0.7006632655509808,1.7701953755827529
-0.7564216853245167,1.8492973576563532,-10.400203863248095,3.5403907511655057,-0.6985947153127114,1.7655343928991563
-0.7477255715963249,1.8492449325567015,-10.401092768232179,3.5310687857983125,-0.6984898651134079,1.7661235254989374
-0.7445629041287187,1.849858118818892,-10.400879070887845,3.5322470509978747,-0.6997162376377889,1.769750634399875
-0.7471412992671134,1.850487755218107,-10.400709514735407,3.53950126879975,-0.7009755104362186,1.7724201316765567
-0.7471590774615784,1.850930719538814,-10.400806106891048,3.5448402633531133,-0.7018614390776327,1.7748917000448592
-0.7410840672134622,1.8512466938039798,-10.401124435467565,3.5497834000897184,-0.7024933876079642,1.774010795048582
-0.7351659765682754,1.8515513888229282,-10.401441781892094,3.548021590097164,-0.7031027776458612,1.775669409424456
-0.727923419720085,1.851490667275589,-10.402269470203386,3.551338818848912,-0.7029813345511828,1.776741869210811
-0.7172071952670116,1.8515231864501789,-10.402982345270997,3.553483738421622,-0.7030463729003623,1.7792672490439891
-0.7046994991021975,1.8519604448519957,-10.403073329749567,3.5585344980879783,-0.703920889703996,1.781127260536218
-0.6946160369343666,1.8526434690401292,-10.402808342312827,3.562254521072436,-0.7052869380802629,1.7831142181981585
-0.6807677835608459,1.8524782911541602,-10.403864592392123,3.566228436396317,-0.7049565823083246,1.7800572856031829
-0.6673092765784556,1.8525182661001727,-10.404541189814259,3.5601145712063658,-0.7050365322003497,1.7819231582682367
-0.6528392656150537,1.8518848275901245,-10.406208726091235,3.5638463165364733,-0.7037696551802531,1.7797154612187527
-0.6360573071135693,1.851845019322549,-10.407019233330935,3.5594309224375054,-0.7036900386451022,1.7801867786386538
-0.6269879091733532,1.8517274020275822,-10.407966896705876,3.5603735572773076,-0.7034548040551686,1.7795174529443074
-0.6221034001780072,1.8526713510186759,-10.407364149255724,3.559034905888615,-0.7053427020373558,1.7819653571496636
-0.6204958999586623,1.8529279292500318,-10.407771844866861,3.5639307142993273,-0.7058558585000676,1.7851985829657906
-0.6129424466062066,1.8532815825905729,-10.407989054853156,3.570397165931581,-0.7065631651811496,1.7872054983243586
-0.6061288402861553,1.8530791164183313,-10.40906234481787,3.574410996648717,-0.7061582328366668,1.785586806965878
-0.5928897678230989,1.8526728140376076,-10.41042905063508,3.571173613931756,-0.7053456280752196,1.7815710456479188
-0.5804717565985911,1.8525060983517343,-10.411419665957315,3.5631420912958376,-0.705012196703473,1.7819082780644844
-0.5661283423947552,1.8529180935716887,-10.411599876024662,3.5638165561289687,-0.7058361871433819,1.7832648029998113
-0.5541346256173227,1.8524970746027596,-10.413031776597512,3.5665296059996225,-0.7049941492055237,1.7799236686215663
-0.5415446658734009,1.8511061420066686,-10.415869360159565,3.5598473372431325,-0.7022122840133417,1.772311482566613
-0.5323621541307748,1.8507563880558529,-10.417175565336658,3.544622965133226,-0.7015127761117104,1.7692095985364877
-0.5350153529318415,1.8509214346778067,-10.417670411213562,3.5384191970729755,-0.7018428693556181,1.7684483785321097
-0.5428255743711237,1.850292969370303,-10.419326501528142,3.5368967570642194,-0.7005859387406108,1.7668877279301132
-0.5498872684463709,1.850349175372585,-10.420002531828983,3.5337754558602263,-0.7006983507451747,1.767519160519596
-0.5618113574187333,1.8490606119381736,-10.422628227163647,3.535038321039192,-0.698121223876352,1.7635397716133459
-0.5707374398726266,1.8490924753814506,-10.42334772187735,3.5270795432266917,-0.6981849507629061,1.7638472895477706
-0.5915686711586083,1.848252914505679,-10.42529875428752,3.527694579095541,-0.6965058290113629,1.7621730041426553
-0.6140503489560896,1.8488942018574033,-10.425107140689212,3.5243460082853106,-0.6977884037148117,1.764032239515973
-0.6436483424370696,1.8493382971246726,-10.425149547241434,3.528064479031946,-0.6986765942493505,1.7654261152625872
-0.6698655032830025,1.849057087109894,-10.42632494323785,3.5308522305251744,-0.6981141742197934,1.7635335908412555
-0.6889065935415335,1.8491902777554035,-10.42685312092229,3.527067181682511,-0.6983805555108124,1.7684031861002478
-0.7101615873167848,1.8483457722507817,-10.428876454856143,3.5368063722004957,-0.6966915445015687,1.7642933571393073
-0.7275615564578306,1.8487792629898465,-10.428946314462689,3.5285867142786147,-0.6975585259796983,1.7691516882129124
-0.757174720119103,1.8489192488379473,-10.429520038180858,3.5383033764258247,-0.6978384976759,1.7686364629991858
-0.7848747300740548,1.8499032396285067,-10.428855479980044,3.5372729259983715,-0.6998064792570188,1.7702211253374882
-0.8154954097919642,1.8503008395127925,-10.429042456886888,3.5404422506749764,-0.7006016790255906,1.7704680976650016
-0.8379916661487421,1.8496606453701632,-10.43072062951895,3.540936195330003,-0.6993212907403322,1.7660192080606543
-0.8533629171396608,1.8497144237346628,-10.431350471404505,3.5320384161213085,-0.6994288474693314,1.7680247437494887
-0.8721914828630108,1.8494011940352488,-10.43256177979736,3.5360494874989774,-0.6988023880705034,1.7674278213898869
-0.891284408397695,1.8495049052690156,-10.43317904771484,3.5348556427797737,-0.6990098105380369,1.7674073000546628
-0.9101180559763087,1.8497777205575432,-10.43353580614627,3.5348146001093257,-0.6995554411150922,1.76753581209255
-0.9213828119787042,1.8495744599256183,-10.4345441425291,3.5350716241851,-0.6991489198512426,1.7658079782932978
-0.9274437514990534,1.8493955634311678,-10.435507856889597,3.5316159565865957,-0.6987911268623417,1.7650979967615699
-0.9345219343169475,1.8494978013826615,-10.43616801629968,3.5301959935231397,-0.6989956027653289,1.7657776577587863
-0.9390509666708731,1.8499312113848019,-10.436322304542283,3.5315553155175725,-0.6998624227696097,1.7650158146439117
-0.9432507164629325,1.8495789912738163,-10.43759345784974,3.5300316292878233,-0.6991579825476384,1.7654858791294523
-0.9361746291124131,1.8503154367126078,-10.43728317920286,3.5309717582589046,-0.7006308734252215,1.7670556421006973
-0.9327850217669482,1.849993207814404,-10.438467514705746,3.5341112842013946,-0.6999864156288136,1.7675937187241464
-0.9179645940902112,1.849972855927025,-10.439238870351414,3.535187437448293,-0.6999457118540556,1.7682012436292964
-0.9080911619741645,1.8494444950148918,-10.440786372353756,3.536402487258593,-0.6988889900297892,1.765957988877388
-0.8986925747648353,1.8502071823314779,-10.440412400403712,3.531915977754776,-0.7004143646629615,1.7726036722423328
-0.89313487462009,1.8506532330807148,-10.440560705541813,3.5452073444846657,-0.7013064661614353,1.7720087734333738
-0.8828540309093817,1.8508842222183086,-10.441006364227075,3.5440175468667476,-0.701768444436623,1.771657532775753
-0.8651654165852136,1.850780469004263,-10.441913228422877,3.543315065551506,-0.7015609380085319,1.769751139435437
-0.847376089074368,1.851016532699056,-10.442313823100244,3.539502278870874,-0.7020330653981175,1.7702779892370502
-0.8314103007826397,1.8507549456990071,-10.443425471666519,3.5405559784741003,-0.7015098913980199,1.7698216859933202
-0.8181653696934656,1.8492002913942966,-10.44647082259227,3.5396433719866405,-0.6984005827885988,1.7624778480402425
-0.8050281174382867,1.848660883282384,-10.448039820877456,3.524955696080485,-0.6973217665647738,1.759504051616336
-0.798604754293077,1.84967906810077,-10.447302266579134,3.519008103232672,-0.6993581362015456,1.7671441451399015
-0.7991012489698424,1.8495812487477905,-10.44817405659105,3.534288290279803,-0.6991624974955867,1.768982299987267
-0.7900062948399622,1.8496437616949541,-10.44884342477241,3.537964599974534,-0.6992875233899137,1.7685968039342934
-0.7825205596446239,1.84978658834421,-10.44935943285143,3.537193607868587,-0.6995731766884251,1.7699870381158804
-0.77664914818161,1.8489799482097355,-10.451334617525907,3.539974076231761,-0.6979598964194763,1.7653150945413245
-0.7669602903678161,1.8491794838802704,-10.451838269318907,3.530630189082649,-0.6983589677605462,1.765141391681081
-0.7631413356594745,1.850391360910697,-10.450826192222875,3.530282783362162,-0.7007827218213992,1.7694910362978031
-0.7617597839820505,1.850205828473373,-10.451854759548542,3.5389820725956063,-0.700411656946751,1.7689625126213548
-0.753018692000369,1.8486991303914218,-10.454855453716169,3.5379250252427097,-0.6973982607828486,1.7607861975355104
-0.7406038466719327,1.8489992290297366,-10.45515504099205,3.5215723950710207,-0.6979984580594782,1.7632683734776253
-0.744114930297636,1.8484597565073968,-10.45674381463567,3.5265367469552507,-0.6969195130147989,1.7605132508522379
-0.7428244353613334,1.8481082018100552,-10.458008747370297,3.5210265017044757,-0.6962164036201155,1.7575855687484172
-0.7450234271444138,1.847848115619468,-10.459140993140501,3.5151711374968344,-0.695696231238941,1.7556849256297453
-0.7469977548146076,1.8476114899969416,-10.460203176634328,3.5113698512594906,-0.695222979993888,1.7554096240282926
-0.7547799231036247,1.847491142607314,-10.461155792717543,3.510819248056585,-0.6949822852146328,1.7544916680776463
-0.7666571848468067,1.8476750609672539,-10.461596803696626,3.5089833361552927,-0.6953501219345127,1.7570334526707865
-0.7814791752139811,1.8471584204254266,-10.463079089050245,3.514066905341573,-0.6943168408508583,1.754616857847623
-0.793363608708324,1.8469724501228948,-10.464133187385102,3.509233715695246,-0.6939449002457949,1.7537044959401877
-0.8099672140064964,1.8481210022372487,-10.463141902306555,3.5074089918803755,-0.6962420044745029,1.7586580253325623
-0.8297089878354313,1.8484137364631723,-10.463426691917823,3.5173160506651246,-0.6968274729263501,1.7607957403176044
-0.8337859578455014,1.8479135907513349,-10.464967041034567,3.521591480635209,-0.6958271815026754,1.7577051658911025
-0.8315838734107732,1.8480044142711571,-10.465609707732412,3.515410331782205,-0.6960088285423198,1.7593543594328431
-0.8387694577416518,1.848039416091572,-10.466301452712022,3.5187087188656863,-0.6960788321831498,1.7596891555094853
-0.844826154667011,1.8476973335727391,-10.46755476921091,3.5193783110189707,-0.6953946671454837,1.7602284899203888
-0.8499784674379427,1.8475031531488921,-10.468622665723968,3.5204569798407777,-0.6950063062977899,1.7611324032115876
-0.8577685017220471,1.8472033756595652,-10.469832433997505,3.522264806423175,-0.6944067513191361,1.7598858804007367
-0.8621829436765935,1.8473011397537842,-10.470386164965367,3.5197717608014734,-0.6946022795075744,1.7688816613515166
-0.869976212841788,1.8473618414566504,-10.47106755607666,3.537763322703033,-0.6947236829133066,1.7694653198518129
-0.8835352383876778,1.8468204966550121,-10.472635808669214,3.5389306397036258,-0.6936409933100302,1.7655464825858607
-0.8941376034356523,1.846882138015819,-10.473285525911738,3.5310929651717213,-0.6937642760316438,1.76552192755825
-0.9015118533813791,1.846536547208376,-10.474558292760682,3.5310438551165,-0.693073094416758,1.7639414610825903
-0.9087553505993284,1.8466590960955678,-10.47508785316111,3.5278829221651806,-0.6933181921911419,1.7670657497191742
-0.9159077320518936,1.8461967250276734,-10.476549936902549,3.5341314994383484,-0.692393450055353,1.764472925024115
-0.9187737273382659,1.8455853255503323,-10.478241612128834,3.52894585004823,-0.6911706511006709,1.7607860616635498
-0.9218650678157765,1.8452584441268942,-10.479515046340257,3.5215721233270996,-0.6905168882537949,1.7596797590273867
-0.9270999079806135,1.845127838354764,-10.480513742519644,3.5193595180547734,-0.6902556767095344,1.756784271611179
-0.933458991207031,1.8453555735772815,-10.480901966818776,3.513568543222358,-0.6907111471545694,1.7585282710667076
-0.9420428424826799,1.8451181791223166,-10.481994380474648,3.5170565421334152,-0.6902363582446397,1.756304821219069
-0.9453681318106675,1.8449468448436561,-10.482982360229652,3.512609642438138,-0.6898936896873188,1.7598542665784092
-0.9487837139421451,1.8446457271330283,-10.484127056657002,3.5197085331568183,-0.6892914542660633,1.7606586944402958
-0.9587737963547589,1.8433791222645364,-10.486708735676341,3.5213173888805915,-0.6867582445290796,1.7612071056855023
-0.9691558918066097,1.843704321847216,-10.486965609078938,3.5224142113710046,-0.6874086436944391,1.7642069332908212
-0.9867956999038903,1.8438941214550884,-10.487424654122625,3.5284138665816425,-0.6877882429101838,1.7664587164893388
-1.002605792311794,1.8433108926436175,-10.489020760008113,3.5329174329786777,-0.6866217852872422,1.762943713951106
-1.0154084604792395,1.8426421841388312,-10.490718550914423,3.525887427902212,-0.6852843682776694,1.7613656868532088
-1.0288788635527997,1.8421455014581658,-10.492174112491627,3.5227313737064176,-0.6842910029163387,1.7616196636784567
-1.0447524010497045,1.842370421329909,-10.492604964567207,3.5232393273569134,-0.6847408426598253,1.7628464983910364
-1.0629922035218176,1.842378221762879,-10.493363578108523,3.5256929967820727,-0.6847564435257653,1.7633236185675607
-1.0796538527009378,1.8428419263719473,-10.493457000810933,3.5266472371351214,-0.6856838527439018,1.768503296597314
-1.0973046829222266,1.8430054570689387,-10.494040437351163,3.537006593194628,-0.6860109141378846,1.768237299013885
-1.108586744102107,1.8430188005051398,-10.494779146633602,3.53647459802777,-0.6860376010102867,1.7711020695690807
-1.1185926431915103,1.8413961114087072,-10.49793071871715,3.5422041391381613,-0.6827922228174214,1.7619795172244994
-1.1222757891961095,1.8411216618429955,-10.499117167857522,3.523959034448999,-0.682243323685998,1.7600255735751964
-1.1371892186316739,1.841433436542892,-10.499376419877576,3.520051147150393,-0.6828668730857911,1.761853079845684
-1.152241061880165,1.841046938904279,-10.500692295226962,3.523706159691368,-0.6820938778085649,1.7645067310056992
-1.1603683494152168,1.840834404473404,-10.50177772204357,3.5290134620113984,-0.6816688089468149,1.763942450456731
-1.1686837310172802,1.8405624982029516,-10.50288787667325,3.527884900913462,-0.6811249964059103,1.764802442037268
-1.1768167557092166,1.8400598129541783,-10.504389750668196,3.529604884074536,-0.6801196259083636,1.763321015766933
-1.1863919593931875,1.8404598393602174,-10.504577119758226,3.526642031533866,-0.6809196787204419,1.7638224476327269
-1.1989945310203804,1.8403548599531971,-10.505520917858474,3.5276448952654538,-0.6807097199064012,1.7658833487505292
-1.2068253277135614,1.8408435839058872,-10.505564560370614,3.5317666975010584,-0.6816871678117813,1.770470551101632
-1.2146013182652524,1.8410615310468488,-10.506017823991105,3.540941102203264,-0.6821230620937044,1.773274161788851
-1.2123797020100664,1.8405006715205772,-10.507622437508779,3.546548323577702,-0.6810013430411613,1.7727848001393425
-1.208244057038991,1.8399421016107176,-10.509217943940014,3.545569600278685,-0.6798842032214423,1.7719847378564837
-1.2074206365752431,1.8392717208588636,-10.511015115450432,3.5439694757129674,-0.6785434417177345,1.768591006027079
-1.2057010773962933,1.837897708906296,-10.513822575668478,3.537182012054158,-0.6757954178125994,1.763650656965362
-1.2018479475287105,1.838859669372556,-10.513139411678083,3.527301313930724,-0.6777193387451194,1.7682985074469286
-1.2075729598758738,1.838581373452392,-10.51431720703757,3.5365970148938572,-0.677162746904791,1.769768574917874
-1.2057918912167924,1.8383036409132578,-10.515540922334708,3.539537149835748,-0.6766072818265225,1.769179047881237
-1.2051165837766185,1.8383956420820045,-10.51617054967902,3.538358095762474,-0.6767912841640156,1.7702618592194337
-1.2090257728584994,1.8377695895745205,-10.517899572747869,3.5405237184388674,-0.6755391791490476,1.7671917130891603
-1.211285256355751,1.836849254542639,-10.520041550196643,3.5343834261783207,-0.6736985090852844,1.7622430063934567
-1.2158518223774983,1.8372666796451915,-10.520185816300357,3.5244860127869133,-0.6745333592903897,1.7662201342390524
-1.2203459030310722,1.8362395875863666,-10.522455819986824,3.532440268478105,-0.6724791751727399,1.7658563715491353
-1.217486205961352,1.8363723966219765,-10.523009803935437,3.5317127430982707,-0.6727447932439595,1.768008675986782
-1.2240391284403778,1.836345700040671,-10.523834703770776,3.536017351973564,-0.6726914000813488,1.7664019466269065
-1.2274125448580442,1.8365562012954295,-10.524277232659632,3.532803893253813,-0.6731124025908655,1.7683519680122584
-1.2303561400974186,1.837200290913292,-10.524095658045336,3.5367039360245167,-0.6744005818265904,1.7694732884539799
-1.2317784683301483,1.8377310608957038,-10.524072696726211,3.5389465769079598,-0.675462121791414,1.7753045178563658
-1.2268586917986077,1.8385557492793159,-10.523647980932466,3.5506090357127316,-0.6771114985586383,1.782598151742949
-1.2218574150470651,1.838968299752621,-10.523864755418803,3.565196303485898,-0.6779365995052489,1.7830110381177318
-1.2107742919645972,1.8383734376844367,-10.525565925645092,3.5660220762354635,-0.6767468753688802,1.7796035450784031
-1.1976244252713908,1.8367994897676403,-10.528677412341878,3.5592070901568063,-0.6735989795352875,1.7724437456920006
-1.1862525334115865,1.83693239044769,-10.52925947977377,3.544887491384001,-0.6738647808953868,1.7778018824887036
-1.183909636034251,1.836687452952941,-10.530415515583082,3.5556037649774073,-0.6733749059058888,1.7771991085273553
-1.1772146226879858,1.8367712193303374,-10.531132923242405,3.5543982170547106,-0.6735424386606815,1.776685006888413
-1.1692851180944803,1.8371293653708536,-10.531386963561943,3.553370013776826,-0.6742587307417137,1.780292336544361
-1.1551347153367537,1.836761906230706,-10.53270632252748,3.560584673088722,-0.6735238124614182,1.7794605095007243
-1.1426691582642796,1.8363648979243283,-10.534107602609504,3.5589210190014486,-0.672729795848663,1.7756153057653714
-1.1306977601887134,1.8365046346063485,-10.534698865608583,3.551230611530743,-0.6730092692127033,1.778009877298823
-1.1208513250878198,1.8359497674892542,-10.536309812277677,3.556019754597646,-0.6718995349785147,1.776209904464872
-1.1092554834895285,1.836436219764161,-10.536378889847153,3.552419808929744,-0.6728724395283286,1.780143208760128
-1.1001403723524152,1.8367784752889478,-10.536690429274124,3.560286417520256,-0.673556950577902,1.7812833292975752
-1.0838373051933932,1.8364928164264727,-10.537949852071609,3.5625666585951503,-0.6729856328529519,1.778614501043565
-1.0666773972331818,1.8370899947320234,-10.53782198149557,3.55722900208713,-0.6741799894640532,1.783200904786467
-1.0485850305587707,1.837476689172329,-10.538040379734836,3.566401809572934,-0.6749533783446646,1.785066022386877
-1.0278536263719555,1.838110259100469,-10.537920154205917,3.570132044773754,-0.6762205182009445,1.7892606005599943
-1.0060051419058063,1.8384630915716946,-10.538202048318702,3.5785212011199885,-0.6769261831433956,1.7911698723138065
-0.9817225677121151,1.8377482885283307,-10.540011557753076,3.582339744627613,-0.6754965770566677,1.7927275853941322
-0.9569904346806233,1.8374886798186023,-10.541200022725974,3.5854551707882645,-0.6749773596372106,1.7910633652292913
-0.9402684872133271,1.836595845890291,-10.54329821486852,3.5821267304585827,-0.6731916917805878,1.788574023092927
-0.9283897110266999,1.8368794948637692,-10.543672771665404,3.577148046185854,-0.6737589897275442,1.7884420947667337
-0.9266108429125026,1.8364014453531026,-10.545148265178087,3.5768841895334673,-0.6728028907062111,1.789311076604123
-0.9192730275607577,1.8373947377973352,-10.544468726893033,3.578622153208246,-0.6747894755946766,1.7931867489310804
-0.9111755429154016,1.8379494824074207,-10.54444679019905,3.586373497862161,-0.6758989648148475,1.7963299517277342
-0.8979841572216039,1.8384430663765532,-10.544544645082674,3.5926599034554685,-0.6768861327531125,1.7996461517976465
-0.8811534948462914,1.8389763736375742,-10.544563657780444,3.599292303595293,-0.6779527472751543,1.8022238539002298
-0.8629869678789639,1.8387414475648693,-10.54570850125699,3.6044477078004595,-0.6774828951297449,1.8036880519338487
-0.8427091447292092,1.8389528785779312,-10.546157526725711,3.6073761038676975,-0.6779057571558684,1.8069367977491555
-0.8236461027562303,1.8394764048750023,-10.546178725820043,3.613873595498311,-0.6789528097500105,1.8094761595242597
-0.8030158371465106,1.8395342599649895,-10.546913161991752,3.6189523190485193,-0.6790685199299848,1.8107720456672707
-0.7799596895494982,1.83915920698202,-10.548264492045018,3.6215440913345414,-0.6783184139640459,1.8086471951745868
-0.7536288641189106,1.8387964355014248,-10.549637984858622,3.6172943903491737,-0.6775928710028556,1.804503229240082
-0.7324806031580025,1.839439738919879,-10.549519609163136,3.609006458480164,-0.6788794778397642,1.805694244162744
-0.7182318075501719,1.8388113339446595,-10.551209852583131,3.611388488325488,-0.6776226678893248,1.8051985394476795
-0.6969875238964729,1.8391325704070296,-10.551555346453421,3.610397078895359,-0.6782651408140652,1.8062917289270322
-0.685054698689898,1.8395479707525801,-10.55179468760219,3.6125834578540643,-0.6790959415051665,1.8065697903334208
-0.6745204985809021,1.8399141323422852,-10.552090745747565,3.6131395806668416,-0.6798282646845768,1.8054773094120933
-0.6658773491240897,1.840181670013543,-10.552501579816802,3.6109546188241866,-0.6803633400270924,1.806565701791966
-0.6577551450328833,1.8406026647234492,-10.55270701845469,3.613131403583932,-0.6812053294469049,1.8071184470935973
-0.6459298252085723,1.8410075600273907,-10.55290384921109,3.6142368941871945,-0.6820151200547879,1.8106032500137421
-0.6313680400450874,1.8407631044812778,-10.55411830197267,3.6212065000274842,-0.6815262089625622,1.8088202145939665
-0.6094897035524678,1.8409672056426083,-10.554626008611798,3.617640429187933,-0.6819344112852234,1.8085722272995757
-0.592129981702616,1.8416706580161541,-10.554436379360196,3.6171444545991513,-0.683341316032315,1.810495739273194
-0.5733619954060671,1.8413590878499477,-10.555742582366465,3.620991478546388,-0.6827181756999021,1.8073238222326031
-0.5544570165018499,1.8405372438827152,-10.557824344995918,3.6146476444652063,-0.6810744877654371,1.8014920397851835
-0.5394536720424927,1.8410702872370317,-10.557889223230024,3.602984079570367,-0.6821405744740701,1.8027202031029248
-0.5351001321202578,1.8417145147468403,-10.557797237047597,3.6054404062058496,-0.6834290294936872,1.803475965521413
-0.5318182052951244,1.842637135064293,-10.55724005782787,3.606951931042826,-0.6852742701285923,1.8084612776926599
-0.5255580977860284,1.8428548245779857,-10.557729769402048,3.6169225553853197,-0.6857096491559778,1.8078347814085436
-0.514480153462987,1.842946180322443,-10.558425810865415,3.615669562817087,-0.6858923606448922,1.8083691749333741
-0.5053440087320293,1.8434750775332742,-10.558442014821646,3.6167383498667482,-0.6869501550665547,1.8105627204831112
-0.49781933322740635,1.8433429075481864,-10.559482738022265,3.6211254409662224,-0.6866858150963792,1.8079702645961153
-0.4846925444853749,1.8431539543405073,-10.560571836862565,3.6159405291922306,-0.686307908681021,1.806940409816306
-0.4709258099877225,1.8426749337720694,-10.562079276423628,3.613880819632612,-0.6853498675441453,1.8064762727437758
-0.46125942901065997,1.842638173419422,-10.56294550338534,3.6129525454875515,-0.6852763468388502,1.8083595172312374
-0.4525391517053805,1.8422722252714472,-10.564285938484247,3.616719034462475,-0.6845444505429007,1.8076069742595606
-0.4453556662875666,1.8429770720950713,-10.564017239716495,3.6152139485191213,-0.685954144190149,1.8116656674864429
-0.44527689234798373,1.8423372319756122,-10.56578687698955,3.6233313349728857,-0.6846744639512309,1.8087797477791647
-0.4405530352693976,1.8429022214195905,-10.565746291849818,3.6175594955583295,-0.6858044428391876,1.810922986926048
-0.44378000649203564,1.843107768565938,-10.56626442847607,3.621845973852096,-0.686215537131883,1.811750401745078
-0.4458377985380011,1.843563850483548,-10.566439085131957,3.623500803490156,-0.6871277009671033,1.8113121841578255
-0.4499840517233693,1.8446574163081748,-10.565673801790355,3.622624368315651,-0.6893148326163567,1.8129134085627459
-0.4526119413234131,1.8452806667974133,-10.565592434056942,3.6258268171254917,-0.6905613335948336,1.814102814439161
-0.44967573874863653,1.845061760745885,-10.566713391894517,3.628205628878322,-0.6901235214917769,1.811338131416039
-0.44542945997350714,1.844601664199223,-10.56818455698294,3.622676262832078,-0.6892033283984528,1.813068508910878
-0.44041219207657356,1.8444434830342789,-10.569250326402642,3.626137017821756,-0.6888869660685649,1.8130941568347083
-0.4346491164333397,1.8446637828136085,-10.569786531794291,3.6261883136694166,-0.6893275656272243,1.812099704502089
-0.4335135016611016,1.8448476176286093,-10.570335423202089,3.624199409004178,-0.6896952352572256,1.8109236491314213
-0.43476016756595115,1.8452643139940714,-10.57054304429952,3.6218472982628427,-0.6905286279881501,1.8119155067160235
-0.4407117603419053,1.845317970694145,-10.571312696413434,3.623831013432047,-0.6906359413882972,1.8098559050620209
-0.44491641616295396,1.844917972454445,-10.572725752228873,3.6197118101240418,-0.6898359449088975,1.8077684554086915
-0.44837407533301743,1.8450675523359596,-10.573284943375006,3.615536910817383,-0.6901351046719266,1.8099871688705282
-0.4580220047783836,1.8452361274755082,-10.573879332248476,3.6199743377410565,-0.6904722549510239,1.8095622922414003
-0.4663578880401129,1.8452091932043015,-10.57474090225948,3.6191245844828006,-0.6904183864086108,1.8092634326592427
-0.4725062945212706,1.84579277084458,-10.574718586939543,3.6185268653184854,-0.6915855416891676,1.8108327617246422
-0.47795055873065806,1.845638192532563,-10.575760447182942,3.6216655234492845,-0.6912763850651333,1.8122396997059094
-0.47835833502174907,1.8458408271207252,-10.576284466759828,3.6244793994118187,-0.6916816542414579,1.811560637618377
-0.4785263793053449,1.8452770431545165,-10.577973431849383,3.623121275236754,-0.6905540863090406,1.8068847240432127
-0.47928794922451345,1.8453305742191772,-10.578722266214202,3.6137694480864253,-0.6906611484383621,1.8055727029327933
-0.48114178027040033,1.8452252913938305,-10.57971140902307,3.6111454058655865,-0.6904505827876688,1.8026562196392126
-0.48510980556183547,1.8454516678147814,-10.580161482842284,3.6053124392784253,-0.6909033356295706,1.803694730722286
-0.49138782798547,1.8460540986772622,-10.580100608862534,3.607389461444572,-0.6921081973545323,1.8038329653503669
-0.4996190171615087,1.846515965307102,-10.580220268854701,3.6076659307007337,-0.6930319306142119,1.8057820805402516
-0.5101142645942023,1.8472753343545407,-10.579885770309684,3.611564161080503,-0.6945506687090894,1.8079135377742157
-0.5220871794939832,1.8479254799981228,-10.579698635251816,3.6158270755484314,-0.6958509599962537,1.8099495280338997
-0.5285989570055492,1.8474534627282262,-10.58122867033645,3.6198990560677995,-0.6949069254564605,1.806229775504152
-0.5264453550864037,1.847153771770285,-10.582486617898443,3.612459551008304,-0.6943075435405783,1.803992115866773
-0.5260042434810952,1.8476989899434642,-10.582448050505624,3.607984231733546,-0.6953979798869363,1.806836500230173
-0.5300328730603123,1.8480936537656734,-10.58267635933546,3.613673000460346,-0.6961873075313547,1.8073856279980651
-0.531505574051554,1.84757066320383,-10.584283816253262,3.6147712559961303,-0.695141326407668,1.8030646366003382
-0.5305325705136923,1.8478448954346014,-10.584714371650664,3.6061292732006764,-0.695689790869211,1.803953036570492
-0.5340950562190354,1.8481105335623405,-10.585140441845803,3.607906073140984,-0.6962210671246892,1.8035167553119469
-0.5340656321116732,1.8481399453998384,-10.585910702237856,3.6070335106238938,-0.696279890799685,1.8025934027797186
-0.5326210620890564,1.8484680267918,-10.586215865114275,3.605186805559437,-0.696936053583608,1.803297531729316
-0.5324215773179617,1.8482895239793218,-10.587269292152289,3.606595063458632,-0.6965790479586517,1.803244079696179
-0.5289660346031351,1.8481262483930887,-10.588323979235296,3.606488159392358,-0.6962524967861854,1.8001739259245253
-0.5292376913587802,1.8479934771131825,-10.589328892626604,3.6003478518490506,-0.695986954226373,1.7978617722476409
-0.5294758999652522,1.8477754188504685,-10.590441217181102,3.5957235444952818,-0.6955508377009451,1.7988301959035318
-0.5310437352381889,1.847143536801769,-10.592163040456251,3.5976603918070635,-0.6942870736035461,1.7977512795797406
-0.5297678107830226,1.8474557093401895,-10.592513735380777,3.595502559159481,-0.6949114186803871,1.7991478644466263
-0.5339765377388481,1.8473258042291505,-10.59346805389214,3.5982957288932527,-0.6946516084583089,1.7967558176739755
-0.5348853296801828,1.846073995012058,-10.596083282138078,3.593511635347951,-0.6921479900241237,1.791517632811664
-0.534658686465427,1.846895229859916,-10.59566312892827,3.583035265623328,-0.6937904597198395,1.7931988820965639
-0.548421149545808,1.8464318900959784,-10.597097871894112,3.5863977641931277,-0.6928637801919646,1.7929903920914108
-0.5570211384902937,1.8453239443692038,-10.599543924990881,3.5859807841828215,-0.6906478887384151,1.78888754871309
-0.5701017809054125,1.8455241280875188,-10.60002742548156,3.57777509742618,-0.6910482561750452,1.7892646146231752
-0.5950241423600637,1.8463374902799596,-10.59962187132156,3.5785292292463504,-0.6926749805599269,1.7904933341300786
-0.6180541987980437,1.8456658103655166,-10.60143468178456,3.580986668260157,-0.6913316207310407,1.7876815569190285
-0.6314770510244667,1.8460996878503495,-10.601564012328058,3.575363113838057,-0.6921993757007064,1.7898776915212986
-0.653569163068676,1.846292461745293,-10.602114545203602,3.579755383042597,-0.6925849234905933,1.788208001173908
-0.6745748460800307,1.8471745947746192,-10.601626826926584,3.576416002347816,-0.694349189549246,1.7911603437523413
-0.6934853540862136,1.8468547895229008,-10.602919646826438,3.5823206875046827,-0.6937095790458092,1.7895033473037973
-0.7058032722982688,1.8475158627868293,-10.602736067324805,3.5790066946075947,-0.6950317255736664,1.792862541611841
-0.7231448842777812,1.8476825579229992,-10.603275635142277,3.585725083223682,-0.6953651158460062,1.793738027070695
-0.7355468876989466,1.848120525441732,-10.603437794701492,3.58747605414139,-0.6962410508834722,1.7960257419187944
-0.7489791226982856,1.8490689797076711,-10.602848455105672,3.5920514838375888,-0.6981379594153504,1.800064352256216
-0.7600206832433187,1.849820198038734,-10.602515456298468,3.600128704512432,-0.6996403960774763,1.8027088095189532
-0.7641832867503933,1.8492042850162007,-10.604217093586453,3.6054176190379064,-0.6984085700324095,1.8021778229160041
-0.7597390078439421,1.8492720594727374,-10.604907343792815,3.6043556458320083,-0.6985441189454832,1.8036153045937928
-0.7583347267418645,1.849979064027441,-10.604701900610992,3.6072306091875856,-0.6999581280548903,1.8034829785364779
-0.7544558345010977,1.8489379500372438,-10.607070653021195,3.6069659570729558,-0.6978759000744961,1.7973754231616867
-0.7435710961346071,1.8483949280474687,-10.608676374403643,3.5947508463233735,-0.6967898560949459,1.7952248444756633
-0.7377414418302717,1.8486508987767134,-10.609105784049888,3.5904496889513267,-0.6973017975534354,1.7965900650149669
-0.7300772918724618,1.8489192412792064,-10.609530775017987,3.5931801300299337,-0.6978384825584212,1.7962336694327654
-0.7249566821816344,1.8493502375732875,-10.609686562813849,3.592467338865531,-0.6987004751465834,1.7966285112547382
-0.7161539678156572,1.849421792077707,-10.610370488469686,3.5932570225094764,-0.6988435841554221,1.7960431244926773
-0.6985166418864068,1.850702807050786,-10.609264515339518,3.5920862489853547,-0.7014056141015802,1.8007866952286564
-0.6841652286642894,1.8504589154450308,-10.610448600570441,3.601573390457313,-0.7009178308900699,1.799062650045867
-0.6630591864700168,1.8500448322430354,-10.611875276598724,3.598125300091734,-0.700089664486079,1.7969341306397342
-0.6393143857957888,1.8502732664258836,-10.612354271806241,3.5938682612794683,-0.7005465328517757,1.7989580225877768
-0.6213412991807825,1.8501815808057198,-10.613305829085851,3.5979160451755536,-0.7003631616114478,1.7976933473116259
-0.6024114308578632,1.8506108672229078,-10.613468425607321,3.5953866946232518,-0.7012217344458238,1.7984979158175265
-0.5900181617620692,1.8508306459651085,-10.613994114423864,3.596995831635053,-0.7016612919302252,1.7971283653059253
-0.5734782634810323,1.851072897214198,-10.614451466260707,3.5942567306118507,-0.7021457944284044,1.7973741838647423
-0.5596151557065951,1.8505689495908493,-10.616009356156166,3.5947483677294847,-0.7011378991817067,1.7929317623221808
-0.5438606546262275,1.85050118532665,-10.616908969139272,3.5858635246443615,-0.701002370653308,1.7920747456896144
-0.5343054494557418,1.8503588475631234,-10.61792962720969,3.584149491379229,-0.7007176951262549,1.7899538178228998
-0.5303713449614804,1.8505086364230865,-10.618506981270937,3.5799076356457995,-0.7010172728461812,1.790760335670813
-0.5323218843858939,1.8516125785376534,-10.617680536955545,3.581520671341626,-0.7032251570753151,1.793748319782182
-0.5334336610665495,1.8519826066221028,-10.617929620392665,3.587496639564364,-0.7039652132442138,1.7943874797588888
-0.5277104789437121,1.8522907079925663,-10.61826805645287,3.5887749595177776,-0.7045814159851408,1.7942941981038034
-0.524135540900124,1.8531332271269971,-10.617809228607793,3.588588396207607,-0.7062664542540024,1.7960510894058446
-0.5158990959631655,1.8529167883034667,-10.61890070178539,3.592102178811689,-0.7058335766069418,1.795327784038562
-0.4984962186153261,1.8528172511374732,-10.619873377498982,3.590655568077124,-0.7056345022749546,1.7931706596568844
-0.48419295666363205,1.8526257859742332,-10.620955182314516,3.5863413193137688,-0.7052515719484748,1.7919586459979095
-0.4720624881154123,1.8526183795405753,-10.621751031785225,3.583917291995819,-0.7052367590811589,1.7922963775758685
-0.46408980466565275,1.852178380658291,-10.62315876760344,3.584592755151737,-0.7043567613165905,1.7915334180795506
-0.45602020310625946,1.8523762841783047,-10.623711416077048,3.583066836159101,-0.7047525683566179,1.7916661145033437
-0.4590050172243316,1.8522574315817957,-10.62469068152552,3.5833322290066874,-0.7045148631635999,1.7916817972795853
-0.4595751921292184,1.8518057132753367,-10.626142304423668,3.5833635945591706,-0.703611426550682,1.7881431646898034
-0.4583741179497114,1.852996339164771,-10.625205793859609,3.5762863293796068,-0.7059926783295504,1.7906877398455703
-0.46496376386384064,1.8529619591139743,-10.626087832907448,3.5813754796911406,-0.705923918227957,1.7896251209514826
-0.4620548644009794,1.853324723828822,-10.626340160011274,3.5792502419029653,-0.7066494476576525,1.7910952458533294
-0.46283202588641714,1.8531110440813496,-10.627443443544276,3.5821904917066587,-0.7062220881627079,1.787351324371904
-0.46172208718980023,1.8534515778962741,-10.627705206484217,3.574702648743808,-0.706903155792557,1.7871152118031361
-0.4645224715249672,1.8531408066808552,-10.628939491936082,3.5742304236062723,-0.7062816133617195,1.78385561399518
-0.46172587552469047,1.8538364662107916,-10.628668863363881,3.56771122799036,-0.707672932421592,1.7895210801540535
-0.4627868167834297,1.852852394687263,-10.63094044741488,3.579042160308107,-0.705704789374535,1.7857686316304549
-0.4554549150523073,1.852290857273905,-10.632588196025345,3.5715372632609097,-0.7045817145478189,1.7832047931253325
-0.4547260190754354,1.8527285034313097,-10.632770928067933,3.566409586250665,-0.7054570068626284,1.782010064300273
-0.46521277484661816,1.8533357614756465,-10.632634024265004,3.564020128600546,-0.7066715229513019,1.7831553311979418
-0.4760157869599837,1.8534075290143297,-10.633345220016466,3.5663106623958836,-0.7068150580286682,1.7824547415194123
-0.48400071724640625,1.8534432340189912,-10.6341093036578,3.5649094830388246,-0.7068864680379913,1.7804343862869236
-0.4960542877988221,1.8541295676281624,-10.633880246701816,3.5608687725738473,-0.7082591352563335,1.781609091746355
-0.5085722079668411,1.8542601542768054,-10.634411943753994,3.56321818349271,-0.7085203085536195,1.7828176922603138
-0.5157028260369803,1.8541417609436508,-10.635355387201356,3.5656353845206277,-0.7082835218873103,1.78266628692588
-0.5204852449490538,1.85377690630376,-10.636702386373257,3.56533257385176,-0.7075538126075286,1.7784519256009677
-0.5250404258328096,1.8539547887511036,-10.637226068124482,3.5569038512019353,-0.707909577502216,1.7769803649915732
-0.5304406457473583,1.854034263055852,-10.63787073069758,3.5539607299831464,-0.7080685261117126,1.7784925025821656
-0.5355295665399051,1.8540745206750338,-10.638556474590194,3.5569850051643312,-0.7081490413500762,1.7791403827108174
-0.5393447420140891,1.8529482687738332,-10.640983306094126,3.558280765421635,-0.705896537547675,1.7793459829905591
-0.5376245690954793,1.8532845891904421,-10.641246207124631,3.5586919659811183,-0.706569178380893,1.7813141055389932
-0.5510463442730789,1.853242293206992,-10.642137063545341,3.5626282110779863,-0.7064845864139929,1.779983507635431
-0.5613945539154184,1.8518741593453543,-10.644939045050858,3.559967015270862,-0.7037483186907172,1.7720757081645415
-0.5703551682489003,1.8521547445891737,-10.645310047817626,3.544151416329083,-0.7043094891783562,1.77381147774001
-0.5885264034971733,1.8521703554556133,-10.646065749604132,3.54762295548002,-0.7043407109112354,1.7756545393750023
-0.6061135780616098,1.852188047421295,-10.646830718793248,3.5513090787500046,-0.7043760948425991,1.7759630906325967
-0.621791763570025,1.8517618189633607,-10.648296986912483,3.5519261812651934,-0.7035236379267304,1.773556150424107
-0.6395474433609909,1.8519724447587722,-10.648743881431068,3.547112300848214,-0.7039448895175537,1.7760441570949737
-0.6559673709065539,1.852358145820312,-10.648939363457718,3.5520883141899473,-0.7047162916406332,1.77686488964604
-0.6685510827616294,1.852453945333089,-10.649579945423746,3.55372977929208,-0.7049078906661875,1.7757171834269898
-0.6801917457907578,1.8527401144777171,-10.649910786561048,3.5514343668539796,-0.7054802289554438,1.7767884228026312
-0.6945333042859545,1.853128728428535,-10.650120282035127,3.5535768456052623,-0.7062574568570794,1.777852006335327
-0.7075109589074717,1.851934830151808,-10.652632546163087,3.555704012670654,-0.7038696603036255,1.7724850350828918
-0.714275922819656,1.8522991063303438,-10.652835584088015,3.5449700701657836,-0.704598212660697,1.7754959904373095
-0.7337122748022757,1.8518101455750084,-10.654363897577385,3.550991980874619,-0.7036202911500261,1.7709165291071076
-0.7492887126466563,1.8521079011076524,-10.65471836649329,3.5418330582142152,-0.704215802215314,1.7731153621851532
-0.7681436104698829,1.852656928571576,-10.654678084230612,3.5462307243703064,-0.7053138571431607,1.7742680912948916
-0.7837654792730238,1.8528451094028722,-10.655182927054948,3.548536182589783,-0.7056902188057531,1.7739161174073215
-0.795954770270848,1.8527807438606905,-10.656049169482422,3.547832234814643,-0.7055614877213896,1.771693552945613
-0.8063732598847064,1.8529153016585054,-10.65659220197247,3.543387105891226,-0.7058306033170193,1.774767495617585
-0.8172256311550878,1.8533016070774613,-10.65678364371015,3.54953499123517,-0.706603214154931,1.7773873216919767
-0.8219294571077995,1.8533888205937539,-10.657448305318708,3.5547746433839533,-0.706777641187516,1.7777793075656994
-0.8249153848184339,1.8537126202912328,-10.657745739817804,3.5555586151313987,-0.707425240582474,1.7787506908469282
-0.8271825601477083,1.8544818636598048,-10.657381106014677,3.5575013816938563,-0.7089637273196178,1.7815993863920567
-0.8217202512888839,1.855141502298551,-10.657171844539242,3.5631987727841135,-0.7102830045971098,1.7837158643129414
-0.8127269099422509,1.8548937819105173,-10.65828487625639,3.5674317286258828,-0.7097875638210427,1.7824160061537084
-0.79753210964987,1.8540056567207963,-10.660387059577891,3.564832012307417,-0.7080113134416004,1.7760018323224014
-0.7815249039314693,1.8535970189086275,-10.661752671415327,3.5520036646448028,-0.7071940378172629,1.772798537399383
-0.7684895985537725,1.8541750499237468,-10.66164623469593,3.545597074798766,-0.7083500998475016,1.77595172075111
-0.7606625503850637,1.854280469396159,-10.662241031445797,3.55190344150222,-0.7085609387923257,1.776379201143199
-0.7503474767023057,1.854831733512849,-10.662213211581507,3.552758402286398,-0.7096634670257059,1.779516060922063
-0.7408154942237157,1.8544421643750775,-10.663584695317128,3.559032121844126,-0.7088843287501629,1.7762891650736525
-0.727357889575039,1.85527718512877,-10.663117135679142,3.552578330147305,-0.7105543702575476,1.7784790252525176
-0.7207796007259049,1.8550510186838172,-10.664208192898295,3.556958050505035,-0.7101020373676422,1.777648432890577
-0.7014046840932888,1.8551368545431608,-10.66484308675469,3.555296865781154,-0.7102737090863297,1.7798080639507459
-0.6857756299411442,1.855399984559904,-10.665226615022158,3.5596161279014917,-0.7107999691198161,1.782395298313644
-0.6678004346488375,1.8553925280005261,-10.665999447371519,3.564790596627288,-0.7107850560010601,1.7819896879607178
-0.6494903525278826,1.856260457108102,-10.665493212504677,3.5639793759214355,-0.7125209142162119,1.7841211830671573
-0.6364549218006452,1.8563531775530056,-10.666131328541832,3.5682423661343146,-0.7127063551060189,1.7843713244152257
-0.6181834815159597,1.8569203364610836,-10.666077984392949,3.5687426488304514,-0.7138406729221748,1.785049875315634
-0.6006637458833755,1.85658529034746,-10.667391892210317,3.570099750631268,-0.7131705806949276,1.7818768622244345
-0.5790623368799857,1.8566730459466605,-10.668043269610076,3.563753724448869,-0.7133460918933286,1.7861685499378253
-0.5626878379096905,1.856952295750667,-10.668426518038556,3.5723370998756505,-0.7139045915013418,1.785909216355027
-0.5473382689047614,1.8570423419275415,-10.669108110643261,3.571818432710054,-0.7140846838550908,1.7833495086179239
-0.5323482911262492,1.8579654659143265,-10.668546029366437,3.5666990172358477,-0.715930931828661,1.7855687321836133
-0.5236590352173582,1.8578239721047751,-10.669520708524216,3.5711374643672267,-0.7156479442095584,1.7843353426394903
-0.5115976711295414,1.857435991589555,-10.670873412201813,3.5686706852789807,-0.714871983179118,1.7832714772967837
-0.4990659920246774,1.8568018225707434,-10.67256303593925,3.5665429545935674,-0.713603645141495,1.7790014933425056
-0.48427187112925374,1.8571590649623912,-10.672807516740008,3.558002986685011,-0.7143181299247904,1.7796648264440724
-0.473644104860222,1.8573467342880157,-10.673305117127967,3.559329652888145,-0.7146934685760391,1.780481185624395
-0.4644152375044328,1.857443752814326,-10.673949253692147,3.56096237124879,-0.7148875056286595,1.7802473349947785
-0.4551991651676204,1.8571811905782267,-10.675128195117297,3.560494669989557,-0.7143623811564613,1.779867621978334
-0.44809969865488064,1.8573544711836287,-10.675639453089968,3.559735243956668,-0.7147089423672651,1.7803123950249402
-0.44215471399679096,1.8574681722199058,-10.676234917255034,3.5606247900498804,-0.7149363444398191,1.7816552381222772
-0.4402060119042197,1.8567216897400405,-10.678098257954181,3.5633104762445544,-0.7134433794800884,1.7779576800288017
-0.43509589198676757,1.8575247155640608,-10.677680097033813,3.5559153600576034,-0.7150494311281289,1.7806813513485251
-0.4384402662803968,1.8579172735312597,-10.67789050312123,3.5613627026970502,-0.7158345470625264,1.7829897156103371
-0.4384723652757838,1.8582335170356554,-10.678173320533476,3.5659794312206743,-0.716467034071318,1.7827437613412433
-0.43684846136320665,1.857459572411948,-10.680049438741724,3.5654875226824867,-0.7149191448239031,1.7788838387479595
-0.43596664012855335,1.8570040246767003,-10.681498253467959,3.557767677495919,-0.7140080493534078,1.7769300969874278
-0.44046968226904504,1.8574278141746146,-10.681657599267876,3.5538601939748555,-0.7148556283492361,1.7783080158211009
-0.4527087503027971,1.857735526765306,-10.681998572993452,3.5566160316422017,-0.7154710535306189,1.7781298331497895
-0.46122635679188306,1.857893589388225,-10.682556714744974,3.556259666299579,-0.7157871787764568,1.7795111842815143
-0.46855280378993314,1.8581931886611232,-10.682929626917963,3.5590223685630287,-0.7163863773222532,1.7796179381330226
-0.4770568578038077,1.8580965342681754,-10.68383511097025,3.559235876266045,-0.716193068536358,1.779006417870533
-0.4837417458267552,1.8577294611776813,-10.68513442377739,3.558012835741066,-0.7154589223553697,1.7781345125030241
-0.49523555302691946,1.8584079425748772,-10.684935476829164,3.5562690250060482,-0.7168158851497612,1.7821822297124599
-0.5104717557093963,1.8582754315650891,-10.685872281409331,3.5643644594249198,-0.7165508631301853,1.7830925880034545
-0.518371833290324,1.8580965138710188,-10.68692542275773,3.566185176006909,-0.716193027742045,1.7806242244298323
-0.5236564113155886,1.8589782950661755,-10.686364250024297,3.5612484488596645,-0.7179565901323585,1.7847242263978125
-0.5342402898012804,1.8591892981534617,-10.686841971583076,3.569448452795625,-0.7183785963069309,1.7853306117691516
-0.5392924235947643,1.8592818529128703,-10.68747340427053,3.5706612235383033,-0.7185637058257481,1.7847289681921454
-0.5433121887858157,1.8592728431548413,-10.688286604220975,3.569457936384291,-0.7185456863096903,1.7821409796912235
-0.5450677104614208,1.8593764812864266,-10.688896580942927,3.564281959382447,-0.718752962572861,1.7825156340977755
-0.5478157081035544,1.8596911971545271,-10.689201882723246,3.565031268195551,-0.7193823943090619,1.7860365637974283
-0.5508647591340043,1.8604003868499803,-10.688942999410596,3.5720731275948565,-0.7208007736999682,1.788333075958783
-0.5493786893006156,1.860184361678977,-10.690048999668063,3.576666151917566,-0.7203687233579618,1.7855317588801618
-0.5458149377062433,1.8603021969268927,-10.690599657429868,3.5710635177603236,-0.720604393853793,1.7857390888405633
-0.5459348021416268,1.8604348904785541,-10.691202743793397,3.5714781776811266,-0.7208697809571157,1.784192740192663
-0.546756583047868,1.8603353716573263,-10.692140608728188,3.568385480385326,-0.7206707433146602,1.7824027348758358
-0.5423225502478353,1.8604189518258476,-10.69280230119853,3.5648054697516716,-0.7208379036517027,1.7826585758849192
-0.5363200292790733,1.8604741205944073,-10.69348998697433,3.5653171517698383,-0.7209482411888221,1.7818603933079749
-0.5317437397705884,1.8604164551326294,-10.694379359055857,3.5637207866159497,-0.7208329102652662,1.7811835427119296
-0.5279170573876399,1.8606087845202393,-10.694882794850024,3.562367085423859,-0.7212175690404857,1.779116298699716
-0.5256198631516344,1.8601361722623233,-10.696322065577856,3.558232597399432,-0.7202723445246538,1.7747428818229625
-0.5221075673982014,1.8604083445841382,-10.696685728249648,3.549485763645925,-0.7208166891682836,1.7741108272608908
-0.5221041522111793,1.8605652406758575,-10.697256413764894,3.5482216545217815,-0.7211304813517222,1.7753296869525665
-0.518472522827496,1.8601629214021063,-10.69859624004511,3.550659373905133,-0.7203258428042196,1.7713879153265257
-0.5161556805526519,1.8611084567423166,-10.697945609793823,3.5427758306530515,-0.7222169134846406,1.7737413337930585
-0.5184452995837958,1.8617520544187138,-10.697727731367813,3.547482667586117,-0.723504108837435,1.779239250792563
-0.5140874622016547,1.8612297545132082,-10.699267024393096,3.558478501585126,-0.7224595090264238,1.7768983375463503
-0.5080856004905012,1.8604911335201124,-10.701147636644986,3.5537966750927006,-0.7209822670402322,1.7736503736432294
-0.5051591176918926,1.860455015900294,-10.701935005354382,3.547300747286459,-0.7209100318005953,1.7736147933311195
-0.5081067986882228,1.861368710030729,-10.701330169891008,3.547229586662239,-0.7227374200614656,1.7782921398908176
-0.5136027099945899,1.8616024237231141,-10.701748853278511,3.556584279781635,-0.7232048474462359,1.778301794262337
-0.5131655848826693,1.8614348749889782,-10.702766711738839,3.556603588524674,-0.7228697499779639,1.7786590697201117
-0.5122055028340444,1.8618675470762887,-10.702871127129814,3.5573181394402233,-0.7237350941525847,1.7796101743235564
-0.5173542737391674,1.8617321938799194,-10.703822415164646,3.559220348647113,-0.7234643877598462,1.7785798015196104
-0.5178688053870353,1.8609315615670117,-10.705780136262268,3.5571596030392207,-0.7218631231340309,1.7716537764114617
-0.5180266363911024,1.8615087717268024,-10.705728765035664,3.5433075528229234,-0.7230175434536124,1.7721782770884085
-0.5261461243013414,1.861421827608177,-10.706644208732499,3.544356554176817,-0.7228436552163618,1.769116156002855
-0.5292055018236272,1.8620093801621562,-10.706525246773579,3.53823231200571,-0.7240187603243201,1.7715868424085797
-0.53484814296311,1.8625265408927152,-10.706523356005015,3.5431736848171593,-0.725053081785438,1.772776152190506
-0.5375316550877933,1.8625328849468994,-10.707280033759863,3.545552304381012,-0.7250657698938063,1.7724213615960467
-0.5359554907188322,1.8634450420673827,-10.706686769562015,3.5448427231920934,-0.7268900841347731,1.7771888774223068
-0.5375262881972311,1.8633216341900227,-10.707625536868461,3.5543777548446136,-0.7266432683800529,1.7775136682261758
-0.5293441516418973,1.8628471209586341,-10.70907859355872,3.5550273364523517,-0.7256942419172755,1.774822002627402
-0.5222314511621793,1.862480196945739,-10.710394557517096,3.549644005254804,-0.7249603938914851,1.7718204237742534
-0.5184373845743124,1.8621390368862838,-10.711657885193752,3.543640847548507,-0.7242780737725749,1.768730583934838
-0.5145195189161402,1.862641833967784,-10.711697959304306,3.537461167869676,-0.7252836679355751,1.7701696545830368
-0.5193254210697589,1.8623980996765839,-10.712843368767802,3.5403393091660735,-0.7247961993531751,1.767932712407229
-0.523030220966616,1.86173467176601,-10.714611904963611,3.535865424814458,-0.7234693435320274,1.7641604059419898
-0.5243190656927297,1.8616939222424371,-10.715444104347387,3.5283208118839795,-0.7233878444848817,1.7650141901730336
-0.5267588153130802,1.861709458026132,-10.716187999482035,3.5300283803460673,-0.7234189160522713,1.766085516363377
-0.529299718982827,1.8623440847331463,-10.715980227611812,3.532171032726754,-0.7246881694662998,1.7691108581637927
-0.5381002184791512,1.8623958815677872,-10.716671619910729,3.5382217163275853,-0.7247917631355817,1.7678288395259554
-0.5432585656074664,1.862075217405657,-10.717949626788586,3.5356576790519108,-0.7241504348113209,1.7654944184173065
-0.5462886962757754,1.8621682893127665,-10.718570849277658,3.530988836834613,-0.72433657862554,1.7651525167513502
-0.5541059937130832,1.8613114050760555,-10.7206050215854,3.5303050335027004,-0.722622810152118,1.760358702387989
-0.5583336551197977,1.861309719289054,-10.721343833315897,3.520717404775978,-0.7226194385781148,1.7622265740669534
-0.5648690834077144,1.8615504368364806,-10.721732796377777,3.5244531481339068,-0.723100873672968,1.7638991436881903
-0.5748946487908011,1.8617449732754903,-10.722216520334706,3.5277982873763807,-0.7234899465509875,1.7641481023268208
-0.5830225952125048,1.861228517589717,-10.723742085052697,3.5282962046536417,-0.7224570351794409,1.7595226115143947
-0.5913532691841485,1.8616498994367447,-10.723864798600664,3.5190452230287894,-0.7232997988734964,1.762454677254872
-0.6071252414990216,1.8616971643975353,-10.724523452886638,3.524909354509744,-0.7233943287950775,1.7649528035184592
-0.6197305132075943,1.8613417292478425,-10.72581819819378,3.5299056070369184,-0.7226834584956916,1.766208938079914
-0.6357470353557613,1.8606775682020276,-10.727538092757062,3.532417876159828,-0.7213551364040617,1.7618610206264143
-0.651995680944017,1.8600004686828508,-10.72929748439334,3.5237220412528285,-0.7200009373657084,1.7566152724653321
-0.66886388379422,1.8598740505121052,-10.730230280906332,3.5132305449306642,-0.7197481010242168,1.757412610663194
-0.688310177782288,1.8597145554724859,-10.731187895139728,3.514825221326388,-0.7194291109449781,1.758316809688587
-0.706303397093409,1.8596227040186442,-10.732039616961593,3.516633619377174,-0.7192454080372945,1.7576079793849235
-0.7275041737944434,1.859547282638306,-10.732949296758777,3.515215958769847,-0.7190945652766182,1.755595940350535
-0.7474947646693817,1.8595065659920418,-10.733776051712656,3.51119188070107,-0.71901313198409,1.7543719499966677
-0.7642667566846217,1.859953531088716,-10.733849108942477,3.5087438999933354,-0.7199070621774385,1.756620961848025
-0.7817682361875207,1.8590445715772246,-10.735887783050552,3.51324192369605,-0.7180891431544556,1.7542145897637378
-0.7931505583862837,1.8590107804423415,-10.736672477442543,3.5084291795274756,-0.7180215608846895,1.7561629949409079
-0.8138394625341956,1.8581627361675597,-10.73865809289021,3.5123259898818158,-0.7163254723351258,1.752255688888627
-0.8323736992344983,1.85874300241584,-10.738552423498607,3.504511377777254,-0.7174860048316865,1.754027566644969
-0.8563502425878475,1.859290504121525,-10.738550873129618,3.508055133289938,-0.7185810082430565,1.7562969582632537
-0.8769717803665156,1.8589555009289607,-10.73978954662975,3.5125939165265074,-0.7179110018579279,1.7533715318005756
-0.887697312304752,1.8588138998423374,-10.740749054526988,3.506743063601151,-0.7176277996846814,1.7542049637490318
-0.899818119412771,1.8586082114689737,-10.74180740704552,3.5084099274980636,-0.717216422937954,1.7537350859887209
-0.9129827130458779,1.858086214104686,-10.743342896335465,3.5074701719774417,-0.7161724282093789,1.7518797437954028
-0.9266412948399037,1.8583459694651019,-10.743753996234553,3.5037594875908056,-0.7166919389302107,1.752105794257603
-0.9414592438096392,1.8580448572640673,-10.744954671365427,3.504211588515206,-0.7160897145281415,1.7491009995929196
-0.9550120417175005,1.8577209813901734,-10.746146400092325,3.4982019991858393,-0.7154419627803535,1.7483299498512623
-0.9695363421481051,1.8576166419902123,-10.747095717060374,3.4966598997025247,-0.7152332839804313,1.7453184366561099
-0.983582401700593,1.8578594634808532,-10.747510749392397,3.4906368733122197,-0.715718926961713,1.748574889235011
-0.9949591006518244,1.8578203704472624,-10.748286750568337,3.497149778470022,-0.7156407408945316,1.7492801553333595
-1.0002813333114613,1.8575861568962682,-10.749412612363148,3.498560310666719,-0.7151723137925431,1.7473859055815706
-1.003837468319741,1.857264551996316,-10.750597491293894,3.494771811163141,-0.7145291039926387,1.7485565977314035
-1.006879151636431,1.857019540276941,-10.751755162718514,3.497113195462807,-0.7140390805538886,1.7479763341481223
-1.0104700080299445,1.8571639041506969,-10.752256055861007,3.4959526682962445,-0.7143278083014003,1.749317634012545
-1.0153029902280668,1.8570708686017474,-10.753151682413632,3.49863526802509,-0.7141417372035013,1.7463360668109125
-1.017931405256789,1.8567222424036491,-10.75438926524145,3.492672133621825,-0.7134444848073049,1.7452832051535025
-1.0222075261694261,1.856037626223295,-10.75613626783729,3.490566410307005,-0.7120752524465966,1.7413330773896067
-1.022374218165309,1.855770272585688,-10.757281471484637,3.4826661547792135,-0.7115405451713824,1.7394605507914485
-1.0262481179911607,1.855445720307366,-10.758503423005546,3.478921101582897,-0.7108914406147386,1.7378882278535295
-1.026672348650571,1.8553466436228585,-10.759352341550528,3.475776455707059,-0.7106932872457239,1.7411974558431669
-1.0319650495016788,1.8549081564200074,-10.760709482664126,3.4823949116863337,-0.7098163128400219,1.741760817945781
-1.0394347700812148,1.8551872938117169,-10.76103769452432,3.483521635891562,-0.7103745876234409,1.745019292290819
-1.0488184298220915,1.8561833042435043,-10.760329859602155,3.490038584581638,-0.7123666084870157,1.7515581917196068
-1.0574451405536642,1.855653344894257,-10.761863652305825,3.5031163834392136,-0.711306689788521,1.7499417812613003
-1.0555074884355644,1.8554695432389312,-10.762900871119273,3.4998835625226006,-0.7109390864778697,1.7498640269980252
-1.0541225014264377,1.8555352743763023,-10.763525382489972,3.4997280539960505,-0.7110705487526121,1.7527930727366554
-1.055406998494961,1.8548748045624548,-10.765224717004097,3.505586145473311,-0.7097496091249172,1.7537263545759123
-1.0527815690051856,1.8552721046832723,-10.765367033026333,3.5074527091518246,-0.7105442093665523,1.7566823839241121
-1.0542047195272595,1.8553635913254096,-10.765965574361266,3.5133647678482243,-0.710727182650827,1.757865791745897
-1.0520798582372066,1.8551679480258298,-10.767026959029442,3.515731583491794,-0.7103358960516675,1.7577525490688715
-1.0498648554453762,1.8557933136866331,-10.766841051509886,3.515505098137743,-0.7115866273732743,1.7610538339580102
-1.0504108966368015,1.8559414212961667,-10.767401815922998,3.5221076679160204,-0.7118828425923415,1.7609069018899273
-1.0451324556931283,1.8568352018200491,-10.76682711866143,3.5218138037798545,-0.7136704036401065,1.7676646996950982
-1.039261348422185,1.8568075716998516,-10.767621827605085,3.5353293993901964,-0.7136151433997111,1.7680716750587533
-1.024965292818404,1.855575898737565,-10.770234162047181,3.5361433501175066,-0.711151797475138,1.759424759257881
-1.0084967368385254,1.85570810826693,-10.770835928491948,3.518849518515762,-0.7114162165338681,1.758131379358607
-1.0008890397191372,1.8555388665258292,-10.771871124271076,3.516262758717214,-0.7110777330516668,1.758593963178824
-0.9901600222295279,1.8557446224367131,-10.772385255237332,3.517187926357648,-0.7114892448734347,1.758096221116564
-0.9778720074999807,1.8556064864718211,-10.773365794914241,3.516192442233128,-0.7112129729436507,1.7572509195356472
-0.9624637912845078,1.855635843664544,-10.774084105326114,3.5145018390712943,-0.7112716873290965,1.7586533936899276
-0.9466967742388235,1.8546109507433122,-10.77641977472178,3.517306787379855,-0.7092219014866331,1.7521658735725594
-0.9277856441362395,1.85475783358392,-10.776886498833168,3.5043317471451187,-0.7095156671678488,1.7559223558072936
-0.9149340265243548,1.8545928603029884,-10.777875863054534,3.5118447116145872,-0.7091857206059853,1.7565703141931028
-0.9022293000983286,1.854846930366098,-10.778251503554571,3.5131406283862057,-0.7096938607322045,1.7577822731509714
-0.8971168580696478,1.8550045958596568,-10.778796897325414,3.5155645463019427,-0.7100091917193224,1.7614686575508978
-0.8881880147221501,1.8546274892175219,-10.780105026702785,3.5229373151017955,-0.7092549784350523,1.762503098361479
-0.8766238549189556,1.8545863159815192,-10.780935947117543,3.525006196722958,-0.7091726319630471,1.762973924439306
-0.8685138184766199,1.8548889034771228,-10.781256021908185,3.525947848878612,-0.709777806954254,1.7649945500320263
-0.8586625727606041,1.854988252679669,-10.781873412099419,3.5299891000640526,-0.7099765053593466,1.7645373688092723
-0.8492731014675403,1.8551270377602647,-10.78246172882793,3.5290747376185445,-0.710254075520538,1.7641914673507721
-0.8403987514389701,1.8556504749422496,-10.78244089439627,3.5283829347015443,-0.7113009498845078,1.7693508752896565
-0.8313241708205013,1.855592721666656,-10.78330542362128,3.538701750579313,-0.7111854433333207,1.7693789970809415
-0.8218525710437614,1.8549890966162006,-10.784973537134093,3.538757994161883,-0.7099781932324098,1.7653925386501865
-0.8126232995420875,1.8552035292500706,-10.785440932272024,3.530785077300373,-0.7104070585001501,1.7642230866171527
-0.8137178124936213,1.8554408472568122,-10.785809223469396,3.5284461732343053,-0.7108816945136334,1.7718138333706166
-0.8142560345945444,1.854994123329912,-10.78724826188412,3.543627666741233,-0.7099882466598331,1.7699498353713514
-0.8064378625113839,1.8552476560973576,-10.787691803963284,3.539899670742703,-0.7104953121947244,1.7688596754534007
-0.8036923155023654,1.8560997700705046,-10.787208417209467,3.5377193509068015,-0.7121995401410183,1.7703683722482304
-0.8008028108595582,1.8557533531340877,-10.788516538217197,3.540736744496461,-0.7115067062681846,1.7695725440428944
-0.7919066216662625,1.856072721104273,-10.788807942374,3.539145088085789,-0.7121454422085551,1.7708561108478564
-0.7861608629885524,1.8566062127669867,-10.788782776739275,3.541712221695713,-0.7132124255339826,1.7733848001368686
-0.7798701471133569,1.8559302946327376,-10.790588133642702,3.546769600273737,-0.7118605892654847,1.7691270571972995
-0.7632058273857503,1.8558755210143976,-10.791451562508486,3.538254114394599,-0.7117510420288047,1.7687626608418876
-0.7525310155046157,1.8547250484491322,-10.79392264441386,3.537525321683775,-0.709450096898274,1.7642524349659032
-0.7389718571244046,1.8539684142088433,-10.795825885025131,3.5285048699318065,-0.707936828417696,1.762586077816116
-0.7335514483482726,1.8546510888695915,-10.79559077570608,3.525172155632232,-0.7093021777391927,1.7643868848452713
-0.7365913132403108,1.8550511170810078,-10.795769370724177,3.5287737696905426,-0.710102234162025,1.7643130117918522
-0.7338610370069958,1.8548382451221859,-10.796865142245839,3.5286260235837044,-0.709676490244381,1.763288616600279
-0.7276658063577184,1.8545456689508177,-10.798040506063108,3.526577233200558,-0.7090913379016447,1.7616580241272595
-0.7242555729248039,1.8539315893219035,-10.799710203623757,3.523316048254519,-0.7078631786438164,1.7588364071774794
-0.7223088380807017,1.8536143702620724,-10.800916181300078,3.5176728143549587,-0.7072287405241543,1.7604928107201794
-0.7251472268219654,1.8543167613786384,-10.800626570485358,3.5209856214403588,-0.7086335227572863,1.7650467896598512
-0.7351019174840321,1.8537162314997828,-10.802243546094621,3.5300935793197024,-0.7074324629995752,1.7633497366570021
-0.7381353659857304,1.8537958400305106,-10.802907661872744,3.5266994733140042,-0.7075916800610307,1.7637642715216217
-0.7430056622327186,1.8545439442022933,-10.802558535986083,3.5275285430432435,-0.7090878884045962,1.7676348206843773
-0.7504463848662439,1.8546711010357808,-10.803101860361496,3.5352696413687545,-0.7093422020715712,1.769404207332299
-0.753832007684256,1.854322965534881,-10.804356249248034,3.538808414664598,-0.7086459310697713,1.768103923858864
-0.7533305100144059,1.8539808959863995,-10.805610742176556,3.536207847717728,-0.7079617919728082,1.7678265628804326
-0.7560015416122283,1.853933150796564,-10.806468799549815,3.535653125760865,-0.7078663015931369,1.7673118998042134
-0.7657330372776734,1.8535421235542124,-10.807833161953663,3.534623799608427,-0.7070842471084339,1.7636141578721702
-0.7732637933324629,1.8532500251296422,-10.809072574285562,3.5272283157443405,-0.7065000502592934,1.7632934524391424
-0.7846987055630414,1.8526862122644154,-10.810646486317355,3.5265869048782847,-0.7053724245288397,1.7617284449546302
-0.7998410183772844,1.8524385312330967,-10.811758779685281,3.5234568899092604,-0.7048770624662023,1.7643768859254954
-0.8152501513356558,1.852561432624276,-10.812354872071845,3.5287537718509907,-0.7051228652485612,1.7663832528899452
-0.8324651214991459,1.8517374884429942,-10.814358728491007,3.5327665057798905,-0.7034749768859974,1.761773849810511
-0.84104606720528,1.8516198930083807,-10.81532639790315,3.523547699621022,-0.7032397860167704,1.7634293488672026
-0.8514866795761531,1.8520046748937324,-10.815551318982244,3.526858697734405,-0.7040093497874741,1.7653397940000006
-0.8671514745423394,1.8523605895225632,-10.815760925734525,3.5306795880000013,-0.7047211790451356,1.7677753881963143
-0.8826536630864386,1.8524337266053645,-10.816437123966372,3.5355507763926286,-0.7048674532107384,1.7671622871992003
-0.8942043539228521,1.8521350103009409,-10.817629574972523,3.5343245743984006,-0.7042700206018911,1.766524913181644
-0.9026819791763803,1.852356693021039,-10.818077886997955,3.533049826363288,-0.7047133860420871,1.7684465301117824
-0.9105015695618643,1.8519616895033764,-10.819446057914218,3.536893060223565,-0.7039233790067622,1.7657651914455776
-0.9136368028733255,1.8522600474301152,-10.819799791870114,3.5315303828911553,-0.70452009486024,1.7666440134132755
-0.9237617032156376,1.8521660996702423,-10.820765648864844,3.533288026826551,-0.7043321993404944,1.7655913621609172
-0.9279510772401238,1.851645775704635,-10.822352819932313,3.5311827243218343,-0.70329155140928,1.7642979726553087
-0.9315492532966214,1.85092049200009,-10.824170926342411,3.5285959453106175,-0.7018409840001898,1.7624551753293434
-0.9408645625501286,1.8503384953027013,-10.825817865991546,3.5249103506586867,-0.7006769906054124,1.7583640590995475
-0.9543233908206243,1.8497053808426942,-10.82754378683927,3.516728118199095,-0.6994107616853984,1.756244133805872
-0.968382649608154,1.8488650801128086,-10.829561700481554,3.512488267611744,-0.6977301602256273,1.753764824127265
-0.9829176889248057,1.8490293484226308,-10.83006992021838,3.50752964825453,-0.6980586968452718,1.754840281415122
-1.0033883360476228,1.8496897046206147,-10.829895497364383,3.509680562830244,-0.6993794092412395,1.762406739408508
-1.0217538673784663,1.8497490614909782,-10.830563831429684,3.524813478817016,-0.6994981229819663,1.7624730926415744
-1.0331809123223614,1.8503329566898825,-10.830461807632663,3.5249461852831487,-0.7006659133797752,1.7638008982278048
-1.042246336766464,1.8509248242223981,-10.83040258245256,3.5276017964556097,-0.7018496484448064,1.7655442259258507
-1.04639501000646,1.8510021935317673,-10.83108427705684,3.5310884518517014,-0.7020043870635445,1.7681211991635262
-1.046259366674759,1.8502217710279956,-10.833040239035055,3.5362423983270523,-0.7004435420560008,1.7637625454292116
-1.039022695047036,1.8498440587390401,-10.83438285285413,3.5275250908584233,-0.6996881174780899,1.7641637832120127
-1.0355735334094032,1.8489407072201844,-10.836460468583827,3.5283275664240255,-0.6978814144403785,1.7627150824846542
-1.0343449100020443,1.8491195007027912,-10.836961612205407,3.5254301649693085,-0.6982390014055923,1.7645656601899338
-1.0416905708416575,1.8493593458773239,-10.837393185373697,3.5291313203798675,-0.6987186917546576,1.7653655963396395
-1.0482863811344671,1.8494059511290593,-10.8381088185236,3.530731192679279,-0.6988119022581283,1.7690787611012884
-1.0513235236574996,1.849136504846509,-10.839309630494645,3.5381575222025767,-0.6982730096930277,1.7672685184581685
-1.0541508578128092,1.848575628126663,-10.840928347238597,3.534537036916337,-0.697151256253336,1.7655718144134935
-1.0553340569554859,1.8485691251551606,-10.841734554370815,3.531143628826987,-0.6971382503103314,1.7652711451434526
-1.0619375026878046,1.8481296298580363,-10.843186298259049,3.5305422902869052,-0.6962592597160827,1.764041601778202
-1.0667378439661306,1.8481931577831583,-10.843913534092003,3.528083203556404,-0.6963863155663269,1.7647427387204702
-1.0720807689372638,1.848324483682515,-10.844492515994554,3.5294854774409403,-0.6966489673650403,1.767169610031372
-1.073421532344561,1.8479059305800303,-10.84588053969135,3.534339220062744,-0.6958118611600708,1.766259167571147
-1.0695288788066275,1.8471745104679473,-10.847769133782416,3.532518335142294,-0.694349020935905,1.762822460310019
-1.0635134444299936,1.847585893096139,-10.847995197472208,3.525644920620038,-0.6951717861922885,1.7653884005644223
-1.059563602189261,1.8464924650055756,-10.850393558589401,3.5307768011288445,-0.6929849300111617,1.7596416828808097
-1.0504639401795135,1.8459063461333842,-10.851985645838019,3.5192833657616194,-0.6918126922667789,1.7598561308648573
-1.0514120953075246,1.8456496242536007,-10.853108370015441,3.5197122617297145,-0.6912992485072117,1.7617604569904155
-1.05635118695675,1.8454452514871453,-10.854227755748845,3.523520913980831,-0.6908905029743011,1.7608728715349315
-1.06574487755962,1.8447674314949671,-10.856000028373323,3.521745743069863,-0.6895348629899447,1.7586368125670229
-1.0782188853286527,1.844902090604232,-10.856533476121417,3.5172736251340457,-0.6898041812084744,1.7638979908762056
-1.0965346777478118,1.8452158066556983,-10.856872031353246,3.527795981752411,-0.690431613311407,1.765122027819368
-1.1106524567882623,1.8454913869574991,-10.85729394728558,3.530244055638736,-0.6909827739150086,1.7659731778955463
-1.121024788010681,1.8452313612691849,-10.858494227567189,3.5319463557910926,-0.6904627225383799,1.7674253483469828
-1.124058263082551,1.8457560996378495,-10.858484990386316,3.5348506966939657,-0.691512199275709,1.7738604801195934
-1.1311704845985524,1.845520234036312,-10.85964072806132,3.547720960239187,-0.6910404680726339,1.773376296436391
-1.1346800796447347,1.845868127270867,-10.859951700453182,3.546752592872782,-0.6917362545417441,1.7738912482267286
-1.1409076766432538,1.845988441356349,-10.86055369004946,3.5477824964534572,-0.6919768827127083,1.7758618589945752
-1.1432662830453015,1.8461937386483067,-10.86105411362935,3.5517237179891503,-0.6923874772966238,1.7772702897273867
-1.1422049143267152,1.8466771070838333,-10.86116697421799,3.5545405794547733,-0.693354214167677,1.7852826986020804
-1.140532556024537,1.8471864394282789,-10.861235231970186,3.570565397204161,-0.6943728788565681,1.7882529303830832
-1.1340027633344025,1.8468032256045188,-10.86261287620042,3.5765058607661664,-0.6936064512090478,1.7875710324109992
-1.1227660293297426,1.8465076518371073,-10.86388143032291,3.5751420648219985,-0.6930153036742248,1.7851704319600161
-1.1142295445055286,1.8466133274763599,-10.86451459793776,3.5703408639200322,-0.69322665495273,1.7894316376565274
-1.1060355913952034,1.8461932680611424,-10.8659566516898,3.5788632753130547,-0.692386536122295,1.7854230456734708
-1.0922573487681024,1.8457025728416776,-10.867487892515063,3.5708460913469415,-0.6914051456833653,1.782986667157342
-1.0825303099590524,1.8458188688232855,-10.868146001702812,3.565973334314684,-0.6916377376465812,1.7825313981126207
-1.0713645328692678,1.845791002841485,-10.868978625116668,3.5650627962252415,-0.6915820056829803,1.785426689113908
-1.0563146028044805,1.8455319765863625,-10.870173491297981,3.570853378227816,-0.6910639531727351,1.785660035425666
-1.0394983770261153,1.8460282129743586,-10.87029304918802,3.571320070851332,-0.6920564259487273,1.7858579781895874
-1.0248183664539816,1.8458641076201714,-10.871287346260408,3.5717159563791747,-0.691728215240353,1.7856118672831256
-1.0027368160494916,1.8457810233014897,-10.872259693321093,3.571223734566251,-0.6915620466029898,1.7839245373424801
-0.982446414469134,1.8447564421808644,-10.874621961586254,3.5678490746849603,-0.6895128843617394,1.7790171309741485
-0.9621318585230085,1.8444628540874697,-10.875834303841648,3.558034261948297,-0.6889257081749498,1.7788550553063138
-0.9504391442997004,1.8441049301206325,-10.877164833073097,3.5577101106126277,-0.6882098602412754,1.7776621978619596
-0.939137786022668,1.8434910121883832,-10.878882103960795,3.555324395723919,-0.6869820243767768,1.7734974714057619
-0.9321813482514614,1.8425829050236335,-10.881048446702012,3.5469949428115237,-0.6851658100472773,1.768382080076338
-0.9268138691427339,1.8432338655695295,-10.880871267730507,3.536764160152676,-0.6864677311390692,1.7727630850842155
-0.9320968066893034,1.8431126410614793,-10.881891178671461,3.545526170168431,-0.686225282122969,1.770964058752148
-0.9331401035350702,1.8437324282716043,-10.881802272070459,3.541928117504296,-0.6874648565432191,1.7725069751030522
-0.9382429273394397,1.8435625439359704,-10.882870923681054,3.5450139502061044,-0.6871250878719514,1.7736697929250043
-0.9411968202245227,1.8438570589973526,-10.883227279921934,3.5473395858500085,-0.6877141179947159,1.777334465259197
-0.94936906387154,1.8434061854748383,-10.884739044333855,3.554668930518394,-0.6868123709496873,1.7723888561552077
-0.9526883247661608,1.8431535695617445,-10.885919342428755,3.5447777123104154,-0.6863071391234996,1.7703072828543618
-0.9577418783710847,1.8428910575242354,-10.887127688581991,3.5406145657087236,-0.6857821150484814,1.76877918803956
-0.9649883458143034,1.8432079247836066,-10.887484163123872,3.53755837607912,-0.686415849567224,1.7713681295884742
-0.9732677079999963,1.843936322357402,-10.887202863065133,3.5427362591769485,-0.6878726447148144,1.773911292809008
-0.9788336529730142,1.8436423948451888,-10.888433352723865,3.547822585618016,-0.6872847896903883,1.7716228209780962
-0.9788755967061196,1.8427487324813199,-10.890539275672383,3.5432456419561924,-0.6854974649626505,1.7672492542364253
-0.9790170082868954,1.842569204965925,-10.891620300804925,3.5344985084728506,-0.6851384099318608,1.7680791301066452
-0.9841628678840184,1.8418195725705806,-10.893526634282466,3.5361582602132904,-0.6836391451411719,1.7652829417842604
-0.9915933710710974,1.841663519320071,-10.894537251414665,3.5305658835685207,-0.6833270386401529,1.765747790991485
-1.0035011659938124,1.8410719344441215,-10.896251793384957,3.53149558198297,-0.6821438688882537,1.7626631019691028
-1.0146991020511518,1.840720766348672,-10.897578770545314,3.5253262039382056,-0.6814415326973547,1.760937872036334
-1.0244494610744201,1.8406046005683219,-10.898558675277213,3.521875744072668,-0.6812092011366547,1.760102980212044
-1.03496976589933,1.8402608189928658,-10.899841243672125,3.520205960424088,-0.6805216379857426,1.7598086324410398
-1.0435996902600255,1.8397119296108957,-10.901449383903556,3.5196172648820796,-0.6794238592218026,1.7584683616750347
-1.0501683681317697,1.8398323450791265,-10.902105977355722,3.5169367233500695,-0.6796646901582643,1.7591323758617228
-1.056389900518857,1.8391225325481395,-10.903961548794978,3.5182647517234455,-0.6782450650962903,1.7563910137671477
-1.0631502620270439,1.8386735541109902,-10.905397116468405,3.5127820275342954,-0.6773471082219917,1.7549078663683426
-1.0732173537793912,1.8384843437293883,-10.906465837553467,3.5098157327366852,-0.6769686874587879,1.7582785109760457
-1.0891822016058672,1.838017695498502,-10.907957207800651,3.5165570219520914,-0.6760353909970152,1.755639208676562
-1.1042692179415887,1.8380343107678883,-10.908696593268639,3.511278417353124,-0.6760686215357881,1.7586203309966337
-1.1241725249432033,1.838450023585696,-10.908906785866755,3.5172406619932675,-0.6769000471714035,1.7609561090777692
-1.1423340854207744,1.8382495553292264,-10.91001692655452,3.5219122181555385,-0.6764991106584642,1.759456071917471
-1.1551517497401118,1.8386776857023364,-10.910143666905325,3.518912143834942,-0.6773553714046839,1.7678065468397528
-1.1688705653534353,1.8387565684023546,-10.910843034884712,3.5356130936795056,-0.6775131368047206,1.7675553292458293
-1.1806654873089233,1.8385881734983038,-10.911888119363992,3.5351106584916585,-0.6771763469966192,1.7705580855467045
-1.1949549303068636,1.837891352075035,-10.913719040671968,3.541116171093409,-0.6757827041500816,1.7669333966004654
-1.2068651648091429,1.837683208533295,-10.914888543450077,3.533866793200931,-0.6753664170666015,1.7695541449193697
-1.2185103823965502,1.8372659528247013,-10.916314108644158,3.5391082898387394,-0.6745319056494141,1.770205476043934
-1.2293399041636253,1.8369647899475452,-10.917594353229783,3.540410952087868,-0.6739295798951019,1.7677092818808187
-1.2382903453145389,1.837170771959789,-10.918078009235444,3.5354185637616373,-0.6743415439195892,1.769306432132417
-1.2487566571312065,1.8373044271074823,-10.918677942939528,3.538612864264834,-0.674608854214976,1.7717178176018027
-1.2544683559610021,1.8379634338677109,-10.9185269778693,3.5434356352036054,-0.6759268677354329,1.7772131841409282
-1.2584545540924488,1.838162821532692,-10.919059970222108,3.5544263682818564,-0.6763256430653949,1.7784858820554053
-1.256659249551154,1.8376438422096093,-10.920663739002332,3.5569717641108105,-0.6752876844192297,1.7764661014963588
-1.2497855566772778,1.8383195975472968,-10.920450623072034,3.5529322029927175,-0.6766391950946049,1.779395703197002
-1.2452954716163411,1.8390885428619113,-10.920107472487336,3.558791406394004,-0.678177085723834,1.7838289540356305
-1.237593680641485,1.8384916368748994,-10.921836608182641,3.567657908071261,-0.6769832737498102,1.7853981877528553
-1.2183526838303518,1.83867316439632,-10.92239123288968,3.5707963755057106,-0.6773463287926514,1.7867879441414745
-1.2014037957386012,1.8391657919869095,-10.922469045610086,3.573575888282949,-0.6783315839738308,1.7890771966423253
-1.1830244389839208,1.8391121281238403,-10.923406416469364,3.5781543932846507,-0.6782242562476921,1.7905901388080125
-1.1580589826727312,1.8394745921934978,-10.92371850526948,3.581180277616025,-0.6789491843870072,1.7897240380923778
-1.1343519966263127,1.8397494622491462,-10.924143808742931,3.5794480761847556,-0.6794989244983038,1.791543398617431
-1.1106952849473544,1.8399832846039668,-10.92465609917508,3.583086797234862,-0.6799665692079451,1.7917942310076995
-1.0845252456094485,1.8393002421475138,-10.926522766361908,3.583588462015399,-0.6786004842950388,1.7905804749747452
-1.0572700975241354,1.8387663148848794,-10.928114753451991,3.5811609499494903,-0.67753262976977,1.7896446639523556
-1.0344673266165056,1.839207632908103,-10.928282714457698,3.579289327904711,-0.6784152658162173,1.791087378493221
-1.0162027878335547,1.8398259416570228,-10.92823957786638,3.582174756986442,-0.6796518833140566,1.7903735782020525
-0.9929997487172812,1.8399704552473206,-10.928821594368243,3.580747156404105,-0.6799409104946523,1.7912834028317581
-0.9648850595390819,1.8400933912242798,-10.92949149719962,3.5825668056635163,-0.6801867824485707,1.7944454585243865
-0.9344159195302737,1.8401441212525764,-10.930240427294784,3.588890917048773,-0.6802882425051641,1.7964366596990804
-0.902329754026729,1.8403791686088558,-10.930724966960403,3.592873319398161,-0.6807583372177227,1.797252311293873
-0.872259957918736,1.8401562898702069,-10.931862029507117,3.594504622587746,-0.6803125797404249,1.7977566120160298
-0.8414239997784598,1.8400295858137434,-10.93281209386445,3.5955132240320595,-0.6800591716274978,1.799857298435806
-0.8163907561052213,1.8405142103833374,-10.932970195364007,3.599714596871612,-0.681028420766686,1.801474043666562
-0.7954389308334253,1.8403803828645873,-10.934002289782352,3.602948087333124,-0.6807607657291855,1.7995717763003483
-0.7690061829825954,1.8404252514465373,-10.93472511952125,3.5991435526006965,-0.6808505028930855,1.7999281837477756
-0.7483770388438504,1.8397148486970727,-10.936652386553833,3.5998563674955513,-0.6794296973941562,1.7974825067827191
-0.7307573839439794,1.8393869540108398,-10.938011970891642,3.5949650135654383,-0.6787739080216906,1.795836641645045
-0.7158083028787772,1.8387929934191496,-10.93970965195926,3.59167328329009,-0.6775859868383103,1.7919284142121101
-0.7039751763019524,1.8394781573507568,-10.939506388629017,3.5838568284242203,-0.6789563147015248,1.7930735848296202
-0.7019378594517338,1.8395720863660807,-10.940191013248034,3.5861471696592404,-0.6791441727321728,1.7939842265237258
-0.6957300651471527,1.8396790946084114,-10.940850802194333,3.5879684530474516,-0.6793581892168342,1.7958892461240394
-0.6920369453323971,1.8399797824714852,-10.941247847395868,3.591778492248079,-0.6799595649429817,1.795943998803953
-0.690717177133708,1.8399697686954197,-10.942073628749672,3.591887997607906,-0.679939537390851,1.795629289713104
-0.6893222244131643,1.8402373311876832,-10.942518805536027,3.591258579426208,-0.6804746623753779,1.7984360609522034
-0.6862612110902759,1.8400739316576933,-10.943603253354897,3.596872121904407,-0.6801478633153982,1.798089034758138
-0.6790327090650141,1.8404022872377053,-10.943967461783616,3.596178069516276,-0.6808045744754224,1.7976507552031424
-0.6769334987545861,1.8406146980118998,-10.944452919478282,3.595301510406285,-0.6812293960238116,1.7998786963093314
-0.676940214436021,1.841184947904668,-10.944445623586992,3.599757392618663,-0.6823698958093481,1.8008245869740662
-0.6782120753801397,1.8416427578307368,-10.944650662497958,3.6016491739481324,-0.6832855156614857,1.8028452445060947
-0.6775216711175975,1.841653455235143,-10.945496787900614,3.6056904890121895,-0.6833069104702978,1.801973330562741
-0.6742540401206032,1.8417969500572093,-10.946158126968141,3.603946661125482,-0.6835939001144308,1.8003001101569953
-0.672980644800532,1.841053091611596,-10.948123647916635,3.6006002203139906,-0.6821061832232038,1.7979301183212901
-0.6681512552515709,1.8410637846987508,-10.948967402814104,3.5958602366425803,-0.6821275693975136,1.7978302177971393
-0.668566189993582,1.8407342438435819,-10.950261924622879,3.5956604355942785,-0.6814684876871757,1.7984111128645273
-0.6709833215491248,1.84084931297081,-10.950906914148677,3.5968222257290545,-0.6816986259416319,1.7982317943039672
-0.6757554086753856,1.841372023524916,-10.95097511369865,3.5964635886079344,-0.6827440470498441,1.802124840180921
-0.6813911472242022,1.84150852725233,-10.951607596056721,3.604249680361842,-0.683017054504672,1.8044327782516232
-0.6800920235008956,1.8416250308865902,-10.952243430256303,3.6088655565032464,-0.6832500617731924,1.8055174857606706
-0.6765642727236187,1.8410522130781015,-10.953950320882708,3.6110349715213412,-0.6821044261562148,1.8006774262008445
-0.667861176352309,1.8408360761617892,-10.955065440206239,3.601354852401689,-0.6816721523235902,1.8014692491937412
-0.6665327830950503,1.8396788502782784,-10.957644411743495,3.6029384983874824,-0.6793577005565684,1.7935412185589428
-0.6644236918915425,1.8398217859723727,-10.958247537330626,3.5870824371178855,-0.679643571944757,1.7957013482954816
-0.6717075922860118,1.8394868593748779,-10.95958038145622,3.591402696590963,-0.6789737187497675,1.7935404621732134
-0.6786656954696966,1.839417634205218,-10.96052951557938,3.587080924346427,-0.6788352684104475,1.7926160993299016
-0.6879321749876883,1.8401141668090337,-10.960370631920519,3.5852321986598032,-0.6802283336180789,1.7943474067255996
-0.7008215719693016,1.8401637900474541,-10.961154610664185,3.588694813451199,-0.6803275800949194,1.792110297267434
-0.7076708876310338,1.8400447357595608,-10.96216479247453,3.584220594534868,-0.680089471519133,1.7920063311881926
-0.715505866182653,1.8397880518101737,-10.963424502486113,3.5840126623763853,-0.6795761036203585,1.7920024727243653
-0.7245610710631407,1.8405632488779027,-10.963125963676482,3.5840049454487306,-0.6811264977558162,1.7940590974579003
-0.7403629016513182,1.8409459050846968,-10.963416851227958,3.5881181949158005,-0.6818918101694043,1.7958152396597198
-0.7533785232423273,1.841403774218163,-10.963503675596957,3.5916304793194396,-0.6828075484363367,1.7997294203687468
-0.764615465378137,1.8418222828947401,-10.96372604519034,3.5994588407374937,-0.6836445657894911,1.805752249194481
-0.7738550119478766,1.8419561817043608,-10.9644236141924,3.611504498388962,-0.6839123634087326,1.8044467176508678
-0.7763282973784005,1.8417347578243213,-10.965612708009928,3.6088934353017357,-0.6834695156486538,1.8024245813224211
-0.7770723698882662,1.841063316152981,-10.96746992846219,3.6048491626448422,-0.6821266323059735,1.7988076180254668
-0.7759023996714021,1.8401607175744599,-10.96965480068825,3.5976152360509337,-0.6803214351489313,1.7962738089378967
-0.7777813641283231,1.839848959638401,-10.970956252411455,3.5925476178757934,-0.6796979192768134,1.7991443341264188
-0.7879827168491556,1.8398732524995138,-10.971759086279702,3.5982886682528377,-0.6797465049990394,1.7976830264513959
-0.8010481804946359,1.8404239269529095,-10.971805621771479,3.5953660529027918,-0.6808478539058308,1.800253321236688
-0.8156273957833537,1.841022013867583,-10.971742313078508,3.600506642473376,-0.6820440277351778,1.801883868026945
-0.8243863157820517,1.8420755911896816,-10.971047207583856,3.60376773605389,-0.6841511823793747,1.8056032303145628
-0.8296720308991663,1.8428002691970082,-10.970833579984584,3.6112064606291256,-0.6856005383940279,1.8069489506910004
-0.8225507075880412,1.8417189155718934,-10.97329449523487,3.6138979013820007,-0.6834378311437981,1.7999223163784583
-0.8074543637298142,1.8419047685897425,-10.973853179827032,3.5998446327569167,-0.6838095371794962,1.8027936438539145
-0.7986821018710515,1.8414270332206295,-10.975381634211708,3.605587287707829,-0.6828540664412701,1.799060203975976
-0.7866543957055843,1.8415968994416552,-10.975989217940349,3.598120407951952,-0.6831937988833213,1.7985569660842708
-0.7819317640534251,1.8418795990892214,-10.976403907108503,3.5971139321685417,-0.6837591981784538,1.7997699900835746
-0.7766857209129654,1.8419784044911698,-10.977083569734562,3.5995399801671493,-0.6839568089823505,1.8045872822072304
-0.7687577698163537,1.842745179334257,-10.976789754869545,3.609174564414461,-0.6854903586685249,1.807869984260539
-0.7605343382166314,1.842222818109639,-10.97836556289738,3.615739968521078,-0.6844456362192887,1.8051436603629152
-0.7490887480963195,1.8432139443991793,-10.97773176572954,3.6102873207258304,-0.6864278887983696,1.8117885436771166
-0.7458539951613954,1.8432206432766738,-10.978577461842393,3.6235770873542332,-0.6864412865533585,1.812577181478629
-0.7372521598280599,1.8433387340059377,-10.97921070290301,3.625154362957258,-0.6866774680118864,1.8138030350516552
-0.7311419808715556,1.8428590641815317,-10.9807972719174,3.6276060701033104,-0.6857181283630743,1.8096448810192953
-0.7236459898307697,1.8427289688084256,-10.981918974252373,3.6192897620385907,-0.6854579376168625,1.8059575469162232
-0.7183291826295903,1.8425637573060116,-10.983005478595134,3.6119150938324465,-0.6851275146120344,1.8029921677153116
-0.7105147651722952,1.8428709032934445,-10.983408836638567,3.605984335430623,-0.6857418065869002,1.804193274630691
-0.7004588090717991,1.842378378656472,-10.984972683630916,3.608386549261382,-0.6847567573129552,1.8010340686362676
-0.6854786961610984,1.8435418184220018,-10.984080818606536,3.602068137272535,-0.6870836368440149,1.805627177163898
-0.6773455761589187,1.843036813124036,-10.985692989640027,3.611254354327796,-0.6860736262480834,1.8006777659379674
-0.6619122721953392,1.84299620445892,-10.986611899211956,3.6013555318759347,-0.6859924089178515,1.8012603028643865
-0.6535300014238441,1.843059049993344,-10.987330759276906,3.602520605728773,-0.6861180999866991,1.8028520293648571
-0.6516386966784911,1.8425793155160801,-10.98891616374848,3.6057040587297142,-0.6851586310321715,1.7972909092392229
-0.6522204013039907,1.8428135681986855,-10.989397637093786,3.5945818184784457,-0.6856271363973822,1.7999277332907777
-0.6522161584213713,1.8431611577395852,-10.989729168197584,3.5998554665815554,-0.6863223154791815,1.8007347648578744
-0.6525916248448951,1.8424503208809033,-10.991662899218193,3.601469529715749,-0.6849006417618176,1.7960792702239188
-0.6465267119863487,1.8425897736060677,-10.992314040579018,3.5921585404478376,-0.6851795472121462,1.7950447264727545
-0.6472146704464325,1.8422208902884754,-10.993668990078064,3.590089452945509,-0.6844417805769616,1.793206266114892
-0.6477435920435965,1.8424732586018604,-10.994153980500911,3.586412532229784,-0.6849465172037316,1.7929972631676911
-0.6523847554597815,1.8425864155621525,-10.994859903386983,3.5859945263353823,-0.685172831124316,1.7903435509791836
-0.6596799058409744,1.8418388646771984,-10.996847927972158,3.5806871019583673,-0.6836777293544077,1.784266278336002
-0.6619528266704009,1.8422047982468406,-10.997120753622442,3.568532556672004,-0.6844095964936922,1.7861892955842793
-0.6761481573912533,1.8425461389086872,-10.997434871390702,3.5723785911685586,-0.6850922778173854,1.7874133653837407
-0.6886355891115628,1.8427737638007013,-10.997995571018242,3.5748267307674815,-0.6855475276014135,1.786640075177379
-0.6997530630211877,1.8428687130783832,-10.998650721247907,3.573280150354758,-0.6857374261567774,1.7871850838021899
-0.7072135243460629,1.842919622539368,-10.999406695277557,3.5743701676043798,-0.6858392450787472,1.7853979447700918
-0.7134370269603512,1.8431042937545257,-10.999983003511563,3.5707958895401837,-0.6862085875090624,1.786756216031606
-0.7189009123911472,1.8434494457580597,-11.000291224109608,3.573512432063212,-0.6868988915161306,1.7889330507978458
-0.7254028913722141,1.8434211928174271,-11.001167112174219,3.5778661015956916,-0.6868423856348654,1.7886922314227145
-0.7267042766361875,1.8442034577561819,-11.000874487455999,3.577384462845429,-0.688406915512375,1.7904487875952726
-0.736275320547767,1.8431483000715256,-11.003257712224578,3.580897575190545,-0.6862966001430627,1.783649488162164
-0.7345965187444623,1.843846362664808,-11.003063546358971,3.567298976324328,-0.6876927253296278,1.787168951142082
-0.7419100419273281,1.8443310556691321,-11.003121885459567,3.574337902284164,-0.6886621113382759,1.7922145033460553
-0.7452059189716458,1.8445883174044806,-11.003610045864914,3.5844290066921105,-0.6891766348089727,1.7931937585033833
-0.7427268016638333,1.8450704228148354,-11.003742303828352,3.5863875170067665,-0.6901408456296824,1.7944320354640062
-0.7404626074106098,1.8449157788140014,-11.004839820234707,3.5888640709280124,-0.6898315576280143,1.7907079319650947
-0.7356447525935774,1.8443476685898383,-11.006544904425034,3.5814158639301894,-0.6886953371796881,1.7867882689166252
-0.7268762762642051,1.8445727965357748,-11.007044059955884,3.5735765378332505,-0.6891455930715611,1.790188091514411
-0.7233591915590516,1.844478800110391,-11.008033592995133,3.580376183028822,-0.6889576002207933,1.7896369721077303
-0.7158399878188035,1.8450267228631267,-11.00809455311759,3.5792739442154606,-0.6900534457262651,1.790642235617404
-0.7114446110174963,1.8453523582969702,-11.008484058125992,3.581284471234808,-0.6907047165939518,1.7911438932911603
-0.7040549367421072,1.8457965272471721,-11.008629392952413,3.5822877865823206,-0.6915930544943555,1.792370895196051
-0.6915815891824568,1.845134721349597,-11.010420601928994,3.584741790392102,-0.690269442699205,1.7879939257550965
-0.675823472053775,1.8452555608971513,-11.011072991054005,3.575987851510193,-0.6905111217943135,1.788059937540719
-0.6669004672381451,1.844871812285565,-11.012513870044222,3.576119875081438,-0.6897436245711411,1.7833049924548323
-0.6572409854461903,1.845876703033353,-11.01186026401396,3.5666099849096646,-0.6917534060667171,1.7874743369694002
-0.6534966228912662,1.846147089638833,-11.012324986621113,3.5749486739388003,-0.6922941792776771,1.7857762315759733
-0.6429193046708281,1.8460604745688431,-11.013308609615882,3.5715524631519466,-0.6921209491376972,1.7882068762120746
-0.6311484854819991,1.8457664604442094,-11.014539391770526,3.5764137524241493,-0.6915329208884297,1.7877789006074136
-0.6212781081205847,1.8451967556795823,-11.016171444024609,3.5755578012148272,-0.6903935113591756,1.787502509234702
-0.612248127530794,1.8452745913621995,-11.016921536933383,3.575005018469404,-0.6905491827244101,1.7867192861717953
-0.6118540331777869,1.8460322833584362,-11.01663271894163,3.5734385723435906,-0.6920645667168837,1.7895479102804086
-0.6080370777934494,1.8458920878030565,-11.01766312646894,3.579095820560817,-0.691784175606124,1.7900325266065125
-0.6019590020977397,1.846118046158016,-11.018129332948911,3.580065053213025,-0.6922360923160432,1.790889584193407
-0.6003076613337601,1.8468617467712722,-11.017856901263716,3.581779168386814,-0.6937234935425557,1.793367261322628
-0.6004027458644856,1.8473404472434936,-11.01800570062813,3.586734522645256,-0.6946808944869982,1.7928311507926389
-0.5987373453127329,1.8474607474232898,-11.018646822087124,3.5856623015852778,-0.6949214948465906,1.794744127808239
-0.5933109051135315,1.8479013758612992,-11.018824436699683,3.589488255616478,-0.6958027517226096,1.79647042812003
-0.5856024861183506,1.8483846928657321,-11.019004969287435,3.59294085624006,-0.6967693857314754,1.7963278097326878
-0.577118119359616,1.8485915801431665,-11.019538247500428,3.5926556194653756,-0.6971831602863441,1.7959841401224774
-0.5653635650927562,1.8493471849178673,-11.019208384284228,3.591968280244955,-0.6986943698357458,1.799652692520658
-0.557104851007475,1.8490029932533618,-11.020558636487323,3.599305385041316,-0.6980059865067351,1.796614048343824
-0.5441118784217274,1.849128620381031,-11.021219482601635,3.593228096687648,-0.6982572407620738,1.796044009678372
-0.5365723762177179,1.8486636734318638,-11.022693547971205,3.592088019356744,-0.6973273468637394,1.7929093519819683
-0.524125391168182,1.8490058972209136,-11.022975004627778,3.5858187039639366,-0.6980117944418389,1.7951745712079108
-0.5168656234815963,1.8488274121010868,-11.024080313715947,3.5903491424158216,-0.6976548242021854,1.7931047819523735
-0.5049606001750799,1.8484703615509799,-11.025479241662115,3.586209563904747,-0.6969407231019716,1.7895600338335635
-0.49907939964606207,1.848665559004031,-11.026022199621991,3.579120067667127,-0.697331118008074,1.789115389704401
-0.4980613447617461,1.8489241727488432,-11.02643629491494,3.578230779408802,-0.6978483454976983,1.7906176770924347
-0.49614944118087223,1.848912495350092,-11.027275728111844,3.5812353541848694,-0.6978249907001958,1.7909632082611513
-0.49108534508366475,1.8490346643356166,-11.027885438385043,3.5819264165223026,-0.6980693286712449,1.7945184794882818
-0.48395453281485246,1.8491851797207919,-11.028514472050643,3.5890369589765636,-0.6983703594415955,1.7939843850082082
-0.4768706729872161,1.8484204343576416,-11.030439673340922,3.5879687700164165,-0.6968408687152952,1.7896005122980854
-0.47103321394437714,1.849159279542131,-11.030161170428249,3.5792010245961707,-0.698318559084274,1.791691546710696
-0.4721746053015963,1.8489767570638347,-11.031253782624544,3.583383093421392,-0.6979535141276813,1.7893261008215853
-0.46862191326849967,1.8496199013126733,-11.031127794869272,3.5786522016431705,-0.6992398026253586,1.7944303757686406
-0.4721528226896545,1.8499169800896458,-11.0315345646112,3.5888607515372812,-0.6998339601793037,1.7938955458640733
-0.47422796115700727,1.8506290751929846,-11.031344516111679,3.5877910917281466,-0.7012581503859814,1.795723572504417
-0.476699600521707,1.8504021640671415,-11.032505418814756,3.591447145008834,-0.700804328134295,1.7943722957216854
-0.4757031688315365,1.8494989791064804,-11.034625248968768,3.588744591443371,-0.6989979582129727,1.7937908304680634
-0.47689901363826515,1.850182075700922,-11.034472275468564,3.587581660936127,-0.7003641514018556,1.794783839026997
-0.4875393031416202,1.8501037074243125,-11.035395327119195,3.589567678053994,-0.7002074148486367,1.7949230971548473
-0.4969440318462368,1.8503408067853129,-11.035884766286095,3.5898461943096946,-0.7006816135706375,1.7935678763435199
-0.5059585314223796,1.8506646990693816,-11.03625364712829,3.5871357526870398,-0.7013293981387747,1.7936171177571245
-0.5147198956573842,1.8502044586866981,-11.037781941955114,3.587234235514249,-0.7004089173734078,1.7894296491034845
-0.5176830647026147,1.8503174693325755,-11.038465770159249,3.578859298206969,-0.7006349386651625,1.789871192670116
-0.5260616053180875,1.8504714516706804,-11.039100396446743,3.579742385340232,-0.7009429033413722,1.7919685422595082
-0.5330618316385767,1.8494560457708544,-11.041452339875695,3.5839370845190164,-0.6989120915417204,1.784021197988274
-0.5345773845390216,1.8498600281601176,-11.041635493172276,3.568042395976548,-0.6997200563202467,1.7865231422455077
-0.5454140654546187,1.850472979909897,-11.041578147690664,3.5730462844910154,-0.7009459598198055,1.7881579647060155
-0.55585258886655,1.8509535806289146,-11.041667481684426,3.576315929412031,-0.701907161257841,1.7904414470412604
-0.5626542783901556,1.8510029304584652,-11.042461543356216,3.580882894082521,-0.7020058609169422,1.787809816769697
-0.5662936908405456,1.8503602059494917,-11.044221926700502,3.575619633539394,-0.7007204118989951,1.7839708539748367
-0.5685745039679961,1.8504914111058244,-11.044831287935573,3.5679417079496734,-0.7009828222116606,1.7850264661320154
-0.5719672810116858,1.850191891755087,-11.046021727125224,3.570052932264031,-0.7003837835101859,1.7847795111419344
-0.5772812081410148,1.8499344056786504,-11.047206644878113,3.569559022283869,-0.6998688113573127,1.7822543670903732
-0.5829559780222429,1.8499961304725445,-11.047951472357934,3.5645087341807464,-0.699992260945101,1.7805715975660115
-0.5937293906835865,1.8494697908432534,-11.049535196047184,3.561143195132023,-0.6989395816865188,1.7772224063772815
-0.6040038166349397,1.850135963249372,-11.049345004680031,3.554444812754563,-0.700271926498756,1.779681909039714
-0.6232465561468192,1.8503579666342576,-11.049870451043986,3.559363818079428,-0.7007159332685274,1.7815797080375058
-0.6364315405142253,1.8502155797777278,-11.050897703463107,3.5631594160750115,-0.700431159555468,1.7805610000578838
-0.6429036744437742,1.8503951948240587,-11.051484037871804,3.5611220001157675,-0.7007903896481297,1.7786855515301845
-0.6540132280328113,1.851076566610038,-11.05122765663649,3.557371103060369,-0.7021531332200884,1.7847360905431937
-0.664776564979638,1.8510318574968172,-11.052136327593209,3.5694721810863874,-0.7020637149936471,1.7838578501167879
-0.6709043174733047,1.8513002948629484,-11.05256721201102,3.5677157002335758,-0.7026005897259096,1.7830170332054234
-0.6793098925309007,1.8522768730481847,-11.05194130396475,3.5660340664108467,-0.7045537460963821,1.7879899869402751
-0.6854498592231355,1.8522839782882565,-11.052765331506142,3.5759799738805502,-0.7045679565765258,1.7891293555739785
-0.6841415159262834,1.8513023255904368,-11.0550503343521,3.578258711147957,-0.7026046511808862,1.7810960391472135
-0.6807221123424512,1.851589218230683,-11.05547227583402,3.562192078294427,-0.7031784364613786,1.780696958995712
-0.679889657292291,1.851439652581681,-11.056512063198552,3.561393917991424,-0.7028793051633746,1.7796672402458027
-0.6782401810663643,1.8508184337908529,-11.058201205356436,3.5593344804916054,-0.7016368675817185,1.7775516012342079
-0.6790622354565681,1.8502511813942741,-11.05986323956414,3.5551032024684157,-0.7005023627885608,1.7763433897445498
-0.6851773310410767,1.8497588671249017,-11.061406174581094,3.5526867794890995,-0.6995177342498161,1.773269195487555
-0.6942302112648857,1.8500231008914183,-11.061798024155664,3.54653839097511,-0.7000462017828495,1.77493577490905
-0.7041838499518516,1.8508524725314484,-11.061384831839055,3.5498715498181,-0.7017049450629097,1.7805657828290564
-0.7145203476739752,1.8510363076293994,-11.06194012248965,3.561131565658113,-0.7020726152588117,1.7809189019787275
-0.7170518462192152,1.8507014675363285,-11.063238673018944,3.561837803957455,-0.7014029350726697,1.7806540525361314
-0.7157575354493311,1.8509080847731691,-11.063774621155536,3.561308105072263,-0.7018161695463513,1.7807809320044252
-0.7174058466117224,1.8510295757105926,-11.064365629845385,3.5615618640088504,-0.7020591514211982,1.7818685011829358
-0.7149660633631356,1.850030207480758,-11.06666472727603,3.5637370023658717,-0.700060414961529,1.776341695414872
-0.7122815680662242,1.849649377585466,-11.068067732056756,3.552683390829744,-0.6992987551709453,1.7756722006355874
-0.7168311222852939,1.8502317552803598,-11.068014672673828,3.551344401271175,-0.7004635105607326,1.7782211825747296
-0.7247904782841097,1.8497643318271997,-11.069524757013713,3.556442365149459,-0.6995286636544127,1.7794524981243207
-0.7278460511123459,1.850017008401141,-11.069987575902854,3.5589049962486414,-0.700034016802295,1.7813997192480158
-0.7383837442976979,1.8491445355438818,-11.072081296139755,3.5627994384960315,-0.6982890710877767,1.777803197761874
-0.7445082563968288,1.8487168520096913,-11.073526865526151,3.555606395523748,-0.6974337040193955,1.776674620528706
-0.7571874598328048,1.8482825142913757,-11.075012368550311,3.553349241057412,-0.6965650285827645,1.7740179375764198
-0.7770344859001437,1.8489425048669332,-11.074893039051076,3.5480358751528396,-0.6978850097338793,1.7786296357980826
-0.8016482367949802,1.849229530054066,-11.075279257279528,3.5572592715961653,-0.6984590601081448,1.779673703630722
-0.8169852280667254,1.8484462016982228,-11.07729926104617,3.559347407261444,-0.6968924033964586,1.7752060887643355
-0.8293615519283062,1.84790947615457,-11.078844448706146,3.550412177528671,-0.695818952309153,1.7754931927442708
-0.8452392573454706,1.848217243376627,-11.07918664100761,3.5509863854885415,-0.6964344867532674,1.7786482500698093
-0.8624289426923273,1.8481184633583798,-11.080159288435897,3.5572965001396186,-0.696236926716773,1.776935228327951
-0.8738201577815428,1.8486079726182045,-11.080257226304246,3.553870456655902,-0.6972159452364226,1.7795733662873991
-0.884326145787071,1.8491947405305054,-11.08022333189201,3.5591467325747983,-0.6983894810610243,1.7809249099924345
-0.893461077803936,1.849473633180312,-11.080655770237533,3.561849819984869,-0.6989472663606379,1.7819804318821042
-0.902749809164801,1.8497323273276987,-11.081098901781745,3.5639608637642084,-0.6994646546554109,1.7812215773013975
-0.911101488831136,1.8495015578620946,-11.082314837124434,3.562443154602795,-0.6990031157242026,1.7770017341818583
-0.9147445318784726,1.8494223256071303,-11.083258019552773,3.5540034683637165,-0.6988446512142739,1.7767825827561192
-0.9205787948466586,1.849290921226972,-11.084232964348617,3.5535651655122384,-0.6985818424539573,1.7804296863928537
-0.9268906906329804,1.849001023077154,-11.085496659271579,3.5608593727857074,-0.6980020461543217,1.7793698328571723
-0.9280673224330123,1.848850493737644,-11.086498141091104,3.5587396657143446,-0.6977009874753016,1.781611801094115
-0.9286853122263032,1.8492307712142375,-11.086818334989767,3.56322360218823,-0.6984615424284889,1.7797708791729476
-0.9338420003860683,1.8494436236135194,-11.087297795520985,3.5595417583458953,-0.6988872472270526,1.7820515507935126
-0.9338848456126421,1.8488296058480984,-11.088988042990344,3.5641031015870253,-0.6976592116962107,1.7814728972873115
-0.9316063421714418,1.8484827635921497,-11.09032916449421,3.562945794574623,-0.696965527184313,1.7797350019822236
-0.9282425123075715,1.847907733597374,-11.092018909910825,3.559470003964447,-0.6958154671947615,1.7770371323083598
-0.9234560065527528,1.8478524554923956,-11.092914112442585,3.5540742646167196,-0.6957049109848049,1.7773291335306325
-0.9202559214927444,1.848279489578984,-11.09310170983448,3.554658267061265,-0.6965589791579819,1.7794312334862072
-0.9216665307876024,1.847352479958171,-11.095330362912748,3.5588624669724145,-0.6947049599163558,1.7733883108622228
-0.9186677944420154,1.8478314218554908,-11.095454408341578,3.5467766217244456,-0.6956628437109953,1.7737118870966357
-0.9196084733001832,1.848773534265511,-11.094901625564974,3.5474237741932715,-0.6975470685310355,1.7769103291947788
-0.9163160076836068,1.8484260197072382,-11.09624631291118,3.5538206583895575,-0.69685203941449,1.7734131155910444
-0.9062033173484583,1.8486486130648752,-11.09672346018335,3.546826231182089,-0.697297226129764,1.7740656253552736
-0.8986340727346729,1.848712190548175,-11.09740042772576,3.548131250710547,-0.6974243810963635,1.7747761299742082
-0.8920375894796209,1.8484158554560208,-11.098692604601744,3.5495522599484164,-0.6968317109120553,1.771833136904235
-0.887186747982593,1.8484198909924752,-11.099487352930911,3.54366627380847,-0.6968397819849639,1.7727867627209748
-0.886065376369098,1.8486189235241461,-11.099995390809346,3.5455735254419496,-0.6972378470483057,1.774858334295033
-0.8867817093735617,1.8494716647210152,-11.099547704997924,3.549716668590066,-0.698943329442044,1.7781940564452259
-0.8869912402954494,1.8488166600834717,-11.10129412919133,3.5563881128904518,-0.6976333201669569,1.7767521206439114
-0.8786326903922266,1.849295036650758,-11.101456384165818,3.553504241287823,-0.6985900733015293,1.7789460500755503
-0.8756403982427052,1.8492120732270756,-11.10242670585487,3.5578921001511006,-0.6984241464541647,1.7785644454503817
-0.867452088253895,1.84894316891919,-11.103688858372914,3.5571288909007635,-0.6978863378383935,1.7756442630575127
-0.8585735685417486,1.8488637278792566,-11.104660747891378,3.5512885261150253,-0.6977274557585265,1.773305587796527
-0.8536398097082412,1.8491657453679524,-11.105072724743271,3.546611175593054,-0.698331490735918,1.771955029323871
-0.8513265501075811,1.84982225514856,-11.104903001059407,3.543910058647742,-0.6996445102971331,1.7740089017933416
-0.8455564878607671,1.850339872855216,-11.104964466505292,3.548017803586683,-0.7006797457104454,1.7761122679123529
-0.8344205733492522,1.8491067126936866,-11.107629161122071,3.5522245358247058,-0.6982134253873867,1.7689997155888837
-0.8135847393929652,1.8487273202749828,-11.109012409769782,3.5379994311777674,-0.6974546405499792,1.7649374776075244
-0.8007128960566465,1.8492328150581923,-11.109107587842518,3.529874955215049,-0.6984656301163984,1.7671252680490608
-0.7943568755236736,1.8493939989210886,-11.109648198881487,3.5342505360981216,-0.6987879978421909,1.769638907419915
-0.7803677334772399,1.8498040191503964,-11.109858065290336,3.53927781483983,-0.6996080383008064,1.7701691890234967
-0.7689056347800953,1.8491877409394806,-11.11159444165747,3.5403383780469935,-0.6983754818789747,1.7690021319785483
-0.7581113225216836,1.8493059234244105,-11.11225729567901,3.5380042639570966,-0.6986118468488345,1.7689574424991223
-0.7507656583385582,1.8492356072228273,-11.113172744645377,3.5379148849982447,-0.6984712144456684,1.7670709182999869
-0.7438650063590639,1.8494768523800258,-11.113664496397606,3.5341418365999737,-0.6989537047600654,1.7653743761415832
-0.7387241794442225,1.8498759533372082,-11.113865022805538,3.5307487522831664,-0.6997519066744301,1.7657931573993708
-0.7316709374992207,1.8498780864787885,-11.114644723768368,3.5315863147987416,-0.6997561729575906,1.7659760995850238
-0.7219500444433677,1.850531498942201,-11.114466952084474,3.5319521991700475,-0.7010629978844156,1.7701716155867087
-0.7151980377335931,1.8509259071800954,-11.114665373952022,3.5403432311734173,-0.7018518143602045,1.7758568090137767
-0.7092835487382985,1.8514022020403476,-11.114819288713809,3.5517136180275535,-0.7028044040807088,1.7767560712600432
-0.6986621777874831,1.8506918132403907,-11.116649946507907,3.5535121425200864,-0.701383626480795,1.7754285829773313
-0.6855806399957984,1.8502576672327917,-11.11807061585378,3.5508571659546626,-0.700515334465597,1.7754386390916912
-0.6766384245876687,1.8507666330911918,-11.118161098876033,3.5508772781833824,-0.7015332661823971,1.7754388315995018
-0.6711974955479718,1.8509471429984363,-11.118690686162337,3.5508776631990036,-0.7018942859968862,1.7751037805148933
-0.6623866069427908,1.851121983235557,-11.119266901060149,3.5502075610297865,-0.7022439664711274,1.7739906789767264
-0.6545765884814436,1.8516144544577562,-11.119328903131171,3.5479813579534527,-0.7032289089155256,1.7784427536288965
-0.6505741121719151,1.8521000197608362,-11.119463878411667,3.556885507257793,-0.7042000395216854,1.7797741955143922
-0.6470741668083502,1.852065383302284,-11.12033178685531,3.5595483910287844,-0.7041307666045812,1.7768572335614086
-0.6343909103397287,1.8525693230376195,-11.12041070106889,3.553714467122817,-0.7051386460752521,1.7781025681880973
-0.621725886761368,1.8530428350530384,-11.12053253790731,3.5562051363761946,-0.7060856701060901,1.7799536680061203
-0.6093809616473536,1.8523399773239733,-11.122351124137525,3.5599073360122406,-0.7046799546479598,1.7797501735940404
-0.5929422239591577,1.8521239260713502,-11.123501777836184,3.559500347188081,-0.7042478521427138,1.7791674036426541
-0.583562505882476,1.8521851343425317,-11.124202795139146,3.5583348072853083,-0.704370268685077,1.7833687421047708
-0.5733928600048195,1.851077217872516,-11.126593431406476,3.5667374842095416,-0.7021544357450452,1.77820383579873
-0.5610574446968695,1.8504243948323362,-11.128415323291676,3.55640767159746,-0.700848789664686,1.772859155186555
-0.5550818119923644,1.8498455873871893,-11.130113440798278,3.54571831037311,-0.699691174774392,1.7708450279591694
-0.5541291607681185,1.8500802052350758,-11.130593709820324,3.541690055918339,-0.7001604104701651,1.7695319772778337
-0.5605093145459179,1.8495087715631358,-11.13227223247964,3.5390639545556675,-0.699017543126285,1.765243991976123
-0.5641420998656894,1.8496754497576648,-11.132854703427729,3.530487983952246,-0.6993508995153431,1.7648775312116634
-0.576181462523607,1.8500150035283938,-11.133134589139576,3.5297550624233267,-0.7000300070568011,1.767744377207801
-0.5902538075725872,1.8507431262643017,-11.132863066296146,3.535488754415602,-0.7014862525286168,1.7704824552968048
-0.6063205648015622,1.8508157738126552,-11.133553954977502,3.5409649105936096,-0.7016315476253239,1.7701557190102675
-0.6137956456106828,1.85023603461648,-11.135195091384102,3.540311438020535,-0.7004720692329731,1.7707300446025682
-0.6173557592828143,1.8493959677760554,-11.13720494820277,3.5414600892051364,-0.6987919355521244,1.7671334221187511
-0.625893565736332,1.8495905960982113,-11.137731277271604,3.5342668442375023,-0.6991811921964364,1.768656846127024
-0.642066208852814,1.8495467483641126,-11.138611675946885,3.537313692254048,-0.6990934967282391,1.7696193455106413
-0.6576580150006137,1.8491120006451491,-11.140035552992781,3.5392386910212825,-0.6982240012903124,1.7668713229229995
-0.6751406844077312,1.8482992680850152,-11.142051084949971,3.533742645845999,-0.6965985361700445,1.7639667024345238
-0.6963312853791432,1.8479971701971083,-11.143345777560436,3.5279334048690476,-0.6959943403942305,1.761301216397484
-0.7225079556725262,1.8485158159765591,-11.143404321609482,3.522602432794968,-0.6970316319531323,1.7654926905322885
-0.7547838061935579,1.848741884757003,-11.143823928668477,3.530985381064577,-0.6974837695140201,1.769140952275554
-0.7860100698229324,1.8490985474876225,-11.144126905875488,3.538281904551108,-0.6981970949752591,1.7714388492302102
-0.8126000960629511,1.8486146584720449,-11.145741290756998,3.5428776984604204,-0.697229316944104,1.7659317419805216
-0.833700216360727,1.8478289921744544,-11.147666538067218,3.531863483961043,-0.6956579843489232,1.7640908997752012
-0.8563957008959431,1.8479714480152887,-11.148219603877337,3.5281817995504023,-0.6959428960305917,1.764916245222403
-0.8792965428662676,1.8480137403697405,-11.148997910252266,3.529832490444806,-0.6960274807394953,1.7661040801439838
-0.8972419614606437,1.8485138691284617,-11.149068795450457,3.5322081602879676,-0.6970277382569374,1.7689268156406877
-0.9125089326414386,1.84824274318784,-11.15029680039548,3.5378536312813753,-0.6964854863756942,1.765555369395119
-0.9236330357534666,1.8484795831313963,-11.150761771343525,3.531110738790238,-0.6969591662628065,1.7668048465320398
-0.9337175717475983,1.8489127559154006,-11.150942518784461,3.5336096930640797,-0.6978255118308153,1.7682548718462074
-0.9430612218689483,1.8485457466021213,-11.152288674268181,3.536509743692415,-0.6970914932042567,1.7682468707716634
-0.9490920262400007,1.847962218443084,-11.15393395895241,3.536493741543327,-0.6959244368861817,1.7685514637687343
-0.9594736588960586,1.8484099265255984,-11.154090130708846,3.5371029275374686,-0.6968198530512106,1.7734730769529248
-0.9748405404920106,1.8484087584105484,-11.154880948456436,3.5469461539058496,-0.6968175168211107,1.7768031235825796
-0.9830912063688917,1.848853723506524,-11.155008631977884,3.5536062471651593,-0.6977074470130622,1.7850828182790566
-0.9874761258551512,1.8487895574604667,-11.155951470440643,3.570165636558113,-0.6975791149209475,1.786337931233422
-0.9883652767166655,1.847396301884461,-11.158871802016064,3.572675862466844,-0.6947926037689363,1.7789130059340537
-0.9852319146829398,1.8476958551939566,-11.159266330849338,3.5578260118681073,-0.6953917103879276,1.7833366277927214
-0.9900397519217012,1.8476458828553388,-11.160171554166352,3.566673255585443,-0.6952917657106921,1.782858098491751
-0.9877035851528237,1.8473365890363558,-11.161461088210835,3.565716196983502,-0.6946731780727262,1.7816513570257173
-0.982764754045105,1.8474643250780283,-11.16212833445496,3.5633027140514346,-0.6949286501560711,1.7803922860898074
-0.9825470062353503,1.8478701493343244,-11.16233081601491,3.5607845721796147,-0.6957402986686632,1.7845520269152841
-0.9830591710565937,1.848289098347506,-11.16254613445796,3.5691040538305683,-0.6965781966950264,1.7862170143958362
-0.9828608013487337,1.8485326536269102,-11.163042572314065,3.5724340287916725,-0.6970653072538348,1.7882890236344082
-0.9772132448784312,1.848067035061673,-11.164541553392024,3.5765780472688165,-0.6961340701233605,1.7900094236807755
-0.9643877103034182,1.8476355888620775,-11.16602574774527,3.580018847361551,-0.6952711777241695,1.78676104555828
-0.954395384664803,1.8478816562643599,-11.166503240636676,3.57352209111656,-0.6957633125287342,1.785408521714582
-0.9482783939158423,1.8478552251863518,-11.167398792332552,3.570817043429164,-0.6957104503727184,1.783889827310148
-0.9427079079639267,1.8488910039158777,-11.166720827789035,3.567779654620296,-0.6977820078317702,1.7860859574382022
-0.9384794893177713,1.848066773293735,-11.168745013032039,3.5721719148764044,-0.6961335465874848,1.7826680027684219
-0.9253060108654516,1.848647673459365,-11.168704097699795,3.5653360055368437,-0.6972953469187448,1.7838488805382882
-0.9219082605234554,1.848522450749121,-11.169707744502013,3.5676977610765763,-0.6970449014982567,1.782656844708901
-0.9119394742152203,1.8478504730362664,-11.171516492133305,3.565313689417802,-0.6957009460725477,1.7790966891369364
-0.8984453748140062,1.8487564086893398,-11.171023782167945,3.558193378273873,-0.6975128173786945,1.7813998304309582
-0.894602963736217,1.8488538510570989,-11.17176483023784,3.5627996608619164,-0.6977077021142126,1.780469638596167
-0.8840741851697747,1.8493164753965297,-11.171901811444062,3.560939277192334,-0.6986329507930742,1.7810396681730545
-0.8765534608879122,1.8492379575374218,-11.172850633104414,3.562079336346109,-0.6984759150748585,1.7805026118429925
-0.8651968686587121,1.8489062466750055,-11.174139122289162,3.561005223685985,-0.6978124933500256,1.780013260871534
-0.8472669110857378,1.8489133287767416,-11.174955532585262,3.560026521743068,-0.6978266575534978,1.7802929150556768
-0.8336335185017063,1.8487946142118856,-11.175982781472323,3.5605858301113535,-0.6975892284237859,1.7787575624315544
-0.8197129581842368,1.8492154735804252,-11.176185480760324,3.5575151248631087,-0.6984309471608648,1.7808008754620206
-0.8065758722667233,1.8491129904281352,-11.177196547522259,3.561601750924041,-0.6982259808562848,1.7808540722519202
-0.7909656488593342,1.8491159371263146,-11.178031703956005,3.5617081445038403,-0.6982318742526438,1.7788047373079645
-0.7786674784795267,1.8488017498247895,-11.179379759791498,3.557609474615929,-0.6976034996495935,1.7760231522534289
-0.7681441740735977,1.8491864452624698,-11.179663394806003,3.5520463045068578,-0.6983728905249542,1.7772542978394152
-0.7626774969615049,1.848226538937345,-11.181885285156367,3.5545085956788305,-0.6964530778747043,1.7732714757462706
-0.7501354055039862,1.8476639943951216,-11.183504599736317,3.5465429514925413,-0.6953279887902577,1.7713975743035122
-0.7415639348812757,1.8469591225287667,-11.185356874606713,3.5427951486070244,-0.6939182450575477,1.7676801874422345
-0.7371183343792556,1.8472305501951638,-11.185769072342248,3.535360374884469,-0.694461100390342,1.7701427791697535
-0.7388874242175749,1.8480628197223676,-11.185367422184008,3.540285558339507,-0.6961256394447498,1.774531669530072
-0.7466707527656933,1.8480698378165255,-11.18613735705152,3.549063339060144,-0.6961396756330654,1.7768011537111237
-0.7445412500204753,1.8487622246998283,-11.185912886582818,3.5536023074222474,-0.6975244493996712,1.78060829991734
-0.7475073296548338,1.8491122417821113,-11.186257336409192,3.56121659983468,-0.6982244835642374,1.780821522996728
-0.7457341791087995,1.8499300630662234,-11.185884945252655,3.561643045993456,-0.6998601261324618,1.782947144528224
-0.740450593748653,1.849561963613965,-11.187204338284857,3.565894289056448,-0.6991239272279449,1.781510600236856
-0.7331394843074648,1.8497154796500057,-11.187825931096542,3.563021200473712,-0.6994309593000262,1.7804535716538483
-0.729731901605744,1.8500785975898166,-11.188126862586271,3.5609071433076966,-0.7001571951796479,1.7805930912167751
-0.7288260392270143,1.8496899986703246,-11.189514806054026,3.5611861824335502,-0.699379997340664,1.7839946889424563
-0.7241697134070755,1.8489187290912268,-11.191462623904412,3.5679893778849125,-0.6978374581824682,1.7800629578748404
-0.7191698118115166,1.8494850794798658,-11.191468706043965,3.5601259157496807,-0.6989701589597466,1.780466876075197
-0.7215324504528287,1.849721502311492,-11.191937163921965,3.560933752150394,-0.6994430046229988,1.781026676291516
-0.719840926491333,1.8491708630588723,-11.193604882270115,3.562053352583032,-0.6983417261177599,1.7786958050401178
-0.7173600333454608,1.849488127640889,-11.193964490536446,3.5573916100802356,-0.6989762552817933,1.778106505139431
-0.719452722779268,1.848885498704097,-11.195697951866462,3.556213010278862,-0.6977709974082094,1.7790251798643522
-0.7178162978682305,1.8488497016610048,-11.196552825338754,3.5580503597287043,-0.6976994033220251,1.777816591684972
-0.7191579803982933,1.8495005466985601,-11.196441243629515,3.555633183369944,-0.6990010933971357,1.7776477556635524
-0.7244400243928677,1.8500535952918333,-11.19641526535976,3.5552955113271048,-0.700107190583682,1.7808782110894943
-0.7216150741844451,1.85010799518713,-11.197169981865091,3.5617564221789886,-0.7002159903742753,1.7814739138791353
-0.7119300508728887,1.8502163245778906,-11.197815777108548,3.5629478277582707,-0.7004326491557967,1.784371906406137
-0.698732612372007,1.8503999642564641,-11.198417327774594,3.568743812812274,-0.7007999285129437,1.7850868979641237
-0.6865424969043996,1.8499490774460339,-11.199931192621777,3.5701737959282474,-0.6998981548920832,1.7822431724527885
-0.6763408414062049,1.8496109703678385,-11.201259273502309,3.564486344905577,-0.6992219407356923,1.7780708385824013
-0.6688299465600487,1.849663259552465,-11.20201553371779,3.5561416771648027,-0.6993265191049451,1.7790937687649728
-0.6677244759062155,1.8497105069050581,-11.202806577346287,3.5581875375299457,-0.6994210138101314,1.7810721336694009
-0.6682903982301713,1.8492422032086362,-11.204303525912549,3.5621442673388017,-0.6984844064172875,1.778226962383441
-0.6718826184944753,1.8498297721209573,-11.204295739035041,3.556453924766882,-0.6996595442419299,1.779465603514259
-0.6786968645597753,1.8505249655846083,-11.204130128948323,3.558931207028518,-0.7010499311692319,1.7827675612207625
-0.6836562779324264,1.8518500550802113,-11.202978365261005,3.565535122441525,-0.7037001101604379,1.7882107054416747
-0.6885872441188656,1.8517597073255208,-11.203916317798189,3.5764214108833494,-0.7035194146510567,1.7900753499123643
-0.6810107675566748,1.8521117406664398,-11.204224740259553,3.5801506998247286,-0.7042234813328948,1.7922382509190333
-0.6712841716344258,1.8517782316796467,-11.205584210040424,3.5844765018380667,-0.7035564633593084,1.7869923140730457
-0.6610313788004571,1.8511196964187198,-11.207380141740629,3.5739846281460914,-0.7022393928374544,1.7838291618627458
-0.6529831357402731,1.8512906271045506,-11.207989864612328,3.5676583237254915,-0.702581254209116,1.7837195872813778
-0.6475923885694623,1.8515608953184035,-11.208370509915806,3.5674391745627556,-0.7031217906368219,1.7836281431552106
-0.6434276597755844,1.8514035645591032,-11.209492316251277,3.567256286310421,-0.702807129118221,1.7802650381029401
-0.633934313455498,1.8516080261226024,-11.20998846534533,3.5605300762058802,-0.7032160522452194,1.7803127553124758
-0.6261945137867801,1.8523604755411593,-11.209680921926033,3.5606255106249516,-0.7047209510823335,1.7835810678594683
-0.622337482815082,1.8525909289876772,-11.21015849281812,3.5671621357189367,-0.7051818579753691,1.7847922136985828
-0.6163198378174943,1.8521404517111875,-11.211652730148005,3.5695844273971655,-0.7042809034223895,1.781074505807148
-0.6079289555120067,1.8522548317077583,-11.212292402429762,3.562149011614296,-0.7045096634155311,1.7809863518788263
-0.6039293981743192,1.8521491272734456,-11.21326425254316,3.5619727037576525,-0.7042982545469059,1.7813896856169587
-0.5999290469168592,1.8526341811416525,-11.213384372178618,3.5627793712339173,-0.7052683622833196,1.7832382510659537
-0.5958629707218552,1.8528299293680284,-11.213906000330432,3.5664765021319074,-0.7056598587360716,1.7827167841778573
-0.587105585524629,1.8535281236179362,-11.213684834460322,3.5654335683557146,-0.7070562472358871,1.7858703634739272
-0.5790197172393192,1.8538087875230207,-11.214052967234034,3.5717407269478545,-0.7076175750460563,1.78849774017915
-0.566704483459965,1.853535410009756,-11.215289348501663,3.5769954803583,-0.7070708200195271,1.7860718607682116
-0.5494381464247251,1.8537676158576084,-11.215795579240293,3.572143721536423,-0.7075352317152319,1.7861814826908717
-0.538018591308397,1.853510878512649,-11.21706468003689,3.5723629653817435,-0.7070217570253131,1.7850086267114678
-0.5280651955636717,1.8535120238810519,-11.217858204976103,3.5700172534229355,-0.7070240477621187,1.7845046665673092
-0.5275736347952584,1.8531254929328762,-11.219286867541312,3.5690093331346184,-0.7062509858657675,1.7806971937424456
-0.525971934804307,1.852354384669445,-11.221280512383501,3.5613943874848912,-0.704708769338905,1.7757772560774245
-0.5274607230197255,1.8528796084841157,-11.22128552329469,3.551554512154849,-0.7057592169682463,1.7787563438898388
-0.5346450131660188,1.852515172108834,-11.222653016945713,3.5575126877796777,-0.7050303442176828,1.7741471672213935
-0.5339899197629325,1.8528967024419354,-11.2229207496374,3.548294334442787,-0.7057934048838854,1.7739172979795623
-0.5381001091258977,1.8522471265914755,-11.224674867258617,3.5478345959591246,-0.7044942531829657,1.7723246554787881
-0.5393720598545233,1.8526044917338689,-11.224987158008732,3.5446493109575763,-0.7052089834677525,1.7735758360774792
-0.5456985884244396,1.8533388612488026,-11.224761366668956,3.5471516721549583,-0.70667772249762,1.7755534113620375
-0.5523681477673836,1.8539990819515562,-11.22463822012639,3.551106822724075,-0.7079981639031268,1.7753915766458792
-0.5591415056633497,1.8538786852998348,-11.225542577913473,3.5507831532917584,-0.7077573705996839,1.7771362718155652
-0.5620046479606629,1.8545539532115762,-11.225315129820567,3.5542725436311304,-0.7091079064231668,1.7819383819184071
-0.5653021730807684,1.8542711815907755,-11.226589616345688,3.5638767638368143,-0.7085423631815652,1.7779072013236283
-0.5633000738346414,1.8551780285571255,-11.226061878246146,3.5558144026472567,-0.7103560571142651,1.7819680161565827
-0.5652328774267517,1.856287599522516,-11.225290574953712,3.5639360323131655,-0.7125751990450461,1.7849806368337466
-0.5653978483800977,1.8567641436749487,-11.225424170340093,3.5699612736674933,-0.7135282873499112,1.785527816061682
-0.5591545643286366,1.8563205494044386,-11.226915097317274,3.571055632123364,-0.712641098808891,1.7827802077546597
-0.5518379408782046,1.8560473342930446,-11.228138661333364,3.5655604155093195,-0.7120946685861032,1.779113652698968
-0.5485791017704873,1.8565615231363457,-11.228215974285288,3.558227305397936,-0.7131230462727053,1.7780243945513763
-0.5472595476734767,1.8563129029834726,-11.229416795653917,3.5560487891027526,-0.712625805966959,1.7756194321619896
-0.5425562769157537,1.856863090166593,-11.229434447359626,3.551238864323979,-0.7137261803332,1.7753975807234923
-0.539738784070396,1.8566375807990407,-11.230592832618628,3.5507951614469846,-0.7132751615980956,1.7747981593503637
-0.5321045557991742,1.856896590624618,-11.231017858624682,3.5495963187007273,-0.7137931812492501,1.7766916408856748
-0.5248373738163608,1.8571643207652397,-11.231389755913561,3.5533832817713495,-0.7143286415304938,1.7813203501568688
-0.5125475573544627,1.8581650996600558,-11.230763347084856,3.5626407003137377,-0.716330199320126,1.785035421598878
-0.5032989077259451,1.8591177756628259,-11.23016511956405,3.570070843197756,-0.7182355513256659,1.790083031053212
-0.4869260009934635,1.8601432212516165,-11.229481364166762,3.580166062106424,-0.7202864425032471,1.7912624497671605
-0.467689332722383,1.8604364475003963,-11.22987227670951,3.582524899534321,-0.7208728950008069,1.7921885192413305
-0.4382008335427976,1.860869148431124,-11.230072450750638,3.584377038482661,-0.7217382968622623,1.7930568133449851
-0.4095254132791535,1.8607958172250099,-11.231032962329714,3.5861136266899702,-0.7215916344500342,1.7917282517798794
-0.38141421368550077,1.860237631729799,-11.232685989348383,3.5834565035597588,-0.7204752634596125,1.786315346839957
-0.35620138323516315,1.8595043233650974,-11.234609491028035,3.572630693679914,-0.719008646730209,1.7797161714698408
-0.33304910975259183,1.8594945774804132,-11.235421540837692,3.5594323429396817,-0.7189891549608409,1.7776731506520285
-0.319169202228732,1.8599301483047668,-11.235614147317392,3.555346301304057,-0.7198602966095479,1.778294296786502
-0.30553823524174817,1.8601485046173165,-11.236098390136824,3.556588593573004,-0.7202970092346476,1.7790370592367493
-0.29444542755487113,1.8602144766482271,-11.236819963751211,3.5580741184734985,-0.7204289532964688,1.7790899452641058
-0.28827900824918373,1.8601014088895467,-11.237808236846854,3.5581798905282116,-0.7202028177791079,1.7793015840639725
-0.28436427406766285,1.8603457003893713,-11.2382807261761,3.558603168127945,-0.7206914007787569,1.7796523004453446
-0.2803436548990561,1.86155924370503,-11.23729060743905,3.5593046008906892,-0.7231184874100742,1.7854090631679187
-0.2768016482535973,1.862303480553905,-11.236996547672769,3.5708181263358374,-0.7246069611078242,1.787285398337256
-0.26888948475722074,1.862384513149186,-11.237694370234689,3.574570796674512,-0.7247690262983866,1.7870244116028449
-0.2548929005579055,1.8618619257519724,-11.239297864724026,3.5740488232056897,-0.7237238515039592,1.7818274902961686
-0.24239695315172227,1.8620875753382327,-11.23972523618484,3.563654980592337,-0.7241751506764795,1.7820480563394177
-0.23388821895929546,1.8629227303966545,-11.239268660095249,3.5640961126788353,-0.725845460793323,1.787762044746226
-0.22769431376711147,1.8624967340680474,-11.240744457957051,3.575524089492452,-0.7249934681361089,1.7840263080746812
-0.2159899640008902,1.862260457950443,-11.24187421400015,3.5680526161493624,-0.7245209159009,1.7829744478059406
-0.2127246361286037,1.8621488793669743,-11.242869588527112,3.565948895611881,-0.7242977587339625,1.7832098046736724
-0.21646263576234936,1.862203838390824,-11.243636454793194,3.566419609347345,-0.7244076767816616,1.7823300033244718
-0.2271166544156351,1.862476109991822,-11.244039288432463,3.5646600066489436,-0.7249522199836577,1.7808858566114811
-0.24013500995922854,1.8629363837623658,-11.24418606926169,3.5617717132229623,-0.7258727675247455,1.7821947282983777
-0.25491161374121063,1.8644966679022354,-11.242697166759449,3.5643894565967553,-0.7289933358044848,1.7879918892285491
-0.2701225636958462,1.8649084682999728,-11.242861424067447,3.5759837784570982,-0.7298169365999596,1.7888723148549537
-0.27168101683991,1.8648214553056588,-11.243814450837782,3.5777446297099074,-0.7296429106113316,1.786294722407138
-0.26653379580312375,1.8646162916253015,-11.244937927678217,3.572589444814276,-0.7292325832506169,1.7835750211323744
-0.2615833374320591,1.8650737168557006,-11.245072115629688,3.567150042264749,-0.7301474337114149,1.785506780344255
-0.2615760119029815,1.8643806623515367,-11.246924097882259,3.57101356068851,-0.7287613247030871,1.7795137832906442
-0.2575395979465469,1.8644573749008087,-11.247582155924713,3.5590275665812885,-0.7289147498016308,1.78194156924349
-0.2591498016127698,1.8651375353469304,-11.247365233967228,3.56388313848698,-0.7302750706938745,1.783619741562236
-0.26133538608645424,1.8657327640817218,-11.247311440770222,3.567239483124472,-0.7314655281634573,1.7826274981311703
-0.26102815614221875,1.8662196051840867,-11.247413315044021,3.5652549962623405,-0.7324392103681868,1.7816754341464411
-0.2638383878502033,1.8670894378608498,-11.246958084894551,3.5633508682928823,-0.7341788757217131,1.7853537194355784
-0.26894231900924837,1.8672163978054122,-11.247603622495895,3.570707438871157,-0.7344327956108381,1.7836162434383567
-0.2680606121445468,1.8670487356659538,-11.24865989188496,3.5672324868767133,-0.7340974713319214,1.7844371384079118
-0.2632370194932605,1.8670985208707152,-11.249431962603571,3.5688742768158237,-0.7341970417414442,1.7836081031444437
-0.2607550038640536,1.867744130734835,-11.24927013940359,3.5672162062888875,-0.7354882614696839,1.7854329347373303
-0.2637588963264701,1.86814727860924,-11.249490468513596,3.5708658694746607,-0.7362945572184936,1.7865028733148827
-0.2606408809623666,1.8678665296686083,-11.250779794983979,3.5730057466297653,-0.7357330593372307,1.782244375735291
-0.2524116642206664,1.8675369126737922,-11.252103939899698,3.564488751470582,-0.7350738253475982,1.7806597834517421
-0.2447520592770136,1.8674537982363648,-11.253022538601178,3.5613195669034843,-0.7349075964727436,1.7805574188477906
-0.23947887176741922,1.8675422560658779,-11.253714965095584,3.5611148376955812,-0.7350845121317698,1.7792291039124142
-0.23628111329091261,1.8670374788778823,-11.255267490598964,3.5584582078248284,-0.7340749577557788,1.7743564809838204
-0.2334725249187546,1.8675675611330682,-11.255298336385195,3.5487129619676407,-0.7351351222661507,1.7748479757561062
-0.2440864354068104,1.867684401903622,-11.255876172243333,3.5496959515122124,-0.7353688038072584,1.7770989917174265
-0.25318071878324133,1.8680844841861999,-11.256100010122891,3.554197983434853,-0.7361689683724143,1.779149451352819
-0.2619334088761729,1.8684996879068692,-11.256286404997887,3.558298902705638,-0.7369993758137526,1.7820234255099237
-0.2677087389267587,1.8692597063138898,-11.256037619859459,3.5640468510198473,-0.7385194126277939,1.781960021761591
-0.2744447511806438,1.869287815325855,-11.256825859786387,3.563920043523182,-0.7385756306517243,1.7810246472185758
-0.2721172352514323,1.869300807174787,-11.257613400261883,3.5620492944371516,-0.7386016143495883,1.7788064796532965
-0.26993065042925757,1.8698813962526384,-11.257517788737623,3.557612959306593,-0.7397627925052912,1.7805989399987991
-0.2725421419998728,1.8701548701927921,-11.257922476572215,3.5611978799975983,-0.7403097403855987,1.779197146486759
-0.2743555180836399,1.8699150564739424,-11.259047855658944,3.558394292973518,-0.7398301129478991,1.7790827854994684
-0.2759638554049868,1.8697933024450832,-11.260009984142592,3.558165570998937,-0.7395866048901808,1.779725734447171
-0.2834814999058821,1.87056769452556,-11.25965352840725,3.559451468894342,-0.7411353890511344,1.7818936082185668
-0.2944015657410919,1.8701019871568767,-11.261187367711317,3.5637872164371336,-0.7402039743137675,1.7784300682753258
-0.2972985639116832,1.870351443830769,-11.261603862103195,3.5568601365506516,-0.7407028876615519,1.7780197904008548
-0.30442539113492906,1.8707750655154147,-11.261807641954853,3.5560395808017096,-0.7415501310308434,1.7766704557094155
-0.3138813266013827,1.8704215653212892,-11.263137813484402,3.553340911418831,-0.7408431306425926,1.7735317865886224
-0.3212005905317614,1.8708556635106592,-11.263288036061635,3.547063573177245,-0.7417113270213327,1.7747192333627357
-0.3306781602477873,1.8715115576676846,-11.263150991788441,3.5494384667254715,-0.7430231153353836,1.7748258535453305
-0.3366474177871659,1.8719641498075543,-11.263320139302676,3.549651707090661,-0.7439282996151231,1.7738887183484187
-0.33807232514355334,1.87175778048575,-11.264399010498785,3.5477774366968373,-0.7435155609715144,1.7715389587579657
-0.33578410081273624,1.8717160149702168,-11.26524921898621,3.5430779175159315,-0.7434320299404481,1.7697353971676377
-0.33216043482929614,1.8716202971603126,-11.266164895179203,3.5394707943352754,-0.7432405943206398,1.769038458360548
-0.3310365820498742,1.8719934976772505,-11.26640532029638,3.538076916721096,-0.7439869953545157,1.7702812536889063
-0.33185589055854336,1.871857868194121,-11.267375608009516,3.5405625073778126,-0.7437157363882567,1.7696079876547006
-0.33133986633148105,1.8716851756207429,-11.26847666647562,3.5392159753094012,-0.7433703512415006,1.7668749978134135
-0.33321943220044403,1.8718037758357218,-11.269087931171962,3.533749995626827,-0.7436075516714584,1.7676605650463724
-0.34047065306424074,1.8719655024444892,-11.269629271656408,3.5353211300927447,-0.7439310048889933,1.7691724952427683
-0.34720395566034945,1.871779975882152,-11.2707062269167,3.5383449904855366,-0.7435599517643191,1.767916347083503
-0.3521069565020678,1.871490465903077,-11.271939278921108,3.535832694167006,-0.7429809318061693,1.765467069182966
-0.3604267547517921,1.8709635848405648,-11.27350646546355,3.530934138365932,-0.7419271696811448,1.7626381491657097
-0.3707619993942757,1.8706935671036367,-11.274656888032094,3.5252762983314194,-0.7413871342072884,1.76223788951068
-0.3829237971827446,1.8710712228941124,-11.274915187465957,3.52447577902136,-0.7421424457882398,1.76364853536302
-0.3971052048332613,1.8706286420859632,-11.276357359876528,3.52729707072604,-0.7412572841719415,1.7608408899956514
-0.41113573940437753,1.871406464457382,-11.276022770956931,3.5216817799913027,-0.7428129289147789,1.7636089459669333
-0.42779366932924745,1.8720521300676634,-11.275869463164737,3.5272178919338666,-0.7441042601353415,1.764057919680955
-0.4410636315162684,1.8721621104554338,-11.276542863056147,3.52811583936191,-0.7443242209108824,1.7628816335267006
-0.4514816842739737,1.8723135678304619,-11.277075411262132,3.525763267053401,-0.7446271356609384,1.761893092026157
-0.45946160648596646,1.8731500765940134,-11.27659888919428,3.523786184052314,-0.7463001531880417,1.7646108211956872
-0.470256517401376,1.8732164690827746,-11.277305218804507,3.5292216423913745,-0.7464329381655642,1.764092385228928
-0.4777849026211616,1.873798949913506,-11.277200083540274,3.528184770457856,-0.747597899827027,1.765425856891559
-0.4882849445293562,1.8736549175441475,-11.278200801210676,3.530851713783118,-0.74730983508831,1.7624609897174592
-0.4925598568247338,1.8740977683908038,-11.278356197629694,3.5249219794349185,-0.7481955367816223,1.762374950774208
-0.4983810508626121,1.874169449689007,-11.279101245272303,3.524749901548416,-0.7483388993780286,1.7612377697619883
-0.5000759561914503,1.8742570624243158,-11.279718169632233,3.5224755395239766,-0.7485141248486463,1.7609718010795348
-0.5030274508806247,1.874006997424896,-11.280854053869371,3.5219436021590695,-0.7480139948498069,1.7595430042774447
-0.5035669238967238,1.8741215074300903,-11.281472627877095,3.5190860085548894,-0.7482430148601953,1.760471075866881
-0.5049206097638059,1.8728936000803846,-11.284074972286295,3.520942151733762,-0.745787200160784,1.7520567536109017
-0.5025264614724705,1.872986523657166,-11.284656535176293,3.5041135072218035,-0.7459730473143465,1.7523834571224695
-0.5096908228640817,1.8734820535386958,-11.2847432878031,3.504766914244939,-0.7469641070774065,1.7516927015370571
-0.5159625869181745,1.8739645871815933,-11.284780265796117,3.5033854030741143,-0.7479291743632014,1.7540849928043685
-0.5178777423156742,1.8744086782171163,-11.284907103247441,3.508169985608737,-0.7488173564342473,1.7554279806285304
-0.5141912967414761,1.8741059759329637,-11.286156773044983,3.510855961257061,-0.7482119518659419,1.7527328221493426
-0.5046236235972614,1.8734667972879715,-11.287852795390322,3.505465644298685,-0.7469335945759575,1.7478594110457455
-0.49734447986181785,1.874287762385466,-11.287377739751133,3.495718822091491,-0.7485755247709462,1.7510455648412588
-0.49433540010350363,1.8740768836899981,-11.288423853567869,3.5020911296825177,-0.7481537673800107,1.749805984309805
-0.48829045949589833,1.8746720809711748,-11.2883544991857,3.49961196861961,-0.749344161942364,1.7523936069661246
-0.48836494712161915,1.8745506807883154,-11.289290338797803,3.504787213932249,-0.7491013615766452,1.7525988249165336
-0.484046901893894,1.8739817543383503,-11.290927141831341,3.5051976498330673,-0.7479635086767152,1.746814495327687
-0.4798288446053576,1.8727713520584333,-11.293458409715265,3.493628990655374,-0.7455427041168813,1.739763010659975
-0.4811495149967584,1.8725981927913584,-11.294421173582505,3.47952602131995,-0.7451963855827315,1.7427371237098648
-0.49110924448049964,1.8731587942793375,-11.29435072510187,3.4854742474197296,-0.7463175885586896,1.7459707265961035
-0.5066978376414042,1.8733885630312552,-11.294766978454085,3.491941453192207,-0.746777126062525,1.747123390403941
-0.5178498029276071,1.873753063756408,-11.294972612531428,3.494246780807882,-0.7475061275128303,1.7482424915105323
-0.5304227546859881,1.8741921445461034,-11.295107884670971,3.4964849830210647,-0.748384289092221,1.749763064163924
-0.5415915751273932,1.8744731836708397,-11.295472764315512,3.499526128327848,-0.7489463673416936,1.7498629120127478
-0.5504832154056043,1.8749642244732565,-11.295533049961406,3.4997258240254956,-0.7499284489465273,1.751214833643571
-0.557113648694255,1.875696992167962,-11.29522390990152,3.502429667287142,-0.7513939843359385,1.7523163531139616
-0.5622763198309197,1.8760293736066522,-11.295478323085577,3.5046327062279232,-0.7520587472133189,1.751091789721889
-0.5566548005406382,1.8768539780559519,-11.295029287886521,3.502183579443778,-0.753707956111918,1.7559237833981345
-0.5508272579025366,1.876588617259191,-11.296240153786997,3.511847566796269,-0.7531772345183964,1.7518882026520552
-0.5403301702134176,1.8770317240302068,-11.2963357618931,3.5037764053041105,-0.7540634480604279,1.7523342585465949
-0.5353521025593988,1.8769753874613402,-11.297240664754769,3.5046685170931897,-0.7539507749226949,1.7487999597700365
-0.5289901381678792,1.8772729321873614,-11.297574206504791,3.497599919540073,-0.754545864374737,1.7483208684695803
-0.5222588360143998,1.8768819677853523,-11.298945381966627,3.4966417369391607,-0.7537639355707191,1.7443749472883099
-0.5090811683530525,1.8768394698042399,-11.299715206336062,3.4887498945766198,-0.7536789396084942,1.7461015526066412
-0.5029952661609585,1.8764265075363533,-11.301114041787988,3.4922031052132825,-0.752853015072721,1.7420785880729694
-0.4950102368104936,1.8764410529413995,-11.301830216327195,3.484157176145939,-0.7528821058828131,1.7425792248586758
-0.49318563678918537,1.8771060167183735,-11.301574523852908,3.4851584497173516,-0.7542120334367611,1.7455725839964866
-0.4922635403027442,1.8767909983140654,-11.30282610651838,3.4911451679929733,-0.753581996628145,1.7430763601518018
-0.4825723828464721,1.8767558408731162,-11.303668482195379,3.4861527203036036,-0.7535116817462464,1.7407609080542121
-0.46932787154056044,1.8776112973534356,-11.303148522266232,3.4815218161084243,-0.7552225947068854,1.745096050184843
-0.4576194374593161,1.8777479764999694,-11.303691441381078,3.490192100369686,-0.7554959529999531,1.7470049134565182
-0.4425518780073556,1.877389056533241,-11.304953987905405,3.4940098269130364,-0.7547781130664964,1.7482193530240215
-0.4268271142626965,1.8775059018297908,-11.305560599642059,3.496438706048043,-0.7550118036595961,1.7458193976871559
-0.41600221530917025,1.878521046168694,-11.304836062317857,3.4916387953743118,-0.7570420923374025,1.7486547585017134
-0.40928219416531775,1.8778164908994588,-11.306615498506472,3.4973095170034267,-0.7556329817989319,1.745167633631935
-0.39467174291228524,1.8776501330613455,-11.307649767760573,3.49033526726387,-0.7553002661227053,1.7467270728035493
-0.38756823789633543,1.877780031867717,-11.308183498462483,3.4934541456070987,-0.7555600637354479,1.7468458865402727
-0.3862480569196389,1.8781517324620662,-11.308364309544896,3.4936917730805455,-0.7563034649241466,1.7495812470923198
-0.3869547623473135,1.8785640495955078,-11.30849687331611,3.4991624941846395,-0.7571280991910297,1.7508642552906728
-0.39055183163190854,1.8790898717184394,-11.30847380846336,3.5017285105813456,-0.7581797434368929,1.7543530767923037
-0.3913826689215423,1.8781829524722746,-11.31060474943459,3.5087061535846074,-0.7563659049445631,1.7503631340453538
-0.3885321851140304,1.8787366339618046,-11.310553800531284,3.5007262680907076,-0.757473267923623,1.75239695314734
-0.3937148199843019,1.8783003882946292,-11.31195726163629,3.50479390629468,-0.7566007765892725,1.7503879597990344
-0.3954442258852833,1.8782505471815005,-11.312788574563266,3.5007759195980688,-0.756501094363015,1.7485579910093167
-0.39864927713226983,1.8785848271767487,-11.313031742134626,3.4971159820186335,-0.7571696543535114,1.7495165739475758
-0.40312921201724095,1.8782532996854833,-11.314281973055756,3.4990331478951515,-0.7565065993709805,1.7457866121484487
-0.40245326852337016,1.8779961981571223,-11.315372861081476,3.4915732242968973,-0.7559923963142585,1.7460158965164485
-0.403921320826063,1.8780789882567042,-11.316021642300136,3.492031793032897,-0.7561579765134224,1.7439420151167533
-0.4110896816746781,1.8776449222781788,-11.317405011871983,3.4878840302335066,-0.7552898445563717,1.7407715091052227
-0.4152468143170598,1.8783204211374556,-11.317186414984503,3.4815430182104454,-0.756640842274925,1.7433113520900412
-0.4242295386420061,1.878606067602699,-11.317544118103088,3.4866227041800824,-0.7572121352054121,1.7438388612181581
-0.4333529222896644,1.8784190288375895,-11.318576968872883,3.4876777224363162,-0.7568380576751931,1.7413614509207713
-0.44064366711319636,1.8785532383183763,-11.319131383653149,3.4827229018415427,-0.7571064766367668,1.7412010886247462
-0.4479103142830301,1.878730246972768,-11.319675577494252,3.4824021772494924,-0.7574604939455503,1.7392101872323262
-0.4550967785866131,1.878691309949001,-11.320514096306404,3.4784203744646525,-0.7573826198980164,1.7372358025000934
-0.46617224901032195,1.8795508735658526,-11.319994507127898,3.4744716050001867,-0.7591017471317196,1.74120836566519
-0.47616594367126375,1.8788360027701247,-11.321812458754321,3.48241673133038,-0.7576720055402637,1.7399888093488969
-0.4767181112099692,1.8793159745441619,-11.32184619864311,3.4799776186977938,-0.7586319490883382,1.7419660366641045
-0.48413813608513223,1.8787322759260585,-11.323455412496308,3.483932073328209,-0.7574645518521317,1.7396029471359857
-0.48811986901543847,1.8781716639276758,-11.325007908385384,3.4792058942719715,-0.7563433278553662,1.7352724738565428
-0.49689941592815146,1.877845756594057,-11.326205207119246,3.4705449477130856,-0.7556915131881287,1.7327116226967167
-0.5114906902459566,1.8777616405764515,-11.327044805885633,3.4654232453934335,-0.7555232811529178,1.7316983358310405
-0.5236711214216445,1.877770267365721,-11.327764388589683,3.463396671662081,-0.7555405347314569,1.734617677805892
-0.5390580871596882,1.8780309166458333,-11.328139066050971,3.469235355611784,-0.7560618332916812,1.736921277391484
-0.5525375845576548,1.8778945962245908,-11.329069219830147,3.473842554782968,-0.7557891924491963,1.7370005896291123
-0.5631379126992151,1.8783555954578848,-11.32916186996508,3.4740011792582246,-0.7567111909157843,1.7378874715304893
-0.5771996258926464,1.8795807110745344,-11.328122436179939,3.4757749430609786,-0.7591614221490837,1.7461441093114152
-0.5887479144221626,1.8790755089249631,-11.329615022764262,3.4922882186228303,-0.7581510178499412,1.7428169915832403
-0.5877110896289466,1.879331292440388,-11.329946430074985,3.4856339831664807,-0.7586625848807912,1.7454680564194847
-0.5910409049969907,1.879416347888828,-11.330567124360876,3.4909361128389693,-0.758832695777671,1.7463360039860527
-0.5900190171899684,1.8799583764787233,-11.330546142616015,3.4926720079721054,-0.7599167529574619,1.7465133175542003
-0.5927603977888953,1.8804217860852606,-11.330620068347585,3.4930266351084005,-0.7608435721705362,1.7462173332642472
-0.5935687864797128,1.8804044401966158,-11.331401143359102,3.4924346665284944,-0.7608088803932466,1.7445155248720317
-0.5894609755594367,1.8799949686255912,-11.332742070905,3.4890310497440633,-0.7599899372511977,1.7431598847319294
-0.5847852876525259,1.8803946020167823,-11.332952316899826,3.486319769463859,-0.7607892040335796,1.7430721162606433
-0.584618622147671,1.8795055094607664,-11.334999259802299,3.4861442325212866,-0.7590110189215478,1.7374400399427135
-0.5787496808760846,1.8801881915432472,-11.334705434766766,3.474880079885427,-0.7603763830865093,1.7404363290388238
-0.5853405677131018,1.8804855228781254,-11.335010059389662,3.4808726580776477,-0.7609710457562656,1.743558231179905
-0.5836398447176236,1.8798464181313217,-11.336685654399634,3.48711646235981,-0.7596928362626583,1.7403028309220536
-0.5803175520939163,1.8796045482638348,-11.337831889766298,3.4806056618441072,-0.7592090965276844,1.7376589108719065
-0.5779339171579636,1.8798805382589423,-11.338159892946585,3.475317821743813,-0.7597610765178995,1.738755380901036
-0.575105508400048,1.879430422841127,-11.339596687576941,3.477510761802072,-0.7588608456822689,1.7344970667184727
-0.567206161559703,1.8794244346029216,-11.340310388231078,3.4689941334369454,-0.7588488692058584,1.7363051866041073
-0.5621044900131142,1.8785299617186861,-11.342365238726872,3.4726103732082145,-0.7570599234373873,1.7337636854105885
-0.55472893767271,1.8788530673295845,-11.342642656324596,3.467527370821177,-0.7577061346591841,1.7339236471792845
-0.5559311796729176,1.8791613189764025,-11.342893250378024,3.467847294358569,-0.7583226379528202,1.7368339493545186
-0.5547970164277753,1.879334148793455,-11.343390889780641,3.4736678987090372,-0.7586682975869253,1.7367817257648124
-0.5540888439788088,1.8790664760780877,-11.34452917084638,3.4735634515296248,-0.7581329521561911,1.7361167385859888
-0.5580752101230821,1.8799701310283667,-11.343973258107644,3.4722334771719776,-0.7599402620567494,1.7378540305771526
-0.5638537521457874,1.8798335661055596,-11.344854112740679,3.475708061154305,-0.7596671322111354,1.7401091691020774
-0.5637504055958527,1.8801126556306806,-11.345214117795237,3.4802183382041547,-0.7602253112613775,1.7389338252155364
-0.5657526845593726,1.8808814511995964,-11.344813769217101,3.477867650431073,-0.7617629023992087,1.7425577976237534
-0.5704460795843342,1.8809707236473165,-11.34545145068639,3.485115595247507,-0.7619414472946492,1.739650886650478
-0.5718385551885898,1.8810334916901528,-11.346116939634893,3.479301773300956,-0.7620669833803216,1.7374713063121716
-0.5726867738039569,1.8807875326479069,-11.347256688611344,3.4749426126243432,-0.76157506529583,1.7336447020237107
-0.5704433616614324,1.8811363553224096,-11.347528741513146,3.4672894040474214,-0.7622727106448354,1.7333845198640234
-0.5729617710341941,1.8816262054214985,-11.3475299183833,3.466769039728047,-0.7632524108430133,1.7365018359485946
-0.5698232254803131,1.8822915528636064,-11.347325691629187,3.4730036718971893,-0.7645831057272291,1.7414586662473273
-0.5680973845777313,1.8825004270020382,-11.347770048420426,3.4829173324946545,-0.7650008540040927,1.7418400925064819
-0.5633361134427997,1.8830743516225241,-11.347705357536519,3.4836801850129637,-0.7661487032450643,1.7408095859553758
-0.5552795894558304,1.883561191548776,-11.347741038396293,3.4816191719107517,-0.767122383097568,1.742798933581479
-0.5428724432578687,1.883942420459229,-11.347934818224005,3.485597867162958,-0.7678848409184739,1.743895745868577
-0.529127392651839,1.8845970103451901,-11.347720313882855,3.487791491737154,-0.7691940206903962,1.7459822584483464
-0.5119473099649703,1.8851703160867166,-11.34760726363623,3.491964516896693,-0.770340632173449,1.749377092421422
-0.4912191641810342,1.884479805935129,-11.349348356870557,3.498754184842844,-0.768959611870274,1.744702010470195
-0.4602049216118971,1.8843781760997882,-11.350262485526166,3.48940402094039,-0.7687563521995919,1.7435221378331107
-0.43573998428232663,1.885130306366351,-11.349892383057659,3.4870442756662214,-0.7702606127327173,1.7491325918167475
-0.4156953856792729,1.8856552002485483,-11.349826686136058,3.498265183633495,-0.771310400497112,1.7520409585755397
-0.3923363619919922,1.8857435454243674,-11.350488899057,3.5040819171510793,-0.7714870908487501,1.7509449196471492
-0.3641123615773676,1.8866547193971042,-11.3499074763485,3.5018898392942983,-0.7733094387942236,1.7548497180345477
-0.342621045347725,1.8861588275535013,-11.351373357178236,3.5096994360690954,-0.7723176551070177,1.7517626766396748
-0.3126882478212689,1.8860038777853851,-11.352374812144415,3.5035253532793496,-0.7720077555707852,1.7496138555038887
-0.28789121880126345,1.8865542210710926,-11.352330320774211,3.4992277110077774,-0.7731084421422,1.7514238791512748
-0.2701708959941005,1.8865964828990331,-11.352962516040005,3.5028477583025497,-0.7731929657980812,1.7511694466013836
-0.24954467557232007,1.88639152303113,-11.353990775673392,3.5023388932027673,-0.7727830460622748,1.7509563737360616
-0.2290730360317088,1.8863779869913533,-11.354783132916202,3.501912747472123,-0.7727559739827214,1.7475921050604122
-0.20957864386896574,1.8860102084020756,-11.356003953100451,3.4951842101208244,-0.772020416804166,1.746776910590136
-0.19191695617892357,1.8854361082789148,-11.357633947694104,3.493553821180272,-0.7708722165578448,1.7424661037158737
-0.17875321723050774,1.886074238767576,-11.357448363858847,3.4849322074317475,-0.7721484775351671,1.7448436187913616
-0.17566203374238398,1.885988599032138,-11.358306357427846,3.4896872375827233,-0.7719771980642911,1.7447725041828321
-0.1694825075582589,1.8850256908902758,-11.360510521827297,3.4895450083656643,-0.7700513817805669,1.7378698919159394
-0.16532032685796771,1.8848240250083228,-11.361559971079268,3.475739783831879,-0.7696480500166607,1.7357081830011178
-0.1709965426415483,1.8855191417634982,-11.361283042157808,3.4714163660022357,-0.7710382835270116,1.7350677019348806
-0.18269716684264026,1.8854409628403221,-11.362155187534546,3.470135403869761,-0.7708819256806595,1.7350627235651406
-0.19310808350974895,1.8858494685560196,-11.362316957382117,3.470125447130281,-0.7716989371120545,1.7368444155812683
-0.20881014447083857,1.8860157602029528,-11.362838099592283,3.4736888311625367,-0.7720315204059207,1.7349821984672387
-0.2192393707879159,1.886162414888303,-11.363403190995342,3.4699643969344773,-0.7723248297766212,1.733600092666613
-0.22886124289135346,1.8862196366239317,-11.364065217142349,3.467200185333226,-0.7724392732478788,1.7316837136338292
-0.24195383542836701,1.8859292803372498,-11.365229026107254,3.4633674272676584,-0.7718585606745153,1.7286131714337818
-0.2570313316490047,1.8862446399424497,-11.365484972261441,3.4572263428675636,-0.7724892798849151,1.7283957202929965
-0.27584406853529053,1.8867211977206537,-11.365525884244455,3.456791440585993,-0.7734423954413232,1.7319191641683083
-0.2984634083351203,1.8868453014284172,-11.366080322345946,3.4638383283366165,-0.7736906028568501,1.731674365654822
-0.31553529436596506,1.8876523512602632,-11.36561651092912,3.463348731309644,-0.7753047025205418,1.734567727062855
-0.33294677169368114,1.887822081461901,-11.366098402403379,3.46913545412571,-0.7756441629238172,1.7353073937510493
-0.3473214597794083,1.888223987385592,-11.366242882213289,3.4706147875020985,-0.7764479747711993,1.7374662976752415
-0.3614568758689263,1.888322200513991,-11.366801058065406,3.474932595350483,-0.7766444010279974,1.7378416219264006
-0.3715556879820685,1.8886535197021872,-11.367065335796223,3.475683243852801,-0.7773070394043896,1.737394003055219
-0.38127581481656847,1.8883915937485738,-11.368198816262218,3.474788006110438,-0.7767831874971628,1.7350459270070868
-0.38562251833061545,1.8888753739006243,-11.368250734687953,3.4700918540141736,-0.777750747801264,1.7352282402313277
-0.38980308997543567,1.8889080669431713,-11.368955909062961,3.4704564804626554,-0.777816133886358,1.7328179999309026
-0.39316360551097596,1.888680286959054,-11.370016221442695,3.465635999861805,-0.7773605739181234,1.730231562120677
-0.39476300423948096,1.8883301147632658,-11.371305450221252,3.460463124241354,-0.776660229526547,1.7270255065055407
-0.39194772203411077,1.8890562290099753,-11.370988977063817,3.4540510130110813,-0.778112458019966,1.7298059471089837
-0.3919396000527424,1.887718519908262,-11.373699306329161,3.4596118942179674,-0.7754370398165393,1.7205177650468473
-0.38609590673777383,1.8880492057927445,-11.37394064920339,3.4410355300936946,-0.7760984115855041,1.722099811342461
-0.38975439283427704,1.8882160474183876,-11.374367236902224,3.444199622684922,-0.7764320948367901,1.7233117287557704
-0.3929689219478387,1.8882666895607023,-11.375037102908856,3.446623457511541,-0.7765333791214197,1.7228805193860421
-0.39535088618694836,1.888235724700879,-11.37581908660416,3.4457610387720843,-0.7764714494017729,1.7219526731029917
-0.3975743118878299,1.8882230985497965,-11.37660258453533,3.4439053462059834,-0.7764461970996079,1.7214975519523004
-0.3998256512444822,1.8878337221040808,-11.37786627857109,3.4429951039046007,-0.7756674442081767,1.7195817665074238
-0.39944568371306133,1.8877063973102592,-11.378785463943958,3.4391635330148476,-0.7754127946205335,1.7189486761262613
-0.40281935014410664,1.8873267917036178,-11.380040148618221,3.4378973522525227,-0.7746535834072505,1.717497776423104
-0.4083684689857279,1.8876474976054591,-11.380233039034218,3.434995552846208,-0.7752949952109331,1.7215158961716601
-0.4179058633333046,1.8880160379320394,-11.380425575877437,3.4430317923433202,-0.776032075864094,1.7217783020800583
-0.4298507862163987,1.8874533261925899,-11.382013503947375,3.4435566041601167,-0.7749066523851947,1.7179700907380493
-0.4382369028234976,1.8880621592142337,-11.381842328261762,3.4359401814760986,-0.7761243184284822,1.7243187472765151
-0.4541613705998344,1.8879697438221696,-11.382739526716554,3.4486374945530303,-0.775939487644354,1.7218883632785036
-0.46547459854420836,1.8884090161728926,-11.382821228141122,3.443776726557007,-0.7768180323458,1.7242473200689066
-0.48009504706031336,1.8882903696447286,-11.383683807189364,3.448494640137813,-0.7765807392894719,1.724885740222804
-0.4896166708847751,1.8883732789464762,-11.384251174170602,3.449771480445608,-0.7767465578929669,1.731179180000595
-0.5024983288082332,1.8885662751685497,-11.384666819204986,3.46235836000119,-0.7771325503371137,1.735279332260093
-0.5151543549873558,1.8868712503232516,-11.387871528049587,3.470558664520186,-0.7737425006465176,1.7265767891331094
-0.5207635514898517,1.8862670185841262,-11.389485470467156,3.453153578266219,-0.7725340371682664,1.7232401362281573
-0.5349615942458215,1.8862164062813673,-11.390338902790148,3.4464802724563146,-0.7724328125627485,1.7206674839199854
-0.5569659408968306,1.8861972277902692,-11.391090137489433,3.4413349678399707,-0.7723944555805523,1.7203734860258337
-0.5726962516937153,1.8866684094026769,-11.391098875505762,3.4407469720516675,-0.7733368188053676,1.7237995244784245
-0.5910745187060211,1.8855777283364883,-11.393391418807445,3.447599048956849,-0.7711554566729906,1.7172109807976814
-0.603608949508212,1.8860738760457663,-11.393333012658113,3.434421961595363,-0.7721477520915466,1.7207674076119308
-0.625137342308248,1.885564148154725,-11.39481019611076,3.4415348152238616,-0.7711282963094641,1.7189718184474814
-0.6409298404133335,1.8852285451776807,-11.396030363766117,3.4379436368949627,-0.7704570903553756,1.7172124507653432
-0.6590970314068407,1.8852862756555835,-11.396646558003187,3.4344249015306865,-0.7705725513111813,1.7172277731495733
-0.6774547154394259,1.884656414494321,-11.398273459187092,3.4344555462991466,-0.769312828988656,1.7158354197446999
-0.6925896747979614,1.8844686712935745,-11.399254604940078,3.4316708394893998,-0.7689373425871631,1.7154187954022673
-0.7093937271607391,1.8844748126959798,-11.39992811495191,3.4308375908045345,-0.7689496253919734,1.7187802124017226
-0.7286594650147187,1.8849794658798593,-11.399910517379261,3.4375604248034453,-0.7699589317597324,1.7209997713809644
-0.7503404355123333,1.8849702958402532,-11.400671334721519,3.4419995427619288,-0.7699405916805204,1.7193886131604403
-0.7646247131638741,1.8847862586229056,-11.401671642450157,3.4387772263208807,-0.7695725172458254,1.7173242216531184
-0.7810337001546905,1.884581971245315,-11.402657616432233,3.4346484433062368,-0.7691639424906439,1.7189677325843167
-0.7971869358574502,1.8840068531540017,-11.40424483462321,3.4379354651686334,-0.7680137063080177,1.7143360851930936
-0.8149792018740101,1.8847335508290053,-11.403910482932321,3.428672170386187,-0.7694671016580248,1.719258421311587
-0.8375357011380284,1.884516565061631,-11.404936387251121,3.438516842623174,-0.7690331301232759,1.7190232395462035
-0.8536232440569087,1.8844927379596994,-11.405730770698932,3.438046479092407,-0.7689854759194131,1.7166436555143407
-0.8714650200517298,1.8847900621679043,-11.405962775051528,3.4332873110286815,-0.769580124335823,1.7199736018501766
-0.881467201504444,1.8847276202053789,-11.406800038592166,3.439947203700353,-0.7694552404107722,1.7183766800613938
-0.8851163874010748,1.8840189354360288,-11.40850589704224,3.4367533601227875,-0.768037870872072,1.7154280000423516
-0.8864840935957989,1.8836617016825692,-11.409730276520934,3.4308560000847033,-0.7673234033651526,1.7125069717159633
-0.8913171548007828,1.8839301627227878,-11.410005680500733,3.4250139434319267,-0.76786032544559,1.7214803967619494
-0.9012647126791844,1.8842626477398388,-11.410246516118718,3.442960793523899,-0.7685252954796918,1.7213535053667606
-0.903889909084322,1.8837360610325127,-11.411701529435444,3.442707010733521,-0.7674721220650397,1.7188455668605827
-0.904622210856294,1.8835398820617701,-11.41268373221543,3.4376911337211653,-0.7670797641235548,1.7192711570921086
-0.9055807407151715,1.8828978007595345,-11.414407883330405,3.4385423141842173,-0.7657956015190834,1.7165570114696258
-0.9040335898036069,1.883824681124588,-11.413820262409377,3.4331140229392516,-0.7676493622491903,1.7197970028951357
-0.9092804776538408,1.882725202645599,-11.416108979257594,3.4395940057902714,-0.7654504052912121,1.7176627142875551
-0.9009727331972677,1.8828695316114687,-11.416650551711813,3.4353254285751103,-0.7657390632229518,1.7163261005390946
-0.8995472212441751,1.8833981869896288,-11.416646844055435,3.4326522010781892,-0.766796373979272,1.7224103642672186
-0.8978961838772292,1.8831176169765154,-11.41779140214959,3.444820728534437,-0.766235233953045,1.7207217326162756
-0.8937664186708663,1.8826986255765825,-11.419144178080712,3.441443465232551,-0.7653972511531792,1.719193891146267
-0.8903235978005579,1.8817957808211752,-11.421219299349127,3.438387782292534,-0.7635915616423646,1.713893227141369
-0.8865522414856102,1.8811482327737423,-11.422876969850233,3.427786454282738,-0.7622964655474991,1.7124851189115178
-0.8866101408031248,1.8810187151317672,-11.42378066756483,3.4249702378230356,-0.762037430263549,1.711740542544578
-0.888098053687802,1.8810938953705119,-11.424363981510133,3.423481085089156,-0.7621877907410383,1.7161325970668146
-0.8945011669759211,1.8812837646122296,-11.424810284387606,3.4322651941336293,-0.7625675292244738,1.7185626696952043
-0.8995845253182644,1.8814974615946334,-11.425263111206124,3.4371253393904087,-0.7629949231892815,1.7197438361535915
-0.9035201174858098,1.8817522674823943,-11.425668872066607,3.439487672307183,-0.7635045349648035,1.7225644199578334
-0.9079565094490452,1.8810555012435395,-11.427475202200252,3.4451288399156668,-0.7621110024870936,1.7183909691002053
-0.9083828810713577,1.8811897971081035,-11.428025925206574,3.4367819382004106,-0.7623795942162218,1.7186256282602876
-0.9108141679626058,1.880765002815104,-11.429376545925985,3.4372512565205753,-0.7615300056302228,1.7164162164255323
-0.9093739830505694,1.8804392817878226,-11.43057322702685,3.4328324328510647,-0.76087856357566,1.715069276762417
-0.9117012034979233,1.880363472512918,-11.431380031505984,3.430138553524834,-0.7607269450258508,1.7158059508409134
-0.9180613673625864,1.8800303987278228,-11.432616072184718,3.4316119016818267,-0.7600607974556607,1.7145863171633478
-0.9215068651476042,1.8796886649577478,-11.433855296910048,3.4291726343266955,-0.7593773299155105,1.7146600973137394
-0.9256275327286616,1.8797067159490546,-11.434554364695646,3.4293201946274787,-0.7594134318981243,1.714050318832404
-0.9291715341620463,1.8793868613140994,-11.435767663972488,3.428100637664808,-0.7587737226282141,1.7131596649074192
-0.9367583876233603,1.8788400587879,-11.437297952042119,3.4263193298148384,-0.7576801175758154,1.709444957738604
-0.9400414534405783,1.878697935436529,-11.43819602374749,3.418889915477208,-0.7573958708730733,1.7118501491167089
-0.9477921858772227,1.8788450121677425,-11.438712019123404,3.4237002982334177,-0.7576900243355001,1.7127337187096965
-0.9596800163314008,1.878621794589228,-11.43976261581451,3.425467437419393,-0.7572435891784715,1.7109158157052797
-0.9684095429212203,1.8788916189405536,-11.440044778786199,3.4218316314105595,-0.7577832378811227,1.7140272072346752
-0.9773088078662671,1.878613580367726,-11.441174967675476,3.4280544144693503,-0.7572271607354676,1.7140368218759725
-0.9788046523116538,1.878643090148335,-11.441825322624569,3.428073643751945,-0.757286180296686,1.7152062689604668
-0.979078912562187,1.8778176574184415,-11.4437629015343,3.4304125379209336,-0.7556353148368988,1.7108525810814852
-0.9762041944400757,1.8773819326398162,-11.445132789691469,3.4217051621629704,-0.7547638652796484,1.7085859705583206
-0.9785654825940799,1.877637922495694,-11.445510716542486,3.4171719411166412,-0.7552758449914042,1.7086404951341598
-0.9856271298111405,1.8781395405409,-11.445459094709063,3.4172809902683197,-0.7562790810818162,1.7125747486852632
-0.9929931983727176,1.8773987643373924,-11.447267653210927,3.4251494973705263,-0.754797528674801,1.7098342503082125
-0.9957809702391653,1.8761783784989894,-11.449852205230135,3.419668500616425,-0.7523567569979948,1.7028776737988858
-0.997348793884429,1.8762198001411614,-11.450532363437702,3.4057553475977715,-0.7524396002823387,1.7018660588045336
-1.0085441660265406,1.8762492001323,-11.45118957786573,3.403732117609067,-0.7524984002646157,1.7044630753748222
-1.0172345846372792,1.8763356463443177,-11.451787532203566,3.4089261507496444,-0.7526712926886514,1.7076468622569214
-1.0240429532813415,1.8765359493014269,-11.45224809721452,3.415293724513843,-0.7530718986028697,1.709339797429934
-1.0300544963735057,1.8755992685966443,-11.454361970653462,3.418679594859868,-0.7511985371933046,1.7056360076021957
-1.03032948672646,1.8753337361099836,-11.455481598816974,3.4112720152043914,-0.7506674722199832,1.7068374521070995
-1.0349288410202178,1.8751769610763003,-11.456431947536785,3.413674904214199,-0.7503539221526169,1.7077229518146508
-1.0410386766335478,1.8741728068491683,-11.45859077975206,3.4154459036293017,-0.7483456136983527,1.7053249229335836
-1.0440598144797306,1.8734099685611443,-11.460434888519641,3.4106498458671672,-0.7468199371223049,1.704227161236432
-1.0496196463769483,1.8725541363417846,-11.462410469808047,3.408454322472864,-0.7451082726835856,1.7014912123558137
-1.0578202976722153,1.8721104784648568,-11.463810613947455,3.4029824247116274,-0.7442209569297298,1.699563499239289
-1.0718276592634552,1.8726206400804117,-11.463749760576585,3.399126998478578,-0.7452412801608398,1.703862793535446
-1.0891857519725452,1.872853153767844,-11.464116465231264,3.407725587070892,-0.7457063075357042,1.7066896009730932
-1.104381410837135,1.8726246424224084,-11.465137717746456,3.4133792019461864,-0.7452492848448333,1.710519289565723
-1.1156306179629123,1.8724567247702169,-11.466153963444148,3.421038579131446,-0.7449134495404499,1.711463012210711
-1.1280295892713088,1.8722846154422221,-11.46717375217461,3.422926024421422,-0.7445692308844607,1.7119382525649598
-1.1369068480032531,1.8719905250190487,-11.468306339949468,3.4238765051299196,-0.7439810500381141,1.7145280455776801
-1.1439170044660525,1.8714236291863624,-11.4698555164315,3.4290560911553603,-0.7428472583727416,1.715216286753609
-1.1527607334694547,1.871796193502649,-11.470051634307204,3.430432573507218,-0.743592387005315,1.7166026351442134
-1.1691119381451252,1.8709643162771794,-11.472028265821118,3.433205270288427,-0.7419286325543759,1.7129001530007142
-1.1764983558849949,1.8705305096458649,-11.473399939857595,3.4258003060014284,-0.741061019291747,1.7134216281457932
-1.1826880863094331,1.8704891536095625,-11.474233368549882,3.4268432562915865,-0.7409783072191419,1.714760004549073
-1.1918577935173271,1.8703481903788644,-11.475189238837327,3.429520009098146,-0.7406963807577457,1.714929135388537
-1.2008249991495124,1.8702072202451636,-11.476153521638052,3.429858270777074,-0.7404144404903444,1.718806902912653
-1.2106123879598005,1.8697955136652382,-11.47747716089844,3.437613805825306,-0.7395910273304935,1.7182829844444067
-1.2211959605679255,1.8706024108464592,-11.477044806375224,3.4365659688888135,-0.7412048216929354,1.7268642565634136
-1.2318262769489419,1.8704138585280423,-11.478062078320914,3.453728513126827,-0.7408277170561017,1.7290475901378373
-1.2338958939533988,1.869920955077119,-11.47951458695686,3.4580951802756745,-0.7398419101542552,1.7299166815278164
-1.2349742556467689,1.8704068427396312,-11.479549936875175,3.459833363055633,-0.7408136854792798,1.7359645296403403
-1.235558083273368,1.869893880018964,-11.481107519071744,3.4719290592806806,-0.7397877600379451,1.7347492181907156
-1.2268108348874627,1.8698995233014588,-11.48187519389196,3.469498436381431,-0.7397990466029347,1.7339858695454125
-1.2172996715311513,1.8689653899369996,-11.484011660482825,3.467971739090825,-0.7379307798740162,1.728821565766066
-1.2028407955301716,1.869261283968132,-11.484359789893096,3.457643131532132,-0.7385225679362811,1.734456349390919
-1.198449976801843,1.8681896102928641,-11.486747685601918,3.468912698781838,-0.7363792205857455,1.7255722968261376
-1.1900994387217754,1.8677418970547233,-11.488148515356157,3.451144593652275,-0.7354837941094636,1.727423106623545
-1.1873010929448142,1.8668333679274798,-11.490234099824319,3.45484621324709,-0.7336667358549765,1.7236137265571176
-1.1846399298451775,1.866750400328196,-11.491144282657732,3.4472274531142353,-0.7335008006564092,1.7232293747156215
-1.1875219860936514,1.866591706947496,-11.492107609511415,3.446458749431243,-0.7331834138950091,1.7228516797234164
-1.1891514465710156,1.86638089143195,-11.493154364225218,3.4457033594468327,-0.7327617828639171,1.7222947258794328
-1.1885559997891981,1.8657871968109911,-11.494768406810635,3.4445894517588656,-0.7315743936219993,1.7211778981793033
-1.1900292406021595,1.8659353940030867,-11.495369830763451,3.4423557963586067,-0.7318707880061905,1.7257140999771539
-1.1921099767659467,1.8655864905224917,-11.496671260503929,3.4514281999543077,-0.7311729810450006,1.7260192067936468
-1.190047970131367,1.8654083534080144,-11.497682724839066,3.4520384135872937,-0.7308167068160459,1.7259145258354824
-1.1900434390416983,1.866084368394371,-11.497499845370374,3.451829051670965,-0.7321687367887592,1.7291508582323032
-1.192340710715369,1.8660470180889142,-11.49835469186985,3.4583017164646064,-0.7320940361778454,1.7275914024070083
-1.1886291922178422,1.8659075855582852,-11.49929145920029,3.4551828048140165,-0.7318151711165874,1.7323868925412345
-1.1829313537373878,1.8661062925161431,-11.499760509405657,3.464773785082469,-0.7322125850323032,1.7347218028690505
-1.1832419143722444,1.8659706679058639,-11.500765407714882,3.469443605738101,-0.7319413358117448,1.7355838506815122
-1.180850456087045,1.866420226753827,-11.500919060548085,3.4711677013630244,-0.732840453507671,1.7371777713861651
-1.1782714511473653,1.8664139799802124,-11.501677176229428,3.4743555427723303,-0.7328279599604419,1.7387633019720221
-1.1750132801908553,1.866174956083776,-11.502799156766477,3.4775266039440442,-0.7323499121675688,1.737739593500866
-1.1687822607403202,1.8656344087571246,-11.504364108526108,3.475479187001732,-0.7312688175142663,1.7350367252303218
-1.1632247542575058,1.8660554838375005,-11.5045264764044,3.4700734504606436,-0.7321109676750182,1.7375317232754608
-1.1582842513873004,1.8644947942323833,-11.507661697689036,3.4750634465509216,-0.7289895884647837,1.7271841224119562
-1.1478602804198417,1.8645465472967837,-11.508360636356551,3.4543682448239124,-0.7290930945935844,1.728621838244719
-1.1438657446588554,1.8642806356962147,-11.509518755270893,3.457243676489438,-0.7285612713924463,1.7276120225701945
-1.1367062995065123,1.8646155937078897,-11.509767905693257,3.455224045140389,-0.7292311874157962,1.731213906454695
-1.1280525489955249,1.8645925778928556,-11.510601787705907,3.46242781290939,-0.7291851557857283,1.7320739458424603
-1.1164251481116665,1.864660950118313,-11.51121845217627,3.4641478916849207,-0.7293219002366429,1.734390599016578
-1.1045906361239233,1.8640163497234825,-11.513005978269407,3.468781198033156,-0.7280326994469822,1.7281184259155697
-1.0896532339258052,1.8633754989786107,-11.514711463319415,3.4562368518311395,-0.7267509979572385,1.7267565383988959
-1.0752823748674274,1.863197802003904,-11.515718800518052,3.4535130767977917,-0.7263956040078252,1.729095100480534
-1.0663120602500769,1.8621599569476215,-11.51799733725199,3.458190200961068,-0.7243199138952604,1.7253282893602768
-1.0546634204721297,1.8612944679656682,-11.520013589271452,3.4506565787205536,-0.722588935931354,1.7215248050553247
-1.0479570031006151,1.861323687371216,-11.520700872168662,3.4430496101106494,-0.7226473747424497,1.7263273206609795
-1.0517085848433592,1.8605811789491602,-11.522559300853302,3.452654641321959,-0.721162357898338,1.723767281785879
-1.0535716631093628,1.860839732903187,-11.522895918959904,3.447534563571758,-0.7216794658063914,1.7270950543475978
-1.0613124652879566,1.8612919962270726,-11.523013564994422,3.4541901086951956,-0.7225839924541628,1.7281700323913445
-1.0695213771820296,1.8603940163044552,-11.52513058519949,3.456340064782689,-0.7207880326089278,1.7244149949269658
-1.0716583978588314,1.859688870740141,-11.526907378348055,3.4488299898539316,-0.7193777414802998,1.7230263280997709
-1.0814466765210344,1.8600661976586337,-11.527109571193456,3.4460526561995417,-0.7201323953172849,1.7249035393847318
-1.0976937047922366,1.859725856937258,-11.528370699067489,3.4498070787694637,-0.7194517138745334,1.7246691067090818
-1.1092671945707657,1.8587502924653019,-11.530587690354475,3.4493382134181636,-0.7175005849306213,1.7217561857280916
-1.1184922194026097,1.8585998476403667,-11.531561901717978,3.4435123714561833,-0.7171996952807508,1.7231138040570841
-1.1370128731957152,1.8581868798206904,-11.532980696014523,3.4462276081141683,-0.7163737596413984,1.7193058250946032
-1.1482454002756022,1.8579840719977418,-11.534082313653462,3.4386116501892063,-0.7159681439955013,1.7199060309171865
-1.1624595902458559,1.8575133388873257,-11.53551709225469,3.439812061834373,-0.7150266777746692,1.7225785013321202
-1.175815934798429,1.856922938819826,-11.537157856557481,3.4451570026642404,-0.7138458776396699,1.7250677404710184
-1.193002416105914,1.855172296224033,-11.540453720420825,3.450135480942037,-0.7103445924480838,1.715896538160116
-1.2101986166737078,1.8550192332144857,-11.54145637075111,3.431793076320232,-0.7100384664289895,1.7167318294887413
-1.2399581508606232,1.8545049969337324,-11.542978570997454,3.4334636589774825,-0.7090099938674831,1.7163912085865494
-1.2662528103101067,1.8550228039530028,-11.542986626263994,3.4327824171730987,-0.7100456079060239,1.7212766149764114
-1.2942241103243646,1.8539189056022873,-11.545361745273357,3.4425532299528228,-0.707837811204593,1.7153699128343152
-1.314194020439011,1.8527343246517114,-11.547858790917088,3.4307398256686303,-0.7054686493034412,1.7105861176015489
-1.3338136446219515,1.8524082857841393,-11.549122271910585,3.4211722352030978,-0.7048165715682969,1.711755292623845
-1.356505752535897,1.851395190744932,-11.551362573983468,3.42351058524769,-0.7027903814898822,1.7074261562085855
-1.3787779326386929,1.8506101722754595,-11.553262916078403,3.414852312417171,-0.7012203445509374,1.7064143916619257
-1.402286048981491,1.8496668710596393,-11.555385198993063,3.4128287833238513,-0.6993337421192969,1.705524339295012
-1.4300650048235966,1.849255456091939,-11.556757759460409,3.411048678590024,-0.6985109121838962,1.7044382382906653
-1.465583439237074,1.8490461895477546,-11.557810697948876,3.4088764765813306,-0.6980923790955272,1.7101477595099173
-1.498506525252452,1.8490666397897173,-11.55850325808231,3.4202955190198345,-0.6981332795794525,1.7107454041262589
-1.5287207854408482,1.8478915011589974,-11.561030762183075,3.4214908082525177,-0.6957830023180124,1.70663790689672
-1.5569582711130607,1.8476316264159998,-11.562174634872633,3.41327581379344,-0.6952632528320172,1.7068107533755175
-1.5906888627497526,1.8473183539349485,-11.563392147738323,3.413621506751035,-0.6946367078699145,1.7124315297796053
-1.6197989108824729,1.84643982308298,-11.565446327016147,3.4248630595592107,-0.6928796461659775,1.7143466531310703
-1.6473466992275387,1.8456913344543648,-11.567294432294082,3.4286933062621405,-0.6913826689087476,1.7151398279992494
-1.6765148035459205,1.8450440278653817,-11.568969044825085,3.4302796559984987,-0.6900880557307814,1.7181053708733434
-1.707659519202645,1.8452712525820278,-11.56946137470071,3.4362107417466867,-0.6905425051640737,1.7242120377666432
-1.7406618994414966,1.8446037488417288,-11.571228259608024,3.4484240755332864,-0.6892074976834756,1.7252184001023538
-1.7661179013587436,1.8444054009332638,-11.572318138928685,3.4504368002047077,-0.6888108018665454,1.7264983918561003
-1.7863429390589793,1.844849008943494,-11.572515853988255,3.4529967837122006,-0.6896980178870057,1.7309256533382598
-1.8071196834263201,1.8450660718674792,-11.572984731368704,3.4618513066765195,-0.690132143734976,1.7365301154355048
-1.8211390544790937,1.844452337402863,-11.574636781000564,3.4730602308710097,-0.6889046748057434,1.7400747491856252
-1.8336153847395327,1.8438854710311432,-11.576307799790445,3.4801494983712504,-0.6877709420623038,1.7404251087051632
-1.8425330895670449,1.8430045232213794,-11.578453303040147,3.4808502174103264,-0.686009046442776,1.7389502659948797
-1.8464667986426093,1.842231320918125,-11.580330040332324,3.4779005319897593,-0.684462641836267,1.7410782820764727
-1.8524317575049416,1.84153568645838,-11.582156385244232,3.4821565641529455,-0.6830713729167776,1.7427788221976137
-1.856258660411406,1.841367664910528,-11.583237869680199,3.4855576443952274,-0.6827353298210731,1.7456989696776177
-1.8598675458812242,1.8396908014345559,-11.586564359006042,3.4913979393552355,-0.6793816028691292,1.7411047764412253
-1.8548146331337634,1.8386884818363076,-11.588861366195783,3.4822095528824506,-0.6773769636726324,1.737943951864454
-1.856653853726245,1.8379826910717918,-11.590678326782681,3.475887903728908,-0.6759653821436008,1.7402149593859535
-1.862424494406314,1.8384238728502442,-11.590864476380826,3.480429918771907,-0.6768477457005058,1.7429970344761294
-1.873965426591747,1.837737742203258,-11.592743679958986,3.485994068952259,-0.6754754844065333,1.738985434904676
-1.8736987732287478,1.8373199322304437,-11.594217578820134,3.477970869809352,-0.6746398644609048,1.7375796124694312
-1.8756192158098344,1.8380173062125353,-11.59405105783506,3.4751592249388623,-0.6760346124250884,1.7411454590963886
-1.8802661537523395,1.838314839609296,-11.594418938706161,3.4822909181927773,-0.6766296792186101,1.7458358458765677
-1.8751728950244413,1.8378729717607682,-11.595899136646654,3.4916716917531354,-0.6757459435215543,1.74478265149306
-1.8623342453388272,1.838003411415875,-11.596566716897991,3.48956530298612,-0.6760068228317676,1.7443836120004783
-1.8494603337147701,1.837010678711731,-11.59887301729664,3.4887672240009566,-0.6740213574234797,1.7407765435644387
-1.8340781115036116,1.836168084593713,-11.60092619723268,3.4815530871288773,-0.6723361691874432,1.7393398146433938
-1.8205233853678386,1.835955121922168,-11.602074631091147,3.4786796292867876,-0.6719102438443533,1.7421881871665594
-1.8116817995298327,1.835721849123205,-11.603235886471358,3.484376374333119,-0.6714436982464274,1.7411635447874672
-1.8063417689144927,1.8353152350412028,-11.604645303048581,3.4823270895749343,-0.6706304700824227,1.7426234147095399
-1.8030565959501637,1.8345430763281538,-11.606603164618441,3.4852468294190797,-0.6690861526563248,1.7429212288870637
-1.7979480477991707,1.834660803836071,-11.607337752762614,3.4858424577741274,-0.6693216076721592,1.7486702437954662
-1.796142402164289,1.833649792159567,-11.609667155257142,3.4973404875909324,-0.6672995843191509,1.743804606238574
-1.7867243018587935,1.8330572742250961,-11.611380578762953,3.487609212477148,-0.6661145484502091,1.7450146964428486
-1.7797112424941588,1.8332605081873568,-11.611923960941553,3.490029392885697,-0.6665210163747303,1.748808754538332
-1.7743987424055767,1.833776612117675,-11.612019485323414,3.497617509076664,-0.6675532242353668,1.754180255093359
-1.7681693705404626,1.8319361305396886,-11.61557702520566,3.508360510186718,-0.6638722610793939,1.747638970551659
-1.7453983019202202,1.8314837261430121,-11.61706085686694,3.495277941103318,-0.662967452286041,1.75163090196339
-1.7302883216055136,1.831592155171005,-11.61776184049358,3.50326180392678,-0.6631843103420269,1.7532034171981112
-1.7156069306404937,1.8321084117947843,-11.617870302149418,3.5064068343962225,-0.6642168235895854,1.7567390079990355
-1.7041335676286895,1.8314822715501895,-11.619676355132746,3.513478015998071,-0.6629645431003957,1.756072892354395
-1.6840148418909617,1.8322244240881422,-11.619408121061339,3.51214578470879,-0.6644488481763013,1.7630986682733492
-1.6688712764644897,1.8318930360301469,-11.62076139870635,3.5261973365466983,-0.6637860720603107,1.7629203742770383
-1.6513384939909823,1.8316749096422518,-11.621955572012622,3.5258407485540766,-0.6633498192845203,1.7626021803228988
-1.6379680386489035,1.8310507226925865,-11.62370930616885,3.5252043606457977,-0.66210144538519,1.7638647656395299
-1.6231177243063666,1.8301333215328677,-11.625933489794154,3.5277295312790597,-0.6602666430657521,1.761258089015315
-1.611991466236157,1.830847362280596,-11.625722154798602,3.52251617803063,-0.6616947245612091,1.7700343361435482
-1.6051944738914248,1.8301280240358466,-11.627633136445438,3.5400686722870964,-0.66025604807171,1.7674403244016281
-1.5873547132208383,1.8291511988682918,-11.63000141283004,3.5348806488032563,-0.6583023977366004,1.763696220772835
-1.5719384918754375,1.8291701689214033,-11.630881607942708,3.52739244154567,-0.6583403378428232,1.7629912013698632
-1.5633060801326728,1.8293347172537215,-11.631575681312032,3.5259824027397264,-0.6586694345074599,1.7637491776764098
-1.5534737668656895,1.8289502253157945,-11.633012384522257,3.5274983553528196,-0.6579004506316058,1.7645398192023853
-1.5382514851039613,1.8290340664991644,-11.633766257065272,3.5290796384047707,-0.6580681329983457,1.766286038825452
-1.527431658420097,1.8286253869274474,-11.635273977951355,3.532572077650904,-0.6572507738549114,1.7669667279084202
-1.5105831383619925,1.827664576967822,-11.637590604775484,3.5339334558168405,-0.6553291539356606,1.7624655878846165
-1.492152502989807,1.826647205480424,-11.63995442658695,3.524931175769233,-0.6532944109608645,1.7617582419818276
-1.4801914116511643,1.8268438032991352,-11.640488983371787,3.5235164839636552,-0.6536876065982872,1.7674988697434082
-1.4798349166070484,1.8268117539630924,-11.641427568229174,3.5349977394868164,-0.6536235079262014,1.769204461832618
-1.4697236981539277,1.8266320936214557,-11.642579392548797,3.538408923665236,-0.6532641872429281,1.7712712525542982
-1.4578244468325146,1.8256573428769785,-11.644921627127491,3.5425425051085964,-0.6513146857539738,1.7669056755379735
-1.4461250339626872,1.826078879056445,-11.645175822859052,3.533811351075947,-0.6521577581129068,1.773443823527073
-1.4461937234870135,1.8258158207517312,-11.646461555508488,3.546887647054146,-0.6516316415034791,1.771362223258087
-1.439851070523412,1.8254780222391132,-11.6478470289346,3.542724446516174,-0.6509560444782427,1.7714040878105888
-1.4393278823785032,1.8241450547777307,-11.650800385334204,3.5428081756211776,-0.6482901095554777,1.7599753938929383
-1.4368981546914625,1.8241752684037489,-11.6516392578972,3.5199507877858767,-0.6483505368075143,1.7625712877296749
-1.4439368196383775,1.8237783737622562,-11.653012405478025,3.5251425754593497,-0.6475567475245289,1.763859253735757
-1.4472711182757774,1.824580446022258,-11.652726035903047,3.527718507471514,-0.6491608920445326,1.7690996969849173
-1.4514143789554605,1.8247332441411892,-11.65340000027116,3.5381993939698346,-0.6494664882823947,1.7736332049956047
-1.453935834151837,1.8253208231035432,-11.653438581406679,3.5472664099912095,-0.6506416462071027,1.7765435262190243
-1.4535490312323702,1.8252017574566062,-11.654518191709505,3.5530870524380487,-0.650403514913229,1.7774038650383117
-1.4438045100960615,1.825665090951162,-11.654709745483322,3.5548077300766234,-0.6513301819023408,1.7819434798596605
-1.4365840373759458,1.8258106364687414,-11.655423925910494,3.563886959719321,-0.6516212729374998,1.78421936687561
-1.4272749464124175,1.8258310591819797,-11.656282420132019,3.56843873375122,-0.6516621183639765,1.7870795486495938
-1.4153177324311699,1.8267575013798307,-11.65579287625916,3.5741590972991877,-0.6535150027596787,1.7911807435583542
-1.4062685822173258,1.827084616245391,-11.65623254227588,3.5823614871167084,-0.6541692324907996,1.7921805956363344
-1.3889189369760473,1.827090145460302,-11.65715965143915,3.5843611912726687,-0.6541802909206212,1.7936328037633422
-1.364582511705832,1.8274200614968708,-11.657576934924565,3.5872656075266844,-0.654840122993759,1.7983479887181595
-1.336328977056798,1.8270260496109771,-11.659107403404192,3.596695977436319,-0.6540520992219719,1.796663179858464
-1.3058690741342645,1.8270795046970756,-11.660006299455468,3.593326359716928,-0.6541590093941689,1.794253640904351
-1.2787170672519768,1.8271116106130243,-11.660874832851432,3.588507281808702,-0.6542232212260661,1.7964513284465142
-1.250827945893608,1.8266653258599983,-11.662515335494009,3.5929026568930285,-0.6533306517200141,1.7956932791599407
-1.2172044576033407,1.8266422045227517,-11.663470389824216,3.5913865583198814,-0.653284409045521,1.7950237434640055
-1.189662318099714,1.826396234512563,-11.66477085226166,3.590047486928011,-0.6527924690251435,1.794174486687879
-1.1609338260929558,1.8272262450250618,-11.664475278086892,3.588348973375758,-0.6544524900501413,1.7974416202474874
-1.1350651833034355,1.828448843426626,-11.663580007013458,3.594883240494975,-0.6568976868532693,1.8004096282477875
-1.1000515199210081,1.828758554908667,-11.664003057977476,3.600819256495575,-0.6575171098173513,1.80608281556718
-1.0571049515312776,1.8299240020245202,-11.663193951213445,3.61216563113436,-0.659848004049058,1.8108517258124603
-1.0135570957618185,1.8292128597832564,-11.665224970493643,3.6217034516249207,-0.6584257195665302,1.8060715764070074
-0.9642535791775426,1.8292859388595615,-11.666104962097064,3.612143152814015,-0.6585718777191404,1.803146048549144
-0.9222810433832969,1.8296090864263244,-11.666538829496425,3.606292097098288,-0.6592181728526664,1.8039111477224594
-0.884918468199908,1.8297694838721907,-11.66724856830607,3.607822295444919,-0.6595389677443992,1.805121229030317
-0.8461745480073652,1.8305245494607434,-11.667056665631707,3.610242458060634,-0.6610490989215045,1.8074746805728088
-0.8118761775897969,1.8310316072864339,-11.667202077743296,3.6149493611456176,-0.6620632145728856,1.8083771380835854
-0.7752242920691437,1.8305095860812968,-11.668921155461879,3.6167542761671707,-0.6610191721626114,1.804597428334344
-0.7349604707761923,1.8306244477367362,-11.669664456323817,3.609194856668688,-0.6612488954734902,1.8027311583990644
-0.7052913792029543,1.8312912655146334,-11.669599098918553,3.605462316798129,-0.6625825310292845,1.80542007603002
-0.6796795020544621,1.8323922480623578,-11.668870003126408,3.61084015206004,-0.6647844961247336,1.8138902223500206
-0.6533748332274687,1.8329995112517974,-11.668922851782048,3.6277804447000412,-0.6659990225036126,1.8148557854866285
-0.6232772888808622,1.8325894797556515,-11.670479775342898,3.629711570973257,-0.665178959511321,1.8135222263480808
-0.5872366583636719,1.832184774088207,-11.671994254282739,3.6270444526961616,-0.6643695481764319,1.810655158061943
-0.5551530270025768,1.8318062245585056,-11.673491310236622,3.621310316123886,-0.6636124491170294,1.8095452972864585
-0.5269019518968197,1.8317460132088712,-11.674519903208862,3.619090594572917,-0.6634920264177608,1.808517304555644
-0.500766918443583,1.832980749129893,-11.67361368192225,3.617034609111288,-0.6659614982598046,1.8161616400335747
-0.4796793450361392,1.8335707258691671,-11.673680254947904,3.6323232800671494,-0.6671414517383528,1.817614824898895
-0.4508633110210898,1.8338454074423132,-11.674178504066997,3.63522964979779,-0.667690814884645,1.820120983718481
-0.4241866958647087,1.8343394729493285,-11.67438641269401,3.640241967436962,-0.6686789458986758,1.8191337572920474
-0.4046964676313891,1.8339736501531199,-11.675876502968675,3.638267514584095,-0.6679473003062584,1.81550450087538
-0.3837066919981762,1.834168231475645,-11.67654967142665,3.63100900175076,-0.6683364629513084,1.8152370168901295
-0.37351383908923275,1.8338768415694677,-11.677902358399862,3.630474033780259,-0.6677536831389541,1.8131682352386702
-0.3592566783438542,1.834036801482404,-11.678591786307717,3.6263364704773404,-0.6680736029648268,1.813104676474384
-0.3492750108984506,1.8343036008706832,-11.67913175077806,3.626209352948768,-0.6686072017413853,1.8115337980989987
-0.3416871973194926,1.83455860045371,-11.67969417990885,3.6230675961979975,-0.669117200907439,1.814787028010254
-0.334777416715637,1.834253908188192,-11.681135136272509,3.629574056020508,-0.6685078163764027,1.8102996331645507
-0.33019266806516434,1.8342028092207021,-11.682130753460187,3.6205992663291013,-0.6684056184414231,1.8104923822245877
-0.33146549083746457,1.8349821572730716,-11.681886801989844,3.6209847644491755,-0.6699643145461618,1.818542921407329
-0.3335838350547373,1.8352985170879386,-11.682367396990237,3.637085842814658,-0.6705970341758959,1.8193821972706783
-0.332022666081496,1.8354176339682222,-11.683097916282051,3.6387643945413566,-0.6708352679364634,1.8187762098064808
-0.33269443024900447,1.8361878940709468,-11.682911550941332,3.6375524196129616,-0.6723757881419126,1.818683676316051
-0.3409030448612089,1.8363600773105764,-11.683583877185859,3.637367352632102,-0.6727201546211714,1.8179995575019445
-0.347540713221667,1.8371325709527728,-11.683369744099153,3.635999115003889,-0.6742651419055642,1.8186796355876347
-0.35347491678925635,1.8376438506287143,-11.683551440347363,3.6373592711752694,-0.6752877012574469,1.8176572149988361
-0.35336696666320755,1.8378287765420434,-11.684198191179664,3.6353144299976723,-0.6756575530841049,1.8177669554618265
-0.34848469135906157,1.8381957136757745,-11.68458091342898,3.635533910923653,-0.6763914273515671,1.8181482801122766
-0.3432005184739051,1.838564040492038,-11.684936635721497,3.636296560224553,-0.6771280809840944,1.8208535643821395
-0.34291582555006705,1.8393964770660949,-11.684626439384333,3.641707128764279,-0.6787929541322082,1.8245320293983807
-0.3451881541309607,1.8394989249135059,-11.685376371452746,3.6490640587967613,-0.6789978498270303,1.8241313900416567
-0.3429700101241444,1.8403088156055074,-11.685096049710637,3.6482627800833134,-0.6806176312110334,1.8265264708196252
-0.3446220254625185,1.8417444610759597,-11.683887793728587,3.6530529416392503,-0.6834889221519379,1.8291927052900452
-0.34198535260987484,1.8419965175268669,-11.684422485878894,3.6583854105800904,-0.6839930350537524,1.830680850361238
-0.3297820983331192,1.8426247890235155,-11.684431888911044,3.661361700722476,-0.6852495780470494,1.8320373607215785
-0.3158252550744969,1.8428744101956225,-11.68496414438022,3.664074721443157,-0.6857488203912636,1.8362698182296266
-0.2985824003693285,1.8424446403276442,-11.68656464386324,3.6725396364592533,-0.6848892806553073,1.8328073815725627
-0.27970667459002563,1.842933637684716,-11.686797031234788,3.6656147631451255,-0.6858672753694512,1.832173984110077
-0.2665237932259661,1.843130487962241,-11.687498767483838,3.664347968220154,-0.6862609759245011,1.8284576742185252
-0.24871946891798125,1.8435276142787178,-11.687834873815195,3.6569153484370505,-0.6870552285574548,1.827589422001206
-0.23035906298525965,1.8432598464727312,-11.689189674319657,3.655178844002412,-0.6865196929454817,1.822589588453403
-0.21244865525593148,1.8435021792322281,-11.689755221023818,3.645179176906806,-0.6870043584644753,1.823390478853393
-0.19890047116131093,1.8436202455192676,-11.690504742502405,3.646780957706786,-0.6872404910385543,1.8244061772141678
-0.1846505305645696,1.8436883353483808,-11.691346758406562,3.6488123544283355,-0.6873766706967808,1.8230376209252175
-0.17385492199227315,1.8441711918415875,-11.691591230535975,3.646075241850435,-0.688342383683194,1.8219992285465452
-0.16490246673894404,1.8437674155578605,-11.69308644301089,3.6439984570930903,-0.6875348311157398,1.820718574390573
-0.15567636408665386,1.8443591320937693,-11.693103687116448,3.641437148781146,-0.6887182641875573,1.8214181376313137
-0.15382598327816766,1.8448102198033036,-11.693353300369186,3.6428362752626273,-0.6896204396066259,1.8218472213495824
-0.14995031143987347,1.8453486816323155,-11.693519828190722,3.643694442699165,-0.6906973632646496,1.8218558642312404
-0.14622393944607914,1.8456222766888395,-11.694009454158769,3.6437117284624807,-0.6912445533776974,1.8246807919623356
-0.14144154833348566,1.8467861373531869,-11.693222965244072,3.649361583924671,-0.693572274706392,1.8293367734927544
-0.14212548653156176,1.8476582973070506,-11.692849775582037,3.6586735469855087,-0.6953165946141192,1.8298629025761346
-0.13698174203683777,1.8477747390537531,-11.693631355460475,3.659725805152269,-0.6955494781075245,1.82784105206737
-0.1300090335396895,1.8481723277452184,-11.694015807126236,3.65568210413474,-0.6963446554904554,1.8259734676036796
-0.13115408511786164,1.8481800741601777,-11.694930858257248,3.6519469352073592,-0.696360148320374,1.8229037584149133
-0.13109272705494313,1.8487773155784102,-11.69499267165147,3.6458075168298265,-0.6975546311568389,1.823144329187969
-0.1360240676364235,1.8495513605925988,-11.694829117246298,3.646288658375938,-0.6991027211852163,1.8230707699555253
-0.1399623193191264,1.850154337384737,-11.694857952001254,3.6461415399110506,-0.7003086747694927,1.823073750617576
-0.1378492178181343,1.8511647343344715,-11.6942885646184,3.646147501235152,-0.7023294686689621,1.8260833225483872
-0.13640610306626044,1.851649564699983,-11.694495926019474,3.6521666450967745,-0.7032991293999853,1.8245297844501058
-0.12964758660246467,1.8513228742987096,-11.695895793980943,3.6490595689002117,-0.7026457485974383,1.8216089040018333
-0.12062555714319778,1.8518840962666658,-11.695997557015097,3.6432178080036666,-0.7037681925333509,1.8202058334534217
-0.11423663367109782,1.8522135632030374,-11.69641497744725,3.6404116669068434,-0.7044271264060942,1.8202860012444806
-0.10581751994275379,1.8528268420527358,-11.696446979673832,3.640572002488961,-0.7056536841054911,1.8197896217940008
-0.09713189927959398,1.8527807532101392,-11.697431163947668,3.6395792435880017,-0.7055615064202979,1.8185892733548892
-0.08418086064312114,1.854227779498363,-11.696204599593434,3.6371785467097784,-0.7084555589967453,1.8241665904101902
-0.0776729095361759,1.8544235632259578,-11.696851514168477,3.6483331808203805,-0.7088471264519348,1.8223021348630073
-0.058575755609998836,1.8543403669614855,-11.69792553164378,3.6446042697260146,-0.70868073392299,1.817856841682875
-0.040884352341999275,1.8551912994889819,-11.697576832100918,3.63571368336575,-0.7103825989779826,1.8194308627611637
-0.028347651956876163,1.8560917216572212,-11.697171917488335,3.6388617255223275,-0.7121834433144613,1.8217736620830176
-0.014449909866318222,1.8573046659369308,-11.696273218657222,3.643547324166035,-0.7146093318738802,1.824717749785297
0.0016909470882708888,1.857319694925716,-11.697175856973187,3.649435499570594,-0.7146393898514508,1.8220255847399456
0.020901301613706735,1.8580697180430186,-11.696954824220084,3.644051169479891,-0.7161394360860558,1.8250797638197174
0.03364161053609749,1.8581658587516396,-11.6977080291455,3.6501595276394347,-0.7163317175032979,1.821765634379708
0.05094315626048029,1.857572247872616,-11.699527572393691,3.643531268759416,-0.7151444957452507,1.816387079653829
0.06819758321123537,1.8583479199477544,-11.699291551589253,3.632774159307658,-0.7166958398955277,1.8163374607991452
0.07883249343979415,1.8591010758697946,-11.699067516891125,3.6326749215982903,-0.7182021517396082,1.8180845959303333
0.09004896180188737,1.8602139092104795,-11.69832969638368,3.6361691918606667,-0.7204278184209782,1.8193910210419377
0.09986654041980003,1.8612299858413905,-11.697717092996514,3.6387820420838755,-0.7224599716828002,1.819311580242605
0.1121566451327709,1.8619587587350264,-11.697561186528137,3.63862316048521,-0.7239175174700719,1.8198078920314655
0.12475465492268434,1.8623557360530842,-11.697881175514352,3.639615784062931,-0.7247114721061877,1.8183193813787502
0.13892114529151733,1.8620634498809099,-11.69920167812004,3.6366387627575003,-0.7241268997618391,1.8141141871945132
0.15777471585878367,1.8626138084482327,-11.699275169541067,3.6282283743890265,-0.7252276168964844,1.8149663227171426
0.16982673947420324,1.8630580900122478,-11.699514282034027,3.6299326454342853,-0.7261161800245146,1.8143834332058093
0.1827133860464354,1.863238914387073,-11.700138924096875,3.6287668664116186,-0.726477828774165,1.8137303528795463
0.1948293180756,1.8638923874051445,-11.70007721801657,3.6274607057590926,-0.7277847748103085,1.814195290929544
0.20631313130752105,1.864901448324059,-11.699463297398967,3.628390581859088,-0.7298028966481372,1.8160578858042866
0.212046374669427,1.8651272354048223,-11.700042148732777,3.6321157716085732,-0.7302544708096638,1.8132108299970433
0.2233559012000974,1.865800878578141,-11.69996197706643,3.6264216599940866,-0.7316017571563014,1.8144888953526614
0.23450915126679206,1.866746029591991,-11.699461098063678,3.628977790705323,-0.7334920591840016,1.8163666453467473
0.24352268379700526,1.8674011939784887,-11.699417990344893,3.6327332906934946,-0.7348023879569967,1.8162705778989845
0.25300431929797185,1.868443845689154,-11.698770663884531,3.632541155797969,-0.736887691378327,1.8154769783896523
0.25802469478134604,1.869361250199207,-11.698291970171315,3.6309539567793045,-0.738722500398433,1.8172765988166628
0.26807261348386646,1.8697355365252266,-11.698618524995293,3.6345531976333256,-0.7394710730504723,1.8158535863559548
0.2798966819569717,1.8698457352280977,-11.699322141144973,3.6317071727119097,-0.7396914704562144,1.8157295081591103
0.293279017771658,1.8702886266985215,-11.69952699053452,3.6314590163182205,-0.740577253397062,1.8160370931707508
0.3086929751092349,1.8710063365137526,-11.699348214493755,3.6320741863415016,-0.7420126730275242,1.8185552971101728
0.3213210068690735,1.8715699573855684,-11.699373677809403,3.6371105942203457,-0.743139914771156,1.8183479979801846
0.33368728315469376,1.8721622933100823,-11.69938339050556,3.6366959959603693,-0.744324586620184,1.8174599449474487
0.34269274218599577,1.8722922354574614,-11.700075418345957,3.6349198898948973,-0.7445844709149422,1.8147831557588274
0.35018582639921547,1.8721444980674553,-11.701194879283797,3.629566311517655,-0.7442889961349299,1.8106541780088725
0.3549373030251388,1.872922493428407,-11.700919693046885,3.621308356017745,-0.7458449868568332,1.8101642722345277
0.35428275291438105,1.8727206674469983,-11.702118145518124,3.6203285444690554,-0.7454413348940157,1.8037713051838702
0.3609335361480621,1.8731185426397914,-11.702396559750984,3.6075426103677404,-0.7462370852796019,1.8029048422633225
0.36202599568243343,1.8740221683851184,-11.701933637344752,3.605809684526645,-0.748044336770256,1.804002984083596
0.3612915868018032,1.874217494650548,-11.702527392136112,3.608005968167192,-0.7484349893011153,1.801730478206827
0.3656719436677207,1.8733110449448631,-11.704764843578895,3.603460956413654,-0.7466220898897455,1.7920520870464787
0.37021998913441223,1.8735329413921138,-11.70528377756393,3.5841041740929573,-0.747065882784247,1.7917262616967908
0.3623699105618705,1.8743112265871298,-11.70493757856919,3.5834525233935817,-0.7486224531742788,1.7937941581807608
0.35280081751759873,1.8743675542089213,-11.705736298118126,3.5875883163615216,-0.7487351084178617,1.789763450978132
0.3454117389872611,1.8747775031515734,-11.706000736918629,3.579526901956264,-0.7495550063031661,1.7894415896554696
0.3324528232174533,1.8755683387255855,-11.705697706545326,3.5788831793109392,-0.75113667745119,1.790171344243165
0.31715009776276837,1.8750823056013008,-11.707287655798615,3.58034268848633,-0.7501646112026207,1.7842400907138611
0.3035852268359811,1.8760801763177841,-11.70665822457984,3.5684801814277223,-0.7521603526355871,1.7904420135633807
0.27932504629377064,1.8767886510361536,-11.706465543046157,3.5808840271267615,-0.7535773020723261,1.7921294452390373
0.25900717499940384,1.876719338503052,-11.707408478104742,3.5842588904780746,-0.753438677006123,1.7903895305433835
0.24369037868596344,1.8765373136351025,-11.708527802723816,3.580779061086767,-0.7530746272702238,1.7885745998785032
0.22629941037237877,1.8777055409158554,-11.707634647211426,3.5771491997570064,-0.7554110818317296,1.7899447388104168
0.20129529394609058,1.8776451792592581,-11.708589217819494,3.5798894776208336,-0.7552903585185351,1.7852523270396228
0.18287683992496895,1.878620417140651,-11.708006581506204,3.5705046540792456,-0.7572408342813209,1.788016872645455
0.15902302427119253,1.8791625777156946,-11.708075280878356,3.57603374529091,-0.758325155431408,1.7881790716970865
0.14106050183621122,1.8800654749273897,-11.707575232438877,3.576358143394173,-0.7601309498547982,1.789885854878428
0.12613499616999846,1.8805158421043355,-11.707756293166035,3.579771709756856,-0.7610316842086897,1.789201423682126
0.11361757099847836,1.8810714007838918,-11.707770358994171,3.578402847364252,-0.7621428015678025,1.7882095939572682
0.10468716800962596,1.8811745975480714,-11.708444497341421,3.5764191879145364,-0.7623491950961617,1.786914531278288
0.09837016836371859,1.8820330447441953,-11.708019900961713,3.573829062556576,-0.7640660894884097,1.7879083535288063
0.08680938851830078,1.881683110556361,-11.70938096860609,3.5758167070576126,-0.7633662211127411,1.7833643928966696
0.08238636275596534,1.8823926080512123,-11.7092097515434,3.566728785793339,-0.7647852161024439,1.784577202310015
0.0787036400051715,1.8835717751841239,-11.708319954741881,3.56915440462003,-0.767143550368267,1.7866542373012146
0.07712386080652855,1.8840222149922812,-11.708457823588244,3.5733084746024293,-0.7680444299845814,1.7872232740906957
0.08026750635587732,1.8844293764823878,-11.708693395232528,3.5744465481813914,-0.7688587529647947,1.786045253089719
0.08629576494081626,1.8846790409529697,-11.709197679921187,3.572090506179438,-0.7693580819059581,1.782774522194443
0.09348068725703662,1.8839779542877033,-11.711063667638472,3.565549044388886,-0.7679559085754254,1.7765412919159154
0.10089397082482066,1.8847067005342322,-11.710772226135207,3.5530825838318307,-0.7694134010684832,1.781081631089831
0.10436108763393115,1.885103838479464,-11.710971016985917,3.562163262179662,-0.770207676958947,1.782083325024539
0.10780713277901732,1.8858103763160714,-11.710722469728118,3.564166650049078,-0.7716207526321616,1.7869221351757263
0.10941327956164137,1.8854884474457272,-11.712011325326547,3.5738442703514526,-0.7709768948914729,1.7826641805214878
0.11795288620955802,1.8856482841002855,-11.712626832791207,3.5653283610429756,-0.7712965682005897,1.782055757676584
0.12508489040988557,1.8858624399047168,-11.713119246161087,3.564111515353168,-0.771724879809452,1.7797088331871502
0.12713154254116787,1.8865132140830616,-11.712972561478608,3.5594176663743005,-0.7730264281661414,1.7795230416105805
0.12972010509334986,1.8874230009898798,-11.712451972914735,3.559046083221161,-0.7748460019797777,1.7808751161250347
0.1301817383235555,1.8874497876078646,-11.713220570662303,3.5617502322500694,-0.7748995752157471,1.7819156034038233
0.1349095623932417,1.8871825136348432,-11.714405699920649,3.5638312068076465,-0.7743650272697045,1.7794506423317153
0.13598739820634087,1.8871576860953208,-11.715272869735147,3.5589012846634307,-0.7743153721906596,1.776825739650382
0.13303344833031971,1.8871882189997364,-11.71604401520153,3.553651479300764,-0.774376437999491,1.7743302390603304
0.1270435055128658,1.88765912075253,-11.71615169811549,3.5486604781206608,-0.7753182415050779,1.7726822813275533
0.11959239760417084,1.8884148930244071,-11.715859691886228,3.5453645626551067,-0.7768297860488323,1.7730798800344891
0.10943381685497577,1.8884902559907681,-11.71653464098337,3.5461597600689783,-0.7769805119815544,1.7714561329101146
0.10642441360260513,1.8885255477719456,-11.71728712608972,3.5429122658202292,-0.7770510955439095,1.7681910081678884
0.10032232959956744,1.8885135603259724,-11.718122928772113,3.536382016335777,-0.7770271206519632,1.76457176008677
0.08839738081119286,1.8886308635629565,-11.718734897059441,3.52914352017354,-0.7772617271259316,1.762352156791872
0.07380957756547168,1.8886813097079524,-11.71942366074492,3.524704313583744,-0.7773626194159233,1.7624283922932842
0.05794343750111253,1.8896039736903183,-11.718862287689783,3.5248567845865684,-0.7792079473806548,1.7650562828080274
0.03904387055530201,1.8900376183275105,-11.719043557048849,3.530112565616055,-0.7800752366550391,1.7654670263332115
0.02957910422550647,1.8903547711647641,-11.719354706761592,3.530934052666423,-0.7807095423295463,1.7644714478715882
0.019038449706094696,1.889803459690296,-11.720951919560523,3.5289428957431763,-0.7796069193806101,1.7597327841924977
0.01048939121493575,1.8906011627382917,-11.720558150303694,3.5194655683849954,-0.7812023254766016,1.7626984630695455
-0.00735882616111283,1.890848918923694,-11.720974704303078,3.525396926139091,-0.7816978378474062,1.76293340508498
-0.017911690348187292,1.8912072638121435,-11.72121145131044,3.52586681016996,-0.782414527624305,1.7649069949962095
-0.02794599030273126,1.8913938750338983,-11.7217126984941,3.529813989992419,-0.7827877500678145,1.7658426003828418
-0.03640188270599154,1.8915491701150997,-11.72230530164774,3.5316852007656836,-0.7830983402302171,1.7635734328487627
-0.04667839226941162,1.8921967563378104,-11.722142236421488,3.5271468656975253,-0.7843935126756384,1.7651109334831292
-0.061670142605965594,1.892675742073223,-11.72222342022535,3.5302218669662584,-0.7853514841464637,1.7665499586682376
-0.07260418332525553,1.8923593052087035,-11.723485949012819,3.533099917336475,-0.7847186104174247,1.7628410489652122
-0.07730448726771044,1.892224213941052,-11.72445943207682,3.5256820979304244,-0.7844484278821212,1.761016594592479
-0.0833197512869539,1.892465262047567,-11.724949967136288,3.522033189184958,-0.7849305240951515,1.7599612396358377
-0.09043434910959292,1.8922077840030815,-11.726097303797795,3.5199224792716755,-0.7844155680061804,1.7560500122757723
-0.09699786374839903,1.8930786895364848,-11.725597120622902,3.5121000245515446,-0.786157379072987,1.758216038569153
-0.11090716047376858,1.8932455666508152,-11.726108377432094,3.516432077138306,-0.7864911333016475,1.7619099237872948
-0.1184239232304698,1.8924030681626687,-11.7281139991246,3.5238198475745897,-0.7848061363253546,1.7559220963339466
-0.12219694794982949,1.8925464911745342,-11.728621526406346,3.511844192667893,-0.7850929823490854,1.7548220614430956
-0.13182325441749754,1.8924071374974938,-11.729599398884044,3.509644122886191,-0.7848142749950046,1.7536555278789066
-0.1400122483125834,1.8934369881573003,-11.728819666665347,3.507311055757813,-0.7868739763146178,1.7567189190596824
-0.15152294054567683,1.893812552819771,-11.729051804211469,3.5134378381193647,-0.7876251056395588,1.7554551791442612
-0.16025626847653207,1.893551903258063,-11.730223382283032,3.5109103582885224,-0.7871038065161432,1.7512230952441354
-0.16720874866396684,1.8944153557786625,-11.729720524254143,3.502446190488271,-0.788830711557342,1.7545396050843285
-0.1793300221439491,1.894879998843764,-11.729787989086736,3.509079210168657,-0.7897599976875449,1.75499307666247
-0.18284811103065302,1.8955235100178152,-11.729634715011215,3.50998615332494,-0.7910470200356472,1.7566303527877671
-0.18801753659421827,1.8958749672386273,-11.729931961017392,3.5132607055755343,-0.7917499344772714,1.754707543304885
-0.18991459992888515,1.896173184245579,-11.730300707869203,3.50941508660977,-0.7923463684911748,1.754324044339316
-0.1912570737023458,1.8962401025360278,-11.73096669053861,3.508648088678632,-0.7924802050720726,1.754309842975323
-0.19105518869640825,1.8966981150022708,-11.731033504941532,3.508619685950646,-0.7933962300045584,1.75688154964764
-0.1918539587914605,1.8968130749268557,-11.73167096448173,3.51376309929528,-0.7936261498537283,1.7528112280571702
-0.19232885370222164,1.8964233659527465,-11.73306499134185,3.5056224561143403,-0.7928467319055099,1.749015617653174
-0.1930364438411427,1.896726695166039,-11.733408529097668,3.498031235306348,-0.7934533903320948,1.7470522607599777
-0.1954979638564609,1.8962314181420834,-11.734856778605756,3.4941045215199553,-0.7924628362841833,1.7434089537552389
-0.19352902242287762,1.8962878318458087,-11.735499749024445,3.4868179075104777,-0.7925756636916341,1.742980513806307
-0.19620365982525456,1.896301194342581,-11.736245402018465,3.485961027612614,-0.7926023886851784,1.7429149857976076
-0.19688916011402746,1.8963527799545852,-11.73694095222197,3.4858299715952152,-0.7927055599091869,1.7416435953585465
-0.20182943107125162,1.8961733519677317,-11.737978581747821,3.483287190717093,-0.7923467039354798,1.7417922942961928
-0.20652489791084605,1.8944020181928432,-11.741353992137553,3.4835845885923855,-0.7888040363857028,1.728643700502104
-0.20389969557909815,1.8942694368068091,-11.742280183738414,3.457287401004208,-0.7885388736136347,1.725598565477205
-0.21398434818996392,1.8944454941717799,-11.742753061112847,3.45119713095441,-0.7888909883435762,1.7268639035591324
-0.22459141358910806,1.8948856080704954,-11.74288239885829,3.453727807118265,-0.7897712161410072,1.727872218063637
-0.2401188870581521,1.894653497887459,-11.743984929107045,3.455744436127274,-0.7893069957749342,1.7240030855727086
-0.2534691632427002,1.8947524782357352,-11.7445428731146,3.4480061711454173,-0.789504956471487,1.7238430037143964
-0.26734196304587066,1.8944251889379902,-11.745752496527958,3.4476860074287927,-0.7888503778759967,1.7220032409469936
-0.28391564658111434,1.8946812552515386,-11.74613280573476,3.4440064818939873,-0.7893625105030938,1.7245996584594145
-0.3056633833616864,1.894391650005165,-11.747326869661874,3.449199316918829,-0.7887833000103465,1.7229029000871554
-0.3278407400487424,1.8943003031757901,-11.748170910578011,3.445805800174311,-0.788600606351597,1.7226850599006212
-0.353514131755448,1.8944815392626355,-11.748632811362308,3.4453701198012423,-0.7889630785252877,1.7234966022144618
-0.381507960777828,1.894594909094516,-11.749222473801092,3.4469932044289235,-0.7891898181890485,1.7216314757326858
-0.4083675266602267,1.8949079725446125,-11.749515727428207,3.4432629514653716,-0.7898159450892416,1.722166229594951
-0.43707716313587675,1.894473091560769,-11.750968131450637,3.444332459189902,-0.7889461831215546,1.7159617997850176
-0.462372435841905,1.894369025519712,-11.75185966573826,3.4319235995700352,-0.7887380510394406,1.7162653925059277
-0.48821336157141637,1.8938608957716794,-11.753379066930691,3.4325307850118554,-0.787721791543375,1.7138614069977967
-0.5144757717963078,1.8941728379831388,-11.753631956493352,3.4277228139955933,-0.788345675966294,1.7192369706445758
-0.5422113411178859,1.8939666516155023,-11.754663459397499,3.4384739412891516,-0.7879333032310208,1.7171709254626215
-0.566595396606898,1.8934620067135874,-11.75614302609877,3.434341850925243,-0.7869240134271914,1.7129146619137887
-0.5905274151306283,1.8934129475602712,-11.756897487414252,3.4258293238275774,-0.7868258951205592,1.7135978521983857
-0.6175362967180735,1.8935892401220205,-11.75733961949785,3.4271957043967713,-0.7871784802440576,1.7152564478650132
-0.6435265810284267,1.8936577962127412,-11.75798892678619,3.4305128957300264,-0.7873155924254991,1.7169196915627691
-0.6589943375542457,1.8936236876762993,-11.758776264617731,3.4338393831255383,-0.7872473753526152,1.714639219770815
-0.672142565146169,1.893865517695389,-11.759127636054988,3.42927843954163,-0.7877310353907947,1.7168982925451386
-0.6860047100747177,1.893679321080986,-11.760156797164763,3.433796585090277,-0.7873586421619887,1.7140898705315881
-0.6987271456282969,1.893631862694659,-11.760978668554621,3.4281797410631762,-0.787263725389335,1.7145909641705508
-0.7104906321672768,1.8929794600681225,-11.762620651017288,3.4291819283411016,-0.7859589201362616,1.7129656184755944
-0.7205037287661078,1.8926271786121711,-11.763902904335865,3.4259312369511887,-0.7852543572243589,1.7094321403987855
-0.7316895737912326,1.8922352940271405,-11.765252560847422,3.418864280797571,-0.7844705880542977,1.7069241294335438
-0.7448104439562577,1.8913648226942639,-11.767235244622036,3.4138482588670875,-0.7827296453885445,1.7019709750968979
-0.7563069372914804,1.8908267354552422,-11.768728260427078,3.4039419501937958,-0.7816534709105012,1.7004803550440353
-0.7714350429203645,1.8903368233162992,-11.770144702089993,3.4009607100880705,-0.7806736466326152,1.6991817541083165
-0.7893530634240786,1.8889580246723041,-11.772862464334025,3.398363508216633,-0.7779160493446251,1.6910873537539228
-0.8072044912956926,1.8892349421914427,-11.773164913102738,3.3821747075078457,-0.7784698843829022,1.6910197653672117
-0.8365176843782489,1.8895912128928598,-11.77336819606742,3.3820395307344233,-0.7791824257857365,1.6910144580117767
-0.8615719027035329,1.8893153850212794,-11.774469864510948,3.3820289160235535,-0.7786307700425759,1.6890715306559962
-0.8818684824285441,1.8893255180656119,-11.77520556835618,3.3781430613119925,-0.778651036131241,1.6908432333742769
-0.9008137606317703,1.8887569315437343,-11.776728518420008,3.3816864667485538,-0.7775138630874855,1.689896916524492
-0.9191319236565842,1.8888177163827862,-11.777369358739689,3.379793833048984,-0.7776354327655891,1.6915479742416306
-0.9399390159750212,1.8888340799249794,-11.778095488072365,3.3830959484832612,-0.7776681598499755,1.691221255801067
-0.9569700365400156,1.8890341677574334,-11.778517418136516,3.382442511602134,-0.7780683355148832,1.6952798371433604
-0.9733580317756712,1.888347588373418,-11.780209152416736,3.390559674286721,-0.7766951767468524,1.6948030711166617
-0.986694700565085,1.888736726034078,-11.780340677385121,3.3896061422333235,-0.7774734520681724,1.6973713172795604
-1.005697921932116,1.889369217790324,-11.780143293739007,3.3947426345591207,-0.7787384355806648,1.7036348329997508
-1.0223209225440417,1.8896291531382843,-11.78047978507986,3.4072696659995017,-0.7792583062765852,1.7038692136100781
-1.035183005790275,1.8889615094553096,-11.78216289449404,3.4077384272201563,-0.777923018910636,1.70343308357741
-1.042692050095674,1.8885503032149757,-11.7834893886693,3.40686616715482,-0.7771006064299685,1.7096495131010196
-1.0531376207131906,1.8880651156431068,-11.78491208924893,3.4192990262020393,-0.7761302312862304,1.7114859742087218
-1.061464467822498,1.887768962240782,-11.786140081444563,3.4229719484174437,-0.775537924481581,1.7085856538643034
-1.070074952771698,1.887608570358413,-11.787104824758362,3.4171713077286068,-0.7752171407168428,1.7104883484724547
-1.0778559674278938,1.8877122174243401,-11.787676045792708,3.4209766969449094,-0.775424434848697,1.7112137455761456
-1.0820481003190903,1.8874760609843186,-11.788785249194667,3.422427491152291,-0.7749521219686542,1.7115976498419507
-1.0813747604019408,1.8876117280507683,-11.78935033825829,3.4231952996839015,-0.7752234561015535,1.710643607034644
-1.0796325998057146,1.8879122926875518,-11.789649845909151,3.421287214069288,-0.7758245853751208,1.712807718770717
-1.0702342943225815,1.8875373106546316,-11.790949021150363,3.425615437541434,-0.7750746213092804,1.7118569945801025
-1.058408401384968,1.8871336400846521,-11.792269905567023,3.423713989160205,-0.7742672801693213,1.7104952958793258
-1.0497712936083463,1.8867125324879528,-11.793611335565226,3.4209905917586516,-0.7734250649759228,1.709222110704104
-1.0412928644959614,1.8872907283459297,-11.79357015118744,3.418444221408208,-0.7745814566918765,1.7093142724439785
-1.0370084318056296,1.8876915845556874,-11.793694479213,3.418628544887957,-0.7753831691113917,1.7106725972080976
-1.0261588154317867,1.8877162094451096,-11.794383131016529,3.4213451944161952,-0.7754324188902363,1.7155421310806565
-1.0123264201327995,1.8883668902110364,-11.794194549771197,3.431084262161313,-0.7767337804220897,1.7179434619508072
-0.9997780211775744,1.8883699935321265,-11.794932006928665,3.4358869239016143,-0.7767399870642698,1.7219417657756986
-0.983139775075669,1.8884306680792675,-11.795620217368452,3.443883531551397,-0.7768613361585516,1.7204270156595773
-0.9631388584763023,1.8872133377768245,-11.798137844354772,3.4408540313191547,-0.7744266755536657,1.7115614174580047
-0.941796634338079,1.8873621525141415,-11.798630400709301,3.4231228349160094,-0.7747243050282998,1.7125055395517415
-0.9332488918216963,1.8857177224366155,-11.801782893572915,3.425011079103483,-0.771435444873248,1.7018403052185422
-0.9210561472612095,1.8850499000225847,-11.803501585974804,3.4036806104370845,-0.7700998000451863,1.6969198778054346
-0.9160816583286557,1.8846667768272625,-11.804805185442515,3.3938397556108693,-0.769333553654542,1.6946093168587906
-0.9133836778325684,1.8846477817834308,-11.805608014006959,3.389218633717581,-0.7692955635668789,1.6971494593875733
-0.9114065709206862,1.8835103210621873,-11.807957006732503,3.3942989187751467,-0.767020642124392,1.69241981403755
-0.9057493781950487,1.8836985773314538,-11.808408002547633,3.3848396280751,-0.7673971546629251,1.693345162397998
-0.9084490278815025,1.8831764599828265,-11.809889621767777,3.386690324795996,-0.7663529199656705,1.6889719275680897
-0.9094194715239343,1.8828290866357373,-11.811104653343525,3.3779438551361793,-0.7656581732714924,1.687551865610596
-0.9126967640652399,1.8820494496120685,-11.812984069355913,3.375103731221192,-0.7640988992241549,1.6824419811585967
-0.9177799010149741,1.881819093623624,-11.814058277635679,3.3648839623171933,-0.7636381872472661,1.6823951518699198
-0.9300861091471226,1.8810416109414951,-11.81596268269303,3.3647903037398397,-0.7620832218830083,1.678729027608707
-0.9407154610480948,1.881032218604405,-11.81666051782661,3.357458055217414,-0.7620644372088282,1.682546802349092
-0.9554995018459564,1.8804993995964712,-11.81817491859955,3.365093604698184,-0.7609987991929604,1.6799625506349463
-0.9671940443276537,1.87959390630592,-11.820173564221431,3.3599251012698925,-0.7591878126118581,1.6804462379838945
-0.9840310039106992,1.879367211163599,-11.821260851766803,3.360892475967789,-0.7587344223272163,1.67634410260426
-1.009282611986512,1.8790136066129801,-11.822488580309077,3.35268820520852,-0.7580272132259785,1.6788682817704081
-1.0357576992280837,1.8790431844054738,-11.82314962665755,3.3577365635408163,-0.7580863688109657,1.6818160016410038
-1.0685681293487992,1.8793901202002858,-11.823388356964678,3.3636320032820075,-0.7587802404005899,1.6838196468994904
-1.1020306957172306,1.8793631024253679,-11.824175228392654,3.3676392937989807,-0.7587262048507539,1.6843255817386813
-1.1329915623560005,1.878594955843427,-11.825994274279028,3.3686511634773626,-0.757189911686872,1.682703392105582
-1.1561205292166967,1.8780284568952026,-11.827518172858293,3.365406784211164,-0.7560569137904235,1.6813261122693706
-1.184009164286005,1.8774590084669038,-11.829030319411345,3.362652224538741,-0.7549180169338258,1.6793956347268544
-1.2063797200736985,1.877503058580657,-11.829659480227544,3.3587912694537088,-0.7550061171613321,1.6830405883080124
-1.22921899370313,1.8771670858230356,-11.83083321750959,3.366081176616025,-0.7543341716460896,1.6865886816847817
-1.2483420823335933,1.8766565867987872,-11.832320017382923,3.3731773633695634,-0.7533131735975929,1.6851023682934336
-1.2679252691186171,1.8748707429152913,-11.835614953846772,3.3702047365868673,-0.7497414858306009,1.6782996901219691
-1.2806560374535518,1.874508995617188,-11.836793538969472,3.3565993802439382,-0.7490179912343943,1.6781235365644296
-1.3057420041052747,1.8747204201430587,-11.837168099609809,3.356247073128859,-0.7494408402861354,1.6854801201498564
-1.3306123833300063,1.8739643320769266,-11.838999379996737,3.3709602402997128,-0.7479286641538713,1.6815845243850847
-1.3493148210276082,1.8742757727880344,-11.839277890780947,3.3631690487701693,-0.7485515455760867,1.6854515284694023
-1.3696020642445568,1.8737538801636544,-11.840782507836327,3.3709030569388045,-0.747507760327327,1.6853990004916932
-1.3840460676661817,1.873825397650741,-11.841424216855984,3.3707980009833864,-0.7476507953015005,1.6878002658769495
-1.3977025445390545,1.8734765690833373,-11.842661177996419,3.375600531753899,-0.7469531381666928,1.686889444608693
-1.4089352914478734,1.8726884805925654,-11.84455404855593,3.373778889217386,-0.7453769611851491,1.6855272326249109
-1.4171552737177517,1.8728189501823984,-11.845136565074872,3.3710544652498218,-0.7456379003648149,1.6851694648729854
-1.4260328060107117,1.8726386893382674,-11.846111922549204,3.3703389297459707,-0.745277378676553,1.687791716776483
-1.4313760658134171,1.8725287743120584,-11.846960971555022,3.375583433552966,-0.7450575486241352,1.6892032172838756
-1.4350934931148664,1.871854332039107,-11.848666143243312,3.378406434567751,-0.7437086640782321,1.6879458346153446
-1.437233872120098,1.8706736266426967,-11.851142412405686,3.3758916692306893,-0.7413472532854115,1.6869198049057128
-1.442557018976725,1.8703626249938468,-11.85229631883141,3.3738396098114256,-0.7407252499877119,1.6920743499081465
-1.455072818048638,1.8696809320309804,-11.853978381404616,3.384148699816293,-0.7393618640619792,1.690539424845526
-1.4637536912162794,1.8695821776347823,-11.854815796748222,3.381078849691052,-0.7391643552695831,1.6932441247496364
-1.4737989596453982,1.8682801067479944,-11.857410982128574,3.3864882494992727,-0.7365602134960072,1.6898377295534037
-1.47790793204587,1.8683318471037276,-11.85813150075237,3.3796754591068074,-0.7366636942074738,1.6922485416174202
-1.491369436787382,1.8676143288872578,-11.859953887742128,3.3844970832348404,-0.7352286577745341,1.6898385002189373
-1.5004618674005208,1.8673952068574051,-11.860965685727045,3.3796770004378747,-0.7347904137148288,1.6963139688084863
-1.5113997660520209,1.8668152973864618,-11.862528957730454,3.3926279376169726,-0.7336305947729421,1.6962632370600013
-1.5134000204321651,1.8653242385695674,-11.865445296831755,3.3925264741200025,-0.7306484771391534,1.69319225820972
-1.513758737498975,1.8644934184421214,-11.86739135074333,3.38638451641944,-0.7289868368842611,1.6952540952762547
-1.5237934590318112,1.863474325069241,-11.869589572255773,3.3905081905525094,-0.7269486501385004,1.6950658670356284
-1.5334118539214003,1.8619171526283802,-11.872647003407007,3.390131734071257,-0.7238343052567788,1.686591046072563
-1.5481029628965057,1.8612074284312334,-11.874414427125112,3.373182092145126,-0.7224148568624852,1.683783282949144
-1.5696380772289462,1.8604451444514567,-11.876222301210088,3.367566565898288,-0.7208902889029317,1.6861679384241566
-1.5948302508133416,1.860885755417286,-11.87634288096739,3.372335876848313,-0.72177151083459,1.689714665124611
-1.6247304607124562,1.8590424525479,-11.87974714503214,3.379429330249222,-0.7180849050958179,1.6862699625583228
-1.642408077511659,1.8586279432435602,-11.881084795759417,3.3725399251166457,-0.7172558864871387,1.6890474857801179
-1.6729188278949465,1.8589800409715984,-11.881304560615876,3.3780949715602357,-0.7179600819432153,1.694549600417297
-1.7061871163768796,1.859209753351876,-11.881707863605918,3.389099200834594,-0.7184195067037705,1.7002037772010525
-1.7362996949752283,1.8592551809376656,-11.882390677247537,3.400407554402105,-0.7185103618753497,1.7008181948610412
-1.7607833990260886,1.8594793095856736,-11.88283776558242,3.4016363897220825,-0.7189586191713658,1.7049036188084417
-1.778930337387262,1.8585566585637852,-11.884973911694606,3.4098072376168833,-0.7171133171275891,1.7003893137762809
-1.7907905015308963,1.8586180238502048,-11.885661169396068,3.4007786275525618,-0.7172360477004285,1.700753684482497
-1.805610144478642,1.8584729462387322,-11.886656300513966,3.401507368964994,-0.7169458924774831,1.7044877837115415
-1.8184137791057395,1.8578143903912183,-11.888366752011423,3.408975567423083,-0.7156287807824553,1.7042523302884374
-1.8235344408133347,1.857063156948825,-11.890210638995628,3.4085046605768747,-0.7141263138976688,1.7105139447726492
-1.8313862886934587,1.856155387828496,-11.892367584766264,3.4210278895452984,-0.7123107756570111,1.7081885159534962
-1.838243982634852,1.8558634854595852,-11.893624291433419,3.4163770319069924,-0.7117269709191895,1.7089360870672472
-1.8494150330231296,1.855204202016864,-11.895376467993366,3.4178721741344944,-0.7104084040337472,1.7084587531079984
-1.857588047489724,1.8549885881908386,-11.896447623476334,3.416917506215997,-0.7099771763816962,1.7097075191907014
-1.8621475849812708,1.854155345981344,-11.898425719000247,3.419415038381403,-0.7083106919627071,1.7126914291649982
-1.861340154806875,1.8534416603993087,-11.900281722968053,3.4253828583299963,-0.7068833207986364,1.7106621001374844
-1.8591389453481266,1.8530425498529772,-11.901660819213914,3.421324200274969,-0.7060850997059733,1.712675729137483
-1.852957385816497,1.8516605281722334,-11.904461839425139,3.425351458274966,-0.7033210563444856,1.7090081198876577
-1.8421450076348247,1.8508988660051988,-11.90639919702179,3.4180162397753153,-0.7017977320104164,1.7072161220845303
-1.8352186432973703,1.8503177737375183,-11.908097811751688,3.4144322441690607,-0.7006355474750553,1.7038175543211396
-1.8345082647202418,1.8496038609924341,-11.909946799950344,3.407635108642279,-0.699207721984887,1.7027727684774328
-1.827055433616355,1.8494291354561732,-11.910975990233084,3.4055455369548655,-0.6988582709123651,1.7061080900997752
-1.82210237776156,1.8483613320720889,-11.913351502981854,3.4122161801995503,-0.6967226641441964,1.7015781817924251
-1.8174614246958303,1.8483390181788883,-11.914211294615212,3.4031563635848503,-0.6966780363577955,1.7060297632559929
-1.8218354112952486,1.8483887275481339,-11.914899253981247,3.4120595265119857,-0.6967774550962864,1.7088890648348023
-1.826742483269875,1.8475545091232315,-11.916896425422431,3.4177781296696046,-0.6951090182464817,1.7085587958350523
-1.8303758649269835,1.846442992869315,-11.91933479558393,3.4171175916701046,-0.6928859857386487,1.7039984726758504
-1.8328534194017276,1.8457346881287393,-11.921161437985944,3.4079969453517007,-0.6914693762574975,1.7045415090984388
-1.8423094885414155,1.8451638114722104,-11.922752600539228,3.4090830181968776,-0.6903276229444398,1.709113134479723
-1.855084079424504,1.845437420293491,-11.92313680033104,3.418226268959446,-0.690874840587001,1.7139090662488303
-1.869552576763219,1.845851401852266,-11.923344302315856,3.4278181324976607,-0.6917028037045515,1.7188599095773127
-1.8790861052877847,1.8464045513172491,-11.923303080365613,3.4377198191546254,-0.6928091026345174,1.7241521750286037
-1.882180237383242,1.8446874757643796,-11.926620583605889,3.4483043500572075,-0.6893749515287785,1.7185668546401813
-1.8751312353921712,1.8448293186254905,-11.92728757689641,3.4371337092803627,-0.6896586372510002,1.721611314276761
-1.8776897000416835,1.8444272291436217,-11.92875258621265,3.443222628553522,-0.6888544582872628,1.7203447318407885
-1.8770983470000733,1.844154836431194,-11.92996832706148,3.440689463681577,-0.6883096728624072,1.7209669598027861
-1.8747920780290812,1.8440133992776033,-11.931002482941208,3.4419339196055723,-0.688026798555226,1.726467869672249
-1.8706265640273436,1.843386543177679,-11.932786528430771,3.452935739344498,-0.6867730863553771,1.7256524363419454
-1.863961488350828,1.8429380776506572,-11.93427893237841,3.451304872683891,-0.6858761553013334,1.727876001574422
-1.8541434400577366,1.8422594868324866,-11.936003823535682,3.455752003148844,-0.6845189736649924,1.7278863576451569
-1.842332542401234,1.8416334504835123,-11.937747412580547,3.4557727152903137,-0.6832669009670439,1.7265466695245664
-1.8310910021257563,1.8413469571128023,-11.938985968794766,3.4530933390491327,-0.6826939142256235,1.7287866355089936
-1.8203311779117968,1.840390269182748,-11.941207197837487,3.457573271017987,-0.680780538365515,1.728736693927018
-1.8085866201458138,1.8399153185233976,-11.94274781897738,3.457473387854036,-0.6798306370468141,1.7276633907865577
-1.7975593365767022,1.8396776349996407,-11.94386430938977,3.4553267815731155,-0.6793552699993004,1.7336371884681783
-1.7896509710278696,1.840695488218886,-11.943176639829574,3.4672743769363565,-0.6813909764377912,1.7421938562243573
-1.786468140721512,1.840502918013756,-11.944327697343835,3.4843877124487146,-0.6810058360275315,1.741454177854742
-1.7705520744384042,1.8402973270380338,-11.945473002870541,3.482908355709484,-0.6805946540760873,1.741467678823824
-1.7502506411359722,1.8395527384692645,-11.947403568344926,3.482935357647648,-0.6791054769385487,1.746325053592797
-1.726326694531636,1.8389278957421584,-11.94913261300706,3.492650107185594,-0.6778557914843365,1.7487194696716735
-1.7038964746193805,1.8392849907216253,-11.949547573189427,3.497438939343347,-0.6785699814432702,1.7502858859257822
-1.6888134452078756,1.8387530512100538,-11.951157770590267,3.5005717718515643,-0.6775061024201271,1.7505173326362395
-1.6724575391337773,1.8378696876275362,-11.953329379643979,3.501034665272479,-0.6757393752550919,1.7497441358395545
-1.6614485507601007,1.837414426844195,-11.954871068317804,3.499488271679109,-0.6748288536884092,1.7518362497696325
-1.6481581721479017,1.8364885909880146,-11.957169518666982,3.503672499539265,-0.6729771819760486,1.7484681196229819
-1.6373335060256426,1.8358436123092858,-11.958972803399016,3.4969362392459638,-0.671687224618591,1.7448683516495778
-1.6305178365917143,1.8361234563527857,-11.959364314014582,3.4897367032991555,-0.6722469127055907,1.7517310786866696
-1.6285846613022326,1.835756670319474,-11.960760384753309,3.503462157373339,-0.6715133406389675,1.7502482540029198
-1.6234715863781375,1.835405064684359,-11.96212374767888,3.5004965080058397,-0.6708101293687371,1.7508699930905665
-1.6177788069047168,1.8354463900606177,-11.962932190412936,3.501739986181133,-0.6708927801212546,1.7575187310866185
-1.6132147496456657,1.8349364889150548,-11.964574111183648,3.515037462173237,-0.6698729778301286,1.758419260347294
-1.6042640067489327,1.8347856635713762,-11.96562208813142,3.516838520694588,-0.6695713271427712,1.7640578132556648
-1.5963252450224328,1.834943029620983,-11.966277438812282,3.5281156265113296,-0.669886059241985,1.768645054265123
-1.5890272781885333,1.834439576406191,-11.967887262093566,3.537290108530246,-0.6688791528124006,1.7700786435016416
-1.575119050648171,1.8345227411745133,-11.968622998340713,3.540157287003283,-0.6690454823490456,1.7703387783346092
-1.5634247805879156,1.8343700933956806,-11.969783430374385,3.5406775566692184,-0.66874018679138,1.769899751964233
-1.550030937696711,1.8348755187497572,-11.969975543102418,3.539799503928466,-0.6697510374995334,1.769313002826115
-1.545268363028688,1.8354538874052988,-11.97001055788818,3.53862600565223,-0.6709077748106166,1.7738556897087563
-1.5376997586991976,1.8345969464597636,-11.972162290877696,3.5477113794175126,-0.669193892919546,1.7707965331588376
-1.5230451111291252,1.8355937828762308,-11.971569081558185,3.541593066317675,-0.6711875657524805,1.7777827332541862
-1.514118249965346,1.835744730000938,-11.972250142774238,3.5555654665083725,-0.671489460001895,1.7812459532505114
-1.4950255391736942,1.8346374975031687,-11.974808191022698,3.5624919065010228,-0.6692749950063565,1.776252689239265
-1.4744247481518844,1.8351732574150377,-11.974906809994513,3.55250537847853,-0.6703465148300942,1.7814435324504612
-1.4612458357634033,1.835246149342771,-11.975699835286054,3.5628870649009223,-0.6704922986855606,1.781535907067425
-1.4401882970251343,1.8365871799737845,-11.974626890956502,3.56307181413485,-0.6731743599475878,1.786890688062723
-1.4201210067041714,1.8361344174767185,-11.976230584004936,3.573781376125446,-0.6722688349534556,1.7880458738256582
-1.384111374711722,1.8360063718803292,-11.97732557200814,3.5760917476513163,-0.6720127437606772,1.7901297143718964
-1.3485831192729503,1.8358574331179232,-11.978460002205221,3.5802594287437928,-0.6717148662358651,1.791354272542009
-1.3157833912553958,1.8360046866308328,-11.979192864837144,3.582708545084018,-0.6720093732616846,1.7949287477298157
-1.2833263045871544,1.8354018443751894,-11.98099385828159,3.5898574954596314,-0.6708036887503979,1.7930016322547893
-1.247315730131346,1.8352339659678927,-11.982162928165637,3.5860032645095785,-0.6704679319358043,1.7909041562993495
-1.216476313018715,1.8353331467530034,-11.982957008692985,3.581808312598699,-0.6706662935060259,1.7946853838062728
-1.1855153936491085,1.8361167261402167,-11.982714862232976,3.5893707676125457,-0.6722334522804525,1.7977659155787826
-1.155985661775624,1.8361298195165685,-11.98359861254757,3.5955318311575653,-0.6722596390331563,1.7981356147202598
-1.1222475890283903,1.8350795139520752,-11.98607743231356,3.5962712294405197,-0.6701590279041697,1.7909910826420408
-1.0843617146932818,1.83493631855362,-11.987200202597432,3.5819821652840815,-0.6698726371072592,1.7921083958936683
-1.0554274604164107,1.835365495867347,-11.987500960496606,3.5842167917873367,-0.6707309917347135,1.7940011048865316
-1.0290292733099111,1.835381653346522,-11.988416874059244,3.5880022097730633,-0.670763306693063,1.7960721055254256
-1.0032334863742989,1.8352538471852478,-11.98948702350355,3.5921442110508512,-0.6705076943705147,1.796680865486693
-0.9813559573217514,1.8351189398033743,-11.990624559425187,3.593361730973386,-0.6702378796067676,1.7958588288332025
-0.9571677059970725,1.8361595136384419,-11.989984627701626,3.591717657666405,-0.6723190272769027,1.8066634718731471
-0.9432583642472956,1.835934978861756,-11.991309430315674,3.6133269437462943,-0.671869957723531,1.8053087222584792
-0.9226945391086314,1.8357045771292637,-11.992555466395471,3.6106174445169583,-0.6714091542585463,1.8055367175353416
-0.8993280179574796,1.8360847977264978,-11.992889800166774,3.6110734350706832,-0.6721695954530142,1.8062156026703453
-0.8827702908360049,1.8357687163097947,-11.994330461251405,3.6124312053406906,-0.6715374326196081,1.8023279497280658
-0.8641910502850347,1.837309567289139,-11.992984198626813,3.6046558994561315,-0.6746191345782968,1.808960574413847
-0.860448124235413,1.8369264319422494,-11.994504550044574,3.617921148827694,-0.6738528638845176,1.806606882498698
-0.8425894225844175,1.8374581643244292,-11.994670446909502,3.613213764997396,-0.6749163286488775,1.808242185282219
-0.8295302689219959,1.8372070719978624,-11.996019283908018,3.616484370564438,-0.6744141439957437,1.806004614105996
-0.8122290164348183,1.8381348701658675,-11.995544315772225,3.612009228211992,-0.6762697403317541,1.8108346630160672
-0.8011055411621282,1.8389662832242901,-11.995274786746508,3.6216693260321344,-0.6779325664485994,1.8131871920157057
-0.782957190408565,1.83993259439224,-11.99480133543429,3.6263743840314113,-0.6798651887844991,1.818044916617939
-0.761020497606463,1.8401284397663524,-11.99548877728562,3.636089833235878,-0.6802568795327242,1.8198339268426016
-0.7335979693058565,1.8408563097164685,-11.99540731039107,3.639667853685203,-0.6817126194329561,1.8193473331705685
-0.7115955501501112,1.841187054374587,-11.995869527236184,3.638694666341137,-0.6823741087491928,1.8186263595537844
-0.6859465278081203,1.8410325337935889,-11.997029284931857,3.6372527191075688,-0.6820650675871968,1.8168379123727667
-0.6533816692940047,1.8408557718481506,-11.998178892039045,3.6336758247455334,-0.6817115436963201,1.814042791244233
-0.6218236722738553,1.840305338651986,-11.999958968187368,3.628085582488466,-0.6806106773039908,1.8096306854186461
-0.5932930517157722,1.8410032714201818,-11.999820007083356,3.6192613708372923,-0.6820065428403823,1.8122229736995403
-0.5716656000030955,1.840817569215162,-12.001100915390667,3.6244459473990807,-0.6816351384303427,1.8118201162976548
-0.5444661516049027,1.839891701576193,-12.003443291186576,3.6236402325953097,-0.6797834031524046,1.804218479084314
-0.5166844301284197,1.839825198895135,-12.004488221823948,3.608436958168628,-0.6796503977902884,1.8023586597649026
-0.5019169290413004,1.8402358810356911,-12.004857438165631,3.6047173195298052,-0.6804717620714004,1.8009422315709256
-0.48851962563589524,1.8395523398573903,-12.006836883230974,3.601884463141851,-0.6791046797147988,1.7954106467026314
-0.4701776961914632,1.840213520967636,-12.006738033399031,3.590821293405263,-0.68042704193529,1.7978522434005229
-0.4614286685957296,1.8405226750490533,-12.00722182288165,3.5957044868010457,-0.6810453500981248,1.7983858166972888
-0.44775585968375786,1.8407013061058894,-12.007885292067554,3.5967716333945776,-0.681402612211797,1.7995249720843427
-0.44142139540679537,1.841254802616808,-12.007993461615582,3.5990499441686854,-0.6825096052336345,1.798800791090274
-0.4342042764186793,1.8417691933328366,-12.008166198118433,3.597601582180548,-0.6835383866656918,1.8000359379378175
-0.4276897523596386,1.8420461051887893,-12.008668460030897,3.600071875875635,-0.684092210377597,1.8013718397188305
-0.41766549083897253,1.8415224166232618,-12.010391279819945,3.602743679437661,-0.6830448332465421,1.7959033077542599
-0.4099195403495308,1.841605099209079,-12.011167121791944,3.5918066155085198,-0.6832101984181765,1.7967118966474593
-0.4114358760916996,1.8422011204317414,-12.011246043092816,3.5934237932949187,-0.6844022408635012,1.7996420026399462
-0.4196362749703315,1.8429145874690709,-12.011117046351794,3.5992840052798925,-0.68582917493816,1.8013929745113224
-0.4269066672926076,1.842973501403859,-12.011992374846647,3.602785949022645,-0.6859470028077365,1.7988634270260917
-0.43331385973591807,1.8432132602408093,-12.012556447028189,3.5977268540521834,-0.686426520481637,1.7982688223542889
-0.44224196706603003,1.8433019683944745,-12.013358219018617,3.5965376447085777,-0.6866039367889674,1.797252066399046
-0.4493911538723303,1.8419558283342414,-12.0162301482401,3.594504132798092,-0.6839116566685012,1.7938242744453903
-0.45219499004470975,1.8421530507933188,-12.016872121401368,3.5876485488907806,-0.6843061015866558,1.7936675483686297
-0.4628098118766282,1.842745927587414,-12.016900849992956,3.5873350967372595,-0.6854918551748465,1.7975119567360966
-0.47735400797199645,1.8429376488567935,-12.017533610035521,3.5950239134721933,-0.6858752977136051,1.7969063643782588
-0.48718228546874265,1.8427233469416415,-12.018744609241791,3.5938127287565176,-0.6854466938833012,1.799249826750312
-0.4907649187993677,1.8426136803829523,-12.019826084791381,3.598499653500624,-0.6852273607659225,1.7992689312842878
-0.49534558583143173,1.8429908148167575,-12.020205093870164,3.5985378625685756,-0.6859816296335332,1.797678637305054
-0.5037445357125243,1.8435140717306082,-12.020336485152752,3.595357274610108,-0.6870281434612346,1.7991363911162719
-0.5072767048016953,1.8436611951758282,-12.021040945585622,3.5982727822325438,-0.6873223903516743,1.7967193790163436
-0.5104752111784343,1.8441854271179166,-12.021225848045624,3.593438758032687,-0.688370854235851,1.7948615185742114
-0.5152542874254777,1.844557677245011,-12.021571095005278,3.589723037148423,-0.6891153544900397,1.7963556126329039
-0.5177543011879067,1.8442012336888245,-12.02300426625746,3.5927112252658078,-0.688402467377667,1.793770411608096
-0.5191656952993711,1.8440572044519177,-12.024119473613633,3.587540823216192,-0.6881144089038533,1.7934913542725122
-0.525253264422858,1.8441393532450776,-12.024892202802413,3.5869827085450243,-0.6882787064901734,1.792682834683302
-0.5337763364429637,1.8439990753146358,-12.026034004850498,3.585365669366604,-0.6879981506292898,1.7910113395062424
-0.5384549461490256,1.8449266289630526,-12.025559102385365,3.5820226790124847,-0.6898532579261235,1.7951871549422465
-0.546601471400459,1.8444665817954227,-12.02715883746265,3.590374309884493,-0.6889331635908635,1.7937980455736837
-0.5491649335624196,1.8446606435222705,-12.027780332371075,3.5875960911473674,-0.6893212870445594,1.7929903294593341
-0.5589692139918387,1.8446777550873623,-12.028673220666542,3.5859806589186682,-0.6893555101747432,1.7915995127913416
-0.56732719619208,1.8453126134840907,-12.028647890594776,3.583199025582683,-0.6906252269681998,1.7952658993199013
-0.5780263227722262,1.845330800385901,-12.029559024824628,3.5905317986398027,-0.6906616007718205,1.7931186460057522
-0.5840226157156856,1.8459400872931924,-12.02954274299605,3.5862372920115044,-0.6918801745864033,1.7950685868309852
-0.5847436242578183,1.8471037613638235,-12.028735144781601,3.5901371736619705,-0.6942075227276656,1.7991417605663187
-0.5843121717755952,1.8476008457829787,-12.028880642478093,3.5982835211326374,-0.695201691565976,1.800896102244366
-0.5788076463135816,1.8475685570129594,-12.029876312026945,3.601792204488732,-0.6951371140259374,1.7965523904062384
-0.5700443642547306,1.8481198236415985,-12.030022813927163,3.5931047808124768,-0.6962396472832156,1.7968329508738803
-0.5615514727102102,1.8474087287125245,-12.031959855189836,3.5936659017477606,-0.6948174574250676,1.7926825188574198
-0.5463913083347549,1.8463563808721444,-12.034448243359881,3.5853650377148396,-0.6927127617443075,1.7834842145519016
-0.5354910868909357,1.8462139269027946,-12.03555777154059,3.5669684291038033,-0.6924278538056082,1.7796265190296685
-0.5344366519635155,1.8466896987847161,-12.035740869290692,3.559253038059337,-0.6933793975694513,1.7822015243105622
-0.5362647438623593,1.8465542227778118,-12.036878600807308,3.5644030486211244,-0.6931084455556424,1.779966405926286
-0.5366839459528148,1.8462500372730404,-12.03826165062006,3.559932811852572,-0.6925000745460996,1.7777312859403334
-0.5391698649410461,1.846738495664646,-12.038393787362438,3.5554625718806667,-0.693476991329311,1.7793927662637248
-0.5433674120678305,1.8462953545029925,-12.039924200077264,3.5587855325274496,-0.6925907090060041,1.7778989088172763
-0.5419399069062418,1.846306804322658,-12.040783369127212,3.5557978176345526,-0.692613608645335,1.7793790876987918
-0.5441408494324502,1.8467802563027749,-12.041006372440275,3.5587581753975837,-0.6935605126055688,1.7793450003504527
-0.5466334548554865,1.8470333889671875,-12.041520539153844,3.5586900007009055,-0.6940667779343942,1.7798073780864199
-0.551002397865723,1.846802412146474,-12.042751496883625,3.5596147561728397,-0.6936048242929672,1.7787237697748939
-0.5506048907640615,1.8474247797827337,-12.042753412296982,3.5574475395497878,-0.6948495595654868,1.7805524879321297
-0.5543714330384528,1.8477032632146058,-12.04328428635259,3.5611049758642594,-0.6954065264292311,1.779657704184402
-0.5541320134497099,1.8472618310993645,-12.044860926064485,3.559315408368804,-0.6945236621987485,1.774238149500036
-0.5539848399854428,1.8477003834559393,-12.045089744172591,3.548476299000072,-0.6954007669118984,1.7768169906324296
-0.558344010046433,1.8480181210832864,-12.04548857774179,3.553633981264859,-0.6960362421665925,1.7784082665107686
-0.5633509942525983,1.8478061517161068,-12.04667047778828,3.556816533021537,-0.6956123034322336,1.7775521280052633
-0.5716399452945602,1.8474795517261406,-12.048021409846116,3.5551042560105266,-0.694959103452301,1.7759227913103872
-0.5832772586499804,1.8481822129867596,-12.04785017107887,3.5518455826207744,-0.6963644259735389,1.7799984302772631
-0.59892265113184,1.8480981288423088,-12.048866809366787,3.5599968605545262,-0.6961962576846374,1.7792641781067924
-0.6117515048250599,1.8481795746934453,-12.04966586773317,3.5585283562135848,-0.6963591493869102,1.7802427503759186
-0.6218268054779177,1.8491751583062772,-12.049046085962727,3.5604855007518372,-0.6983503166125742,1.7870846413038308
-0.6286021109759723,1.8495038354252347,-12.049491133180972,3.5741692826076616,-0.6990076708504891,1.7867332510590268
-0.6274577968245882,1.8494431263588496,-12.050467101138896,3.5734665021180536,-0.6988862527177188,1.7868896311216194
-0.6259094194456587,1.8495206214197588,-12.05124555538502,3.5737792622432387,-0.6990412428395374,1.786150413008825
-0.6240796608502581,1.8497088954018532,-12.051863527371058,3.57230082601765,-0.6994177908037263,1.7847887068886474
-0.6203857600214508,1.849598333628737,-12.052926987284174,3.569577413777295,-0.6991966672574939,1.7835519597130327
-0.6172724128701645,1.8499224494489959,-12.053270474724732,3.5671039194260654,-0.6998448988980116,1.7873492261159365
-0.6134742315427086,1.8504969777446136,-12.053371858330067,3.574698452231873,-0.7009939554892471,1.7875403990096383
-0.6083655755588033,1.849292760489473,-12.056033357136913,3.5750807980192767,-0.6985855209789659,1.7792951986616992
-0.5981889912121279,1.848902819679372,-12.05752051395419,3.5585903973233983,-0.6978056393587637,1.7750054204085952
-0.5968445808551195,1.8484705630359708,-12.059024954401535,3.5500108408171904,-0.6969411260719616,1.7748094816328353
-0.5960789845356711,1.8493985946661262,-12.058471713451222,3.5496189632656705,-0.6987971893322725,1.7802053901513968
-0.603938135136012,1.8493340974491277,-12.059467586496787,3.5604107803027936,-0.6986681948982756,1.7791770885828346
-0.6056872667398974,1.848359259491142,-12.061783424697133,3.5583541771656693,-0.6967185189823041,1.7742014272298794
-0.6032207629719046,1.8480929348864694,-12.063083427553973,3.548402854459759,-0.6961858697729588,1.77046752046456
-0.6092730209967705,1.8480608999878056,-12.064011068396056,3.54093504092912,-0.6961217999756314,1.7701321760171347
-0.618757925028584,1.848118915289111,-12.064828231644151,3.5402643520342694,-0.6962378305782423,1.768850210478594
-0.6274371023631513,1.848509145205791,-12.065184380079181,3.537700420957188,-0.6970182904116018,1.7689132971964532
-0.6348828282261962,1.8484308967718277,-12.066210652319718,3.5378265943929064,-0.6968617935436752,1.766373404099536
-0.6427317918041098,1.8495018169899184,-12.065536074406074,3.532746808199072,-0.6990036339798567,1.7677105420228374
-0.6533072277901102,1.8498867494428135,-12.06587840780131,3.535421084045675,-0.6997734988856465,1.7695912324594447
-0.6568310096361589,1.8496271224773408,-12.067164295354344,3.5391824649188894,-0.6992542449547011,1.766847057681075
-0.6619585835425355,1.8505710382118183,-12.066628387910809,3.53369411536215,-0.7011420764236561,1.7709514865061429
-0.6729964766609964,1.8500423433042443,-12.068229107681761,3.5419029730122857,-0.7000846866085082,1.7733834218849265
-0.6750501207594777,1.8496275359240095,-12.069721604582005,3.546766843769853,-0.6992550718480387,1.7727222068149855
-0.6801812055470187,1.8493809221544835,-12.070954501084694,3.545444413629971,-0.6987618443089866,1.7712355128111676
-0.6886118241818497,1.849672299410252,-12.071440823917037,3.5424710256223353,-0.6993445988205232,1.768963205605143
-0.6988529436010023,1.8494430046929837,-12.072607261971903,3.537926411210286,-0.6988860093859869,1.7701424284635858
-0.7078904644299016,1.8494729729552606,-12.073496684760364,3.5402848569271717,-0.6989459459105408,1.7698799019868654
-0.7213756171124093,1.8500169043993968,-12.07358246573274,3.539759803973731,-0.700033808798813,1.7719170584459036
-0.7300151330406006,1.8499000597667232,-12.074608557836246,3.5438341168918073,-0.6998001195334659,1.770718882977768
-0.7319991368832675,1.850419926692789,-12.074717123365586,3.541437765955536,-0.7008398533855974,1.772114484396494
-0.7336479258626962,1.851265513734709,-12.07434222144702,3.544228968792988,-0.7025310274694372,1.7755537696035366
-0.7379741475714301,1.8516383311990425,-12.0746616238472,3.5511075392070732,-0.7032766623981043,1.7788079630282645
-0.7360328321488598,1.8515343292985909,-12.075745381297573,3.557615926056529,-0.703068658597201,1.777448540760237
-0.7258765565118654,1.8513167014877148,-12.076978229456715,3.554897081520474,-0.702633402975449,1.7743070123200793
-0.7143054704601326,1.8514759048946017,-12.077664866916605,3.5486140246401585,-0.7029518097892228,1.772241706559755
-0.7042757224881466,1.8527917087862007,-12.076642154399764,3.54448341311951,-0.7055834175724206,1.7795622617768856
-0.6963409982537812,1.8535091360330866,-12.076500129828556,3.559124523553771,-0.7070182720661927,1.7803807880682467
-0.6816365907871891,1.8527667849805123,-12.078500095209982,3.5607615761364935,-0.7055335699610442,1.7754406871450155
-0.6590300088708894,1.853261977750091,-12.078636310190783,3.550881374290031,-0.7065239555002018,1.7789509163489678
-0.6486970607543032,1.8534344821947875,-12.079251198639984,3.5579018326979357,-0.7068689643895949,1.779869105229875
-0.6369499380137711,1.8536853423261348,-12.079781643537004,3.55973821045975,-0.7073706846522897,1.780685453489795
-0.6232030735263763,1.8543760458453447,-12.079666668959021,3.56137090697959,-0.7087520916907093,1.7813572071001618
-0.6142704671274153,1.8541339194740334,-12.08089417715643,3.5627144142003235,-0.7082678389480869,1.7800989201524027
-0.5969900531133057,1.8530366553634594,-12.083372820249037,3.5601978403048054,-0.7060733107269391,1.7763693999962291
-0.576885041250522,1.8539224544720367,-12.082982684036189,3.5527387999924582,-0.7078449089440936,1.777581874715957
-0.5658307158648963,1.8545265168423768,-12.083007715121909,3.555163749431914,-0.7090530336847736,1.780542113288062
-0.5511713304271382,1.8547481446809293,-12.083555965888374,3.561084226576124,-0.7094962893618786,1.7819007076662958
-0.5316567699802359,1.854963158563572,-12.084123312703866,3.5638014153325916,-0.7099263171271637,1.7827011140058786
-0.5114990080254191,1.8547708515083445,-12.085271486527294,3.565402228011757,-0.7095417030167088,1.7897564839076234
-0.4924851221415345,1.8554063206313642,-12.085208563093923,3.579512967815247,-0.7108126412627482,1.7936465384934317
-0.4763813494111844,1.8553778375052046,-12.086158628750121,3.5872930769868634,-0.710755675010429,1.79134244382251
-0.45854436704297896,1.85567843353078,-12.086615132583415,3.58268488764502,-0.71135686706158,1.7913981163119712
-0.4466587010253722,1.8562954390753963,-12.086600942012824,3.5827962326239424,-0.7125908781508125,1.7953372444236968
-0.43658038691587286,1.8561479643488812,-12.08773396835051,3.5906744888473936,-0.7122959286977822,1.792570986162042
-0.4215820731883593,1.8561954936406315,-12.08856176732685,3.585141972324084,-0.7123909872812829,1.7918975751539314
-0.4074129783952962,1.8564927984123765,-12.089014505919543,3.583795150307863,-0.7129855968247728,1.7918313967651998
-0.39510728417422136,1.857361792045179,-12.088609843464923,3.5836627935303995,-0.714723584090378,1.7945960438618236
-0.3904066940092008,1.8585236855213139,-12.087759115654672,3.589192087723647,-0.7170473710426474,1.7982250454458824
-0.38632700638214956,1.8577036417800927,-12.089895598701993,3.5964500908917647,-0.7154072835602052,1.792345851871485
-0.3682651801232435,1.8578627345624683,-12.090524454228346,3.58469170374297,-0.7157254691249563,1.7910717452254217
-0.35976365083881845,1.8583902523817457,-12.090662188157493,3.5821434904508433,-0.7167805047635112,1.7914230553826995
-0.35283318494165705,1.8585637476803776,-12.091326286153965,3.582846110765399,-0.7171274953607747,1.7909643897218823
-0.3442308450839935,1.8588625597734665,-12.091755593665745,3.5819287794437646,-0.7177251195469524,1.7903149850946705
-0.33927698605981327,1.8583161518570386,-12.09349286802611,3.580629970189341,-0.7166323037140967,1.7852416433059852
-0.3300966533998828,1.8586999903616477,-12.093802773502777,3.5704832866119705,-0.717399980723315,1.7864257319324506
-0.3213150923390167,1.8592421345702943,-12.093912149128537,3.572851463864901,-0.7184842691406083,1.7863360605562417
-0.31608793049034745,1.859534538863395,-12.094389685103145,3.5726721211124834,-0.7190690777268096,1.7852939074314915
-0.31111457221220107,1.8596030050234658,-12.095203849885475,3.570587814862983,-0.7192060100469512,1.7818129014494497
-0.30574569497997217,1.8605167345844122,-12.094770132388145,3.5636258028988994,-0.7210334691688441,1.7821234962987913
-0.303692738071085,1.8607181052965287,-12.09536790965559,3.5642469925975826,-0.721436210593077,1.7809860082394942
-0.29466733026340286,1.8601266467236894,-12.097115498388407,3.5619720164789883,-0.7202532934473987,1.7802965757691271
-0.28632902653668246,1.8599807555488934,-12.098229381409144,3.5605931515382543,-0.7199615110978068,1.7786393654456418
-0.28215973802245387,1.8596233378756633,-12.099704181062373,3.5572787308912837,-0.7192466757513463,1.7750635240401351
-0.2800036062701139,1.8603361447117297,-12.099526783904295,3.5501270480802702,-0.7206722894234793,1.7786204536574715
-0.2858004838483357,1.8610695780507969,-12.099284382811856,3.557240907314943,-0.7221391561016138,1.7853412287860793
-0.287633348070262,1.8607713861968047,-12.10057140510983,3.5706824575721585,-0.7215427723936296,1.7849502103204042
-0.2836520493853758,1.861642851388038,-12.100171426394237,3.5699004206408085,-0.7232857027760964,1.785235912483359
-0.2857125630716695,1.8625322201191405,-12.09973293268536,3.570471824966718,-0.7250644402383014,1.7878579586351087
-0.2880344321711643,1.863149968388263,-12.09970207856134,3.5757159172702173,-0.7262999367765466,1.7903031032805488
-0.29137457600716843,1.8627182456764506,-12.101196033496558,3.5806062065610975,-0.7254364913529218,1.7864547363226506
-0.2852579428038293,1.8637236814955236,-12.100602803939543,3.5729094726453012,-0.7274473629910676,1.7885560525858695
-0.285688410002642,1.8636806216299118,-12.101617056981723,3.577112105171739,-0.7273612432598439,1.78634994076555
-0.28103408951425735,1.8644592049576536,-12.101406024118575,3.5726998815311,-0.7289184099153275,1.7867840570851057
-0.2796132655074981,1.8650745428851887,-12.101372770173837,3.5735681141702114,-0.7301490857703978,1.7934472726064854
-0.2754445787129658,1.8651480029507583,-12.102167702718393,3.586894545212971,-0.730296005901537,1.7917075749056552
-0.2642159918259068,1.865808687882818,-12.102107535688967,3.5834151498113105,-0.7316173757656561,1.792265723384549
-0.25607484185456997,1.8666675723863435,-12.101733877789439,3.584531446769098,-0.7333351447727073,1.793479165448038
-0.24790296579781135,1.8671310253350313,-12.101948000339167,3.586958330896076,-0.734262050670083,1.7916578932322669
-0.23587148663884783,1.8677102576141644,-12.101990426727523,3.5833157864645337,-0.7354205152283491,1.7911298661177744
-0.2222212045373233,1.8682031796610952,-12.102154403618398,3.5822597322355487,-0.7364063593222105,1.7914127522545986
-0.2102480638627906,1.8683235678264547,-12.102900889673286,3.5828255045091972,-0.7366471356529297,1.7885489327686
-0.1959709708055719,1.8685453804631968,-12.103437877322044,3.5770978655372,-0.7370907609264138,1.7867332186854572
-0.17871577038674857,1.868649838409158,-12.10418540867402,3.5734664373709144,-0.7372996768183361,1.7853105854298563
-0.1594722821813086,1.8693183495417218,-12.104078041577557,3.5706211708597126,-0.7386366990834634,1.786313893831183
-0.1395897578811951,1.8700218154795392,-12.103904968946585,3.572627787662366,-0.7400436309590982,1.7904131066982276
-0.12026444206527209,1.870715157823683,-12.103843384088755,3.5808262133964552,-0.7414303156473858,1.7908224374324313
-0.10125781593543337,1.8703752810596503,-12.105217045763789,3.5816448748648626,-0.7407505621193208,1.7883242650592541
-0.07515559637549174,1.8706775914082459,-12.105599335010634,3.5766485301185083,-0.7413551828165117,1.7862441942011011
-0.057158750990245366,1.871703836013156,-12.10493456098231,3.5724883884022023,-0.7434076720263318,1.7880988787018817
-0.04441574163994666,1.8722625780009692,-12.104998298470647,3.5761977574037633,-0.7445251560019582,1.7886413208495144
-0.02877979838032374,1.872242115528008,-12.105918027672418,3.577282641699029,-0.7444842310560359,1.785828355331805
-0.007347573895307491,1.8730742403516611,-12.10556743042096,3.57165671066361,-0.7461484807033422,1.7882685827478
0.0061556160733271525,1.8737096292846025,-12.105526453113143,3.5765371654956,-0.7474192585692246,1.7869656540886634
0.024021497852663387,1.8742304221708173,-12.105636924987843,3.5739313081773267,-0.7484608443416543,1.787726362288854
0.04079638510970973,1.8733971003571777,-12.107747914509199,3.575452724577708,-0.746794200714375,1.779069296774616
0.05979215764535617,1.8741577304061716,-12.107448211004204,3.558138593549232,-0.7483154608123629,1.7810832039165048
0.06982368301096287,1.8754165737897115,-12.10649416820411,3.5621664078330095,-0.7508331475794426,1.783599140408472
0.07854118343373528,1.875944172563442,-12.106616068094652,3.567198280816944,-0.7518883451269036,1.7822592302658935
0.09055550808957769,1.8759790113656765,-12.107442366755503,3.564518460531787,-0.7519580227313724,1.7799745176200312
0.1034033966962511,1.8758848203403324,-12.108457532245668,3.5599490352400625,-0.7517696406806844,1.7787859527828453
0.11314615686632834,1.8760727650292566,-12.109047831093047,3.5575719055656907,-0.7521455300585327,1.777160591114073
0.11857547015093495,1.876911264730861,-12.10863575900646,3.554321182228146,-0.7538225294617413,1.7811329780329865
0.12199456381726392,1.877592655321036,-12.108474986905083,3.562265956065973,-0.7551853106420915,1.7803810099747726
0.12831761554577348,1.8773714852702958,-12.109682519652068,3.560762019949545,-0.7547429705406112,1.7771654220660624
0.13919264432592193,1.8772431712141657,-12.11072367459307,3.554330844132125,-0.7544863424283511,1.7742911155786572
0.14478362750741702,1.8779826357658975,-12.110466388631558,3.5485822311573143,-0.7559652715318148,1.775109143501006
0.14346572337484176,1.8782469029928626,-12.110984248829755,3.550218287002012,-0.756493805985745,1.7725314807892234
0.14309258060543684,1.8781246550568587,-12.112016907320111,3.545062961578447,-0.7562493101137372,1.7695073958351062
0.14604563226135348,1.8783200205372148,-12.112542060896613,3.5390147916702124,-0.7566400410744496,1.7688721542361314
0.14565562056228387,1.8792008101286455,-12.112123999246835,3.537744308472263,-0.7584016202573108,1.7679563544526906
0.1389434978290005,1.8793524751676496,-12.11276120854031,3.5359127089053812,-0.758704950335319,1.765609666027477
0.13532734467626284,1.8802080216330894,-12.11233156631402,3.531219332054954,-0.7604160432661989,1.7658539924375336
0.13046415215728047,1.880950089152757,-12.112123829919682,3.531707984875067,-0.7619001783055344,1.7647407650925238
0.1258098818215565,1.8812944326381351,-12.1124333142333,3.5294815301850475,-0.7625888652762904,1.7626183936749855
0.12242119242983662,1.8812798474395187,-12.113279241051085,3.525236787349971,-0.7625596948790576,1.76087596444617
0.11887786219584306,1.8817776625727247,-12.113422921808299,3.52175192889234,-0.7635553251454696,1.759100899901072
0.11785482272132697,1.8819428900960926,-12.114043881600606,3.518201799802144,-0.7638857801922055,1.757088403218481
0.1162335188695156,1.8814283351575192,-12.11562951205009,3.514176806436962,-0.7628566703150587,1.7539146387566515
0.1105053989573399,1.8822222147085053,-12.115235902871913,3.507829277513303,-0.7644444294170311,1.75896685520736
0.09638555583599917,1.8830325744090015,-12.114895393588153,3.51793371041472,-0.7660651488180233,1.760712559516284
0.08618675256145991,1.88339200758141,-12.115208779788627,3.521425119032568,-0.7667840151628399,1.7586345235923144
0.08176531773959717,1.884361783261096,-12.114642374126882,3.517269047184629,-0.7687235665222121,1.7589411782515945
0.07686513520663496,1.8849158688872605,-12.114653163818526,3.517882356503189,-0.7698317377745413,1.7605574911797321
0.07384419062337777,1.8859240219890703,-12.113991147927198,3.5211149823594643,-0.7718480439781609,1.7649822734127492
0.06924046132319894,1.8863059083486828,-12.114266414182845,3.5299645468254983,-0.7726118166973861,1.7648480295586346
0.07267882370693002,1.8874880276656483,-12.113351784240715,3.5296960591172692,-0.774976055331317,1.7683996598492722
0.07691538566315614,1.888169289197563,-12.11314539398038,3.5367993196985443,-0.7763385783951464,1.7698442806744688
0.08502735367305192,1.8874863310418355,-12.114948124733324,3.5396885613489375,-0.7749726620836913,1.7661964331064768
0.09890627677693331,1.8872628420174171,-12.116121825011756,3.5323928662129536,-0.7745256840348544,1.7642946625476637
0.10928457757800025,1.8880830595106095,-12.115746360661683,3.5285893250953273,-0.7761661190212394,1.765253332344379
0.11523220217474694,1.88878892476886,-12.115545691420541,3.530506664688758,-0.7775778495377406,1.7656868569992215
0.12133217477708769,1.8887880691032475,-12.116398105504672,3.531373713998443,-0.7775761382065155,1.7627021353002617
0.1321585590180412,1.8892024899045303,-12.116605553665504,3.5254042706005233,-0.7784049798090813,1.7612485618226952
0.13769416799860146,1.8894471214325148,-12.117068807730476,3.5224971236453904,-0.7788942428650502,1.7609144216225106
0.14205018496339328,1.8886970521978406,-12.119014617429865,3.521828843245021,-0.7773941043957019,1.753542665002986
0.1484395825329088,1.8892538321450572,-12.119004998168284,3.507085330005972,-0.7785076642901351,1.756585054259652
0.14812997625868185,1.8895783165368214,-12.11936804414318,3.513170108519304,-0.7791566330736633,1.7552301272701378
0.14873885238913154,1.888718423760176,-12.121501225296916,3.5104602545402757,-0.7774368475203723,1.7470536376287773
0.1531004340727815,1.8889669918793455,-12.12194704115577,3.4941072752575546,-0.7779339837587113,1.744745533266259
0.1530729695516655,1.8900041079682268,-12.121253268833796,3.489491066532518,-0.7800082159364741,1.7470135952473984
0.1482965711427724,1.8910546491489688,-12.120530868752025,3.494027190494797,-0.7821092982979583,1.749875619060707
0.14464001809013105,1.8913667916867352,-12.120863490272546,3.499751238121414,-0.7827335833734911,1.7500628465486303
0.14632992302222192,1.892636181313555,-12.119825693086769,3.5001256930972606,-0.7852723626271307,1.7528095907835333
0.14220760443203595,1.8932182279568794,-12.119769641746453,3.5056191815670665,-0.7864364559137793,1.7525392051218642
0.14350263794918483,1.8937172974918521,-12.119869575387401,3.5050784102437285,-0.7874345949837245,1.7517748685848002
0.14270720962706562,1.8938980882354386,-12.120396592338075,3.5035497371696005,-0.7877961764708976,1.750160872192889
0.14315950653864817,1.8941048484936651,-12.12085705701428,3.500321744385778,-0.7882096969873509,1.7539174050858888
0.13820053311649616,1.8934030449902166,-12.122715811738336,3.5078348101717776,-0.7868060899804538,1.7492598045044352
0.13304675313379555,1.8939982897302352,-12.122620526833689,3.4985196090088704,-0.7879965794604912,1.7507616174816705
0.12449074336423216,1.8953292421980776,-12.121490821216879,3.501523234963341,-0.790658484396176,1.7531274842049935
0.11822722894848958,1.8955034428552004,-12.121975597329444,3.506254968409987,-0.7910068857104218,1.76001526483852
0.11757562356660678,1.8962723865009639,-12.121653548758472,3.52003052967704,-0.7925447730019487,1.7610962283551217
0.11288509166758942,1.8963173585833193,-12.122390326824389,3.5221924567102434,-0.7926347171666596,1.7591561735789962
0.11396856672649314,1.8955944171001418,-12.124307551272672,3.5183123471579925,-0.7911888342003044,1.7512494034893753
0.1152761133513085,1.8958033176095237,-12.124820688472285,3.5024988069787506,-0.7916066352190682,1.7498905860819345
0.10973976055181822,1.8963749750856584,-12.124774399773585,3.499781172163869,-0.7927499501713375,1.7497362895331037
0.1079925758329594,1.896432323565129,-12.125465104093143,3.4994725790662073,-0.7928646471302788,1.7483195781258891
0.10774342604259246,1.896813343353574,-12.125721437378752,3.4966391562517782,-0.793626686707169,1.7476758035313689
0.10557848284931559,1.8957735414396824,-12.128069648475268,3.4953516070627377,-0.7915470828793855,1.7375022283501889
0.11304570381593138,1.8965790136171568,-12.127650745301768,3.4750044567003777,-0.7931580272343345,1.7416087553271944
0.109999616514461,1.896115179359379,-12.129142581335685,3.483217510654389,-0.7922303587187789,1.7367957020788976
0.10906327394746107,1.8967030115883077,-12.129064668523311,3.473591404157795,-0.7934060231766363,1.7384238831977414
0.09802263795907962,1.8965063001593754,-12.130153664344052,3.476847766395483,-0.7930126003187716,1.7345411383058384
0.09048640922982543,1.897080377008172,-12.130134718343662,3.469082276611677,-0.7941607540163645,1.736951175332276
0.0736508412527801,1.897153617204012,-12.13079714260032,3.473902350664552,-0.7943072344080446,1.7383620212728073
0.05812125013920877,1.8976696832350168,-12.130820884973252,3.4767240425456145,-0.7953393664700542,1.7377299997290292
0.03956657788908835,1.8975261225101239,-12.13179636736357,3.4754599994580584,-0.7950522450202682,1.734992171040831
0.024561420549369828,1.8982949543161791,-12.131418376766815,3.469984342081662,-0.7965899086323784,1.738497108470166
0.0058462283808076165,1.899000903569655,-12.131188160288549,3.476994216940332,-0.7980018071393299,1.7391661302730368
-0.005068967525300394,1.8994346202095218,-12.131312871596934,3.4783322605460736,-0.7988692404190635,1.7413528147791295
-0.014413574783203487,1.8991537041140238,-12.132517115282567,3.482705629558259,-0.7983074082280674,1.7387839640077978
-0.02643694012358644,1.8992872399815643,-12.13303004984615,3.4775679280155956,-0.7985744799631485,1.7430813783154169
-0.04143833520122442,1.8992951416842987,-12.13381543376267,3.4861627566308337,-0.798590283368617,1.7404392900807601
-0.05893053129404713,1.8999923494496636,-12.133572597654165,3.4808785801615203,-0.7999846988993468,1.7416760327456589
-0.07792155047678584,1.8997984410398436,-12.13461777517646,3.4833520654913177,-0.7995968820797069,1.7420572156616079
-0.08725561754132016,1.9005994222507423,-12.134242995526021,3.4841144313232157,-0.8011988445015041,1.7447917957238994
-0.1004843521374017,1.900647977478782,-12.134988745380523,3.489583591447799,-0.8012959549575832,1.74294298500217
-0.11010677543241165,1.9019143766863336,-12.133939932017531,3.48588597000434,-0.8038287533726864,1.7451632559379433
-0.12223837223859668,1.9021608820159799,-12.134342408278174,3.4903265118758866,-0.8043217640319791,1.7458996717280757
-0.12655321123815533,1.9021691669795142,-12.135111396924351,3.4917993434561514,-0.8043383339590477,1.744607163904395
-0.12350045141804245,1.9026398428474487,-12.135245563831996,3.48921432780879,-0.8052796856949167,1.7435257245387579
-0.1250155610368111,1.9032011563111475,-12.135251635115008,3.4870514490775157,-0.8064023126223141,1.7424657829902543
-0.12149432406357086,1.9031648571406061,-12.136088179620385,3.4849315659805087,-0.8063297142812313,1.741546058180325
-0.11605444644955298,1.9030824961967545,-12.136977057902715,3.48309211636065,-0.806164992393528,1.7401164398758353
-0.10913805707534685,1.9032030703438805,-12.137602839455191,3.4802328797516706,-0.8064061406877798,1.7376538932287553
-0.10545455521907243,1.9028289463240085,-12.138963778062054,3.4753077864575106,-0.8056578926480357,1.733738156612479
-0.09980480339056186,1.902882690343752,-12.139650720230394,3.467476313224958,-0.8057653806875223,1.7312051686714847
-0.09923914269414347,1.9034255428394018,-12.13965607419664,3.4624103373429693,-0.8068510856788221,1.7311951766792564
-0.09848078921201164,1.9035692402820876,-12.140232551227015,3.4623903533585128,-0.8071384805641938,1.7284969254030416
-0.09758852423026809,1.902735091080786,-12.142231089415418,3.456993850806083,-0.8054701821615909,1.7199098366057066
-0.09688810375695844,1.902846113030358,-12.142828371428362,3.4398196732114132,-0.8056922260607348,1.717854090089901
-0.10443146906498946,1.9022668358716082,-12.144408903885585,3.435708180179802,-0.8045336717432353,1.716906858310748
-0.10813189506558096,1.9023464778302235,-12.145097011296896,3.433813716621496,-0.8046929556604658,1.7144631302940891
-0.1166086466567613,1.902274881952984,-12.145967224044567,3.4289262605881783,-0.804549763905987,1.7119983846136673
-0.1241911049160116,1.902021104887387,-12.147066343650975,3.4239967692273345,-0.8040422097747929,1.7098196716346847
-0.1351106089663343,1.9021236262569292,-12.147623751418116,3.4196393432693695,-0.8042472525138775,1.7088644573710878
-0.1470730868851966,1.9024991923386187,-12.1478284728452,3.4177289147421757,-0.8049983846772566,1.7085013780202367
-0.16313687838991164,1.9021612318676788,-12.14905290141542,3.4170027560404734,-0.8043224637353767,1.7063536315217134
-0.17567106892921203,1.9025528669431542,-12.149188936852944,3.4127072630434268,-0.8051057338863273,1.7102463073144865
-0.1982424427933811,1.9023942393492408,-12.150139213293167,3.420492614628973,-0.8047884786985008,1.7089250136881218
-0.2185730503935055,1.9022451094943291,-12.151081942010737,3.4178500273762435,-0.8044902189886775,1.7075689311197975
-0.23956890740832115,1.9032058057983143,-12.150397568054794,3.415137862239595,-0.8064116115966479,1.7126368859412675
-0.266212785627415,1.902885268647957,-12.151585728570112,3.425273771882535,-0.8057705372959332,1.7114813040584547
-0.28728574533846185,1.9027889250942738,-12.152463974895477,3.4229626081169093,-0.805577850188567,1.7101181929504592
-0.3099456536681675,1.9027551583932738,-12.153271776844646,3.4202363859009184,-0.805510316786567,1.7108444576282966
-0.3324029316063193,1.9023421694417058,-12.154643784387996,3.4216889152565932,-0.8046843388834308,1.7086222080101645
-0.3542166952840127,1.9025132581584558,-12.155154110944983,3.417244416020329,-0.8050265163169309,1.7094850478968726
-0.37712568920005296,1.9027274451270197,-12.155601435070063,3.4189700957937452,-0.8054548902540587,1.7089147063636996
-0.3989432427998736,1.9026433733143926,-12.156470788582196,3.417829412727399,-0.8052867466288044,1.7066738850066445
-0.4210958217220071,1.9017520610563914,-12.15850999574822,3.413347770013289,-0.8035041221128019,1.6997597633054895
-0.4417096855427136,1.9016372036104927,-12.159461122372926,3.399519526610979,-0.8032744072210045,1.6956603590500565
-0.46368546285814105,1.901137773812391,-12.160920096787956,3.391320718100113,-0.8022755476248011,1.690279435805332
-0.48509296949769265,1.9014970027420373,-12.161078660048666,3.380558871610664,-0.802994005484094,1.692233107777326
-0.5074234578132657,1.901334822111129,-12.162039482447055,3.384466215554652,-0.8026696442222777,1.6886371537913873
-0.5260936995935452,1.9016402021317966,-12.16227627704917,3.3772743075827747,-0.8032804042636129,1.6937142781471652
-0.5454726065032087,1.9011279490945212,-12.163726357125567,3.3874285562943305,-0.802255898189062,1.6915586883619058
-0.5590220580371899,1.9008301071936133,-12.16484597885313,3.3831173767238116,-0.8016602143872461,1.692833224010725
-0.5751795874503784,1.900837946501515,-12.165579465327092,3.38566644802145,-0.8016758930030496,1.690546588935292
-0.5944695005789562,1.9003966808045898,-12.166937290065139,3.381093177870584,-0.8007933616091989,1.6875427634456766
-0.6099828413295754,1.9002960223344463,-12.167832837771785,3.375085526891353,-0.8005920446689118,1.6876970033214302
-0.6295204011621998,1.9003397886608286,-12.168463920574183,3.3753940066428605,-0.8006795773216765,1.6906920478091252
-0.6482040654855687,1.9001279487517615,-12.169476797259215,3.3813840956182504,-0.8002558975035422,1.6905757554146676
-0.6643037560018605,1.8998660052184537,-12.170629419393151,3.3811515108293353,-0.7997320104369267,1.6864703287228207
-0.685445005024583,1.899958742086443,-12.171190563106132,3.3729406574456413,-0.7999174841729053,1.688863950103952
-0.7063151628428184,1.8999976045706213,-12.171829461988619,3.377727900207904,-0.7999952091412619,1.6920142047972677
-0.7251630318918494,1.8995566608013115,-12.173215020201994,3.3840284095945354,-0.799113321602642,1.6934708000485792
-0.7414877123238703,1.8993718304575617,-12.174196520172568,3.3869416000971584,-0.7987436609151426,1.692795775787606
-0.7576860468424691,1.8998170770052336,-12.174322212395273,3.385591551575212,-0.7996341540104863,1.6957811208785751
-0.7762820410599929,1.8994923628411327,-12.175492280268026,3.3915622417571503,-0.7989847256822844,1.695455993828636
-0.7909650889191351,1.8987563509865268,-12.177334058117872,3.390911987657272,-0.7975127019730726,1.6901251567058284
-0.8048910253046913,1.8985052364334742,-12.178411198045527,3.380250313411657,-0.7970104728669672,1.687606600990453
-0.8184600351758,1.8984463738125796,-12.179203775102588,3.375213201980906,-0.7968927476251779,1.6886014695785152
-0.832346533063097,1.8980175641972887,-12.180547771939972,3.3772029391570304,-0.7960351283945963,1.6838525541766471
-0.8422882313681015,1.8982887142221747,-12.180899277083846,3.3677051083532943,-0.7965774284443682,1.6870517575035884
-0.8571420422546439,1.898840024727073,-12.18077447816319,3.3741035150071768,-0.7976800494541644,1.692056350498625
-0.8697528343007814,1.8985970730649402,-12.1818184951794,3.38411270099725,-0.7971941461298989,1.6939443869644208
-0.8783279952771128,1.8983966955975344,-12.182832039817955,3.3878887739288417,-0.7967933911950873,1.6941211863544252
-0.8848854715959682,1.8987342191294228,-12.1830648255561,3.3882423727088504,-0.7974684382588638,1.6977045185202446
-0.8915283963974758,1.8982305354726852,-12.184605008411125,3.3954090370404892,-0.7964610709453888,1.6938930714377376
-0.8935842950559536,1.8975223216108077,-12.186406643844096,3.387786142875475,-0.7950446432216337,1.6908097442796224
-0.8947852732076527,1.89718308612124,-12.187625550698188,3.3816194885592448,-0.7943661722424982,1.69069991961438
-0.8992836460195424,1.8967772629761317,-12.188925215198188,3.38139983922876,-0.7935545259522816,1.690471866076458
-0.9049649712933423,1.8968318447872006,-12.189625850834902,3.380943732152916,-0.7936636895744192,1.688875674426866
-0.9121012808884874,1.8965767296237286,-12.190761526494123,3.377751348853732,-0.7931534592474752,1.6854044430424606
-0.9163395080962946,1.8961559280465201,-12.192069788765423,3.3708088860849212,-0.7923118560930583,1.6839871985720083
-0.9215004110426293,1.8960890722077492,-12.192907741766977,3.3679743971440166,-0.7921781444155168,1.682181434890398
-0.9293358123539779,1.8955233329617815,-12.194467232942076,3.364362869780796,-0.7910466659235814,1.6854914676335742
-0.9336380979919721,1.8950772656926096,-12.195846874502992,3.3709829352671483,-0.7901545313852374,1.6857652258064533
-0.939712041718817,1.8952750994725074,-12.19627137307777,3.3715304516129065,-0.7905501989450329,1.689049679962952
-0.9515890975555124,1.894947343006873,-12.19746037835371,3.378099359925904,-0.7898946860137643,1.6870016026078172
-0.9591630017801922,1.8950861590793981,-12.197993641539737,3.3740032052156343,-0.7901723181588143,1.686064410772863
-0.9655095857378662,1.8946584665129778,-12.199322047987186,3.372128821545726,-0.7893169330259737,1.6875056749499442
-0.9681691455503127,1.8947463161308333,-12.199934143320775,3.3750113498998884,-0.7894926322616848,1.6865542844561792
-0.973598643704646,1.894937669789049,-12.200427230693222,3.3731085689123583,-0.789875339578116,1.6872569235365122
-0.9763466786234645,1.8941867231364191,-12.202234540458813,3.3745138470730245,-0.7883734462728564,1.6856910923667543
-0.9769817747711205,1.893386680253044,-12.204152418611013,3.3713821847335086,-0.7867733605061059,1.6824068343333678
-0.983860846264264,1.8924706444206676,-12.20616831763864,3.3648136686667356,-0.7849412888413534,1.6775443789606956
-0.9930555314810032,1.8911878683321808,-12.208780082113398,3.3550887579213913,-0.7823757366643799,1.6690989582573441
-1.0045986610683624,1.8909173201252485,-12.209932136197251,3.3381979165146882,-0.7818346402505153,1.665655104819477
-1.026448137394528,1.8913636921896837,-12.210035433673848,3.331310209638954,-0.7827273843793857,1.668812103406361
-1.0487196943060528,1.891056305472216,-12.211183307805527,3.337624206812722,-0.7821126109444503,1.6676739698624379
-1.0630649319970882,1.8914767711000926,-12.21128537757382,3.3353479397248758,-0.7829535422002035,1.6726833771696312
-1.0787206074250495,1.8906027354501174,-12.213276557348362,3.3453667543392624,-0.7812054709002532,1.6680472227123402
-1.0865929565113444,1.8907331955521014,-12.213819967526938,3.3360944454246804,-0.7814663911042211,1.6680972911353016
-1.101185113661872,1.8902799051285222,-12.215215398844396,3.336194582270603,-0.7805598102570627,1.6687301139185777
-1.1120090150752748,1.8903434173881684,-12.215817404488911,3.3374602278371555,-0.7806868347763551,1.6708398981353687
-1.1239200548883677,1.8900095619949997,-12.217037977037771,3.3416797962707374,-0.780019123990018,1.669302999727313
-1.1337485905551947,1.8890359848940965,-12.21913519204854,3.338605999454626,-0.7780719697882117,1.6647549464856426
-1.14049755330635,1.8893334021377646,-12.219431834120963,3.329509892971285,-0.7786668042755477,1.6671161194124575
-1.152457555909896,1.8890363111589907,-12.220629364804275,3.334232238824915,-0.7780726223180001,1.6674767615718067
-1.1619814080143325,1.8890426834171392,-12.221349022245985,3.3349535231436134,-0.7780853668342969,1.6673538126356735
-1.1717083380618778,1.8880875821467407,-12.223489143743569,3.334707625271347,-0.7761751642934996,1.6625554049853444
-1.1793220398720194,1.8876831110326897,-12.224782145198379,3.3251108099706888,-0.7753662220653975,1.661223530727127
-1.1904715249982534,1.8881648434098874,-12.224763733563854,3.322447061454254,-0.7763296868197928,1.6664171490995723
-1.2059002074131815,1.8868867184879652,-12.227360058119386,3.3328342981991446,-0.7737734369759484,1.660592922000421
-1.2149617665563657,1.8864551739133353,-12.228674543157902,3.321185844000842,-0.7729103478266887,1.6601835905162672
-1.2281749601631624,1.8849267375161458,-12.231613935015698,3.3203671810325344,-0.7698534750323097,1.6521476856749318
-1.2363511194983392,1.8845063955399346,-12.232861746412492,3.3042953713498635,-0.7690127910798874,1.6541582137885922
-1.2496760730398098,1.8846761329653658,-12.233348768133093,3.3083164275771844,-0.76935226593075,1.654071324775204
-1.2596672610012956,1.883869739708307,-12.235243020408777,3.308142649550408,-0.7677394794166325,1.6516642798199341
-1.2644804535464669,1.8827603753284954,-12.237550658371175,3.3033285596398683,-0.765520750657009,1.648093575866794
-1.2745048817584852,1.8818284135587964,-12.23955428992363,3.296187151733588,-0.7636568271176112,1.6481312673033577
-1.2884968097995682,1.8819742258130017,-12.240027850209954,3.2962625346067154,-0.7639484516260218,1.651816015756461
-1.3115816863777408,1.8814896803251537,-12.241400409735903,3.303632031512922,-0.762979360650326,1.6544819956427435
-1.327598991669939,1.8815023369713184,-12.242063100398832,3.308963991285487,-0.7630046739426556,1.6588510220092627
-1.3475431581406685,1.8805944114075686,-12.244084513536514,3.3177020440185254,-0.761188822815156,1.6559790883836625
-1.3623913703468151,1.8808666553560718,-12.24438081810076,3.311958176767325,-0.7617333107121623,1.6606637507517705
-1.3845716395311225,1.880814901753258,-12.24524289408055,3.321327501503541,-0.7616298035065348,1.659970558478426
-1.4022525882815007,1.8798082045284559,-12.247433455521854,3.319941116956852,-0.7596164090569305,1.6573358106233225
-1.4125373037617717,1.8794759750267,-12.248594280573199,3.314671621246645,-0.7589519500534189,1.6636419980463377
-1.4306106968082712,1.879174527286482,-12.249686517132954,3.3272839960926754,-0.7583490545729826,1.673579813880682
-1.4484493160256946,1.879092869723562,-12.250593183375841,3.347159627761364,-0.7581857394471428,1.6732305856700174
-1.4677550682442355,1.87906628585319,-12.251392137071914,3.3464611713400347,-0.7581325717063987,1.6745395109010563
-1.4822932310804102,1.8790030401905655,-12.252203879029045,3.3490790218021127,-0.7580060803811501,1.6793717792897138
-1.4942487588654707,1.8783766378376843,-12.253857863980933,3.3587435585794276,-0.7567532756753877,1.6762911170893493
-1.5071208166172223,1.877821956234759,-12.255397010119944,3.3525822341786986,-0.7556439124695371,1.673241458636727
-1.5164212162593635,1.8777197435637367,-12.256300605089676,3.346482917273454,-0.7554394871274929,1.6720672436426143
-1.526817647941762,1.877735186412344,-12.25702767489588,3.3441344872852286,-0.7554703728247074,1.6739046695613085
-1.5299046000963816,1.8770932924588961,-12.258701641923015,3.347809339122617,-0.7541865849178119,1.671885627883303
-1.5285205524075849,1.8765013376046482,-12.260297101578184,3.343771255766606,-0.7530026752093159,1.6715691883482438
-1.530838782200842,1.8765738456160965,-12.260882664625129,3.3431383766964875,-0.7531476912322126,1.6760557150951834
-1.5332000677708333,1.8757359751411242,-12.262811925160037,3.3521114301903667,-0.7514719502822681,1.6760888604425856
-1.526807263091337,1.8744437085050962,-12.265420854025589,3.3521777208851713,-0.7488874170102123,1.67020205413908
-1.5182610416717637,1.8740895058695877,-12.26665722114608,3.34040410827816,-0.7481790117391954,1.6720156620319302
-1.5187052879344343,1.8741809269358578,-12.267276502859058,3.3440313240638604,-0.7483618538717356,1.6740211573895072
-1.5191360789274047,1.873790857584251,-12.26858017789589,3.3480423147790144,-0.7475817151685222,1.6774810810601295
-1.5176122771888085,1.8730073120730506,-12.270473405389213,3.354962162120259,-0.7460146241461213,1.676736941533424
-1.5121997233756694,1.8721662151659666,-12.272411520315798,3.353473883066848,-0.7443324303319535,1.6779153649557463
-1.5118022460878642,1.8710515387135074,-12.274745793145664,3.3558307299114927,-0.7421030774270352,1.6732450488730288
-1.5144932821565096,1.8705230246943356,-12.276245473160847,3.3464900977460577,-0.7410460493886918,1.6741207384963657
-1.518944673516918,1.8702244704580586,-12.277403588932662,3.3482414769927313,-0.7404489409161378,1.6773642956693062
-1.5248080684754974,1.870197576212205,-12.2781959703856,3.3547285913386125,-0.7403951524244302,1.6800706479369265
-1.5311806991700365,1.8707191781035426,-12.278230813642296,3.360141295873853,-0.7414383562071057,1.6843746069179044
-1.5384924812372898,1.8702196221125982,-12.279709448658112,3.368749213835809,-0.740439244225217,1.6895872703515322
-1.5403518893084325,1.869590200878627,-12.28141106798408,3.3791745407030644,-0.7391804017572746,1.6872812580713816
-1.5440480254425495,1.8680629770578838,-12.284436423714382,3.3745625161427633,-0.7361259541157883,1.6795042029505534
-1.5455191451750157,1.8665596556759272,-12.287380044700706,3.3590084059011067,-0.7331193113518752,1.6718163178918963
-1.551777258432292,1.8663549810527225,-12.28841871472956,3.3436326357837927,-0.7327099621054656,1.6725075292814273
-1.5681529652040869,1.8658546361156803,-12.28991008064229,3.3450150585628546,-0.7317092722313812,1.6738730886416944
-1.5850029119258462,1.8652086919820496,-12.291659151674587,3.3477461772833887,-0.73041738396412,1.67102769427881
-1.6007804307889,1.8652129078979498,-12.292389451637609,3.34205538855762,-0.7304258157959203,1.6738027772657518
-1.6184882837706276,1.8642258972541232,-12.294622082613918,3.3476055545315035,-0.7284517945082669,1.6703843106677396
-1.6340369105708739,1.8633727273481395,-12.296658164332163,3.3407686213354792,-0.7267454546962995,1.6662444334613642
-1.6505623694688154,1.8625526024867824,-12.298617889676636,3.3324888669227284,-0.7251052049735852,1.6631901769270423
-1.6649455777291404,1.8621305537088961,-12.299983859328178,3.3263803538540846,-0.7242611074178125,1.660950608985635
-1.6824615110317858,1.8619368251034547,-12.30095830896613,3.32190121797127,-0.7238736502069297,1.6657794361569298
-1.7030548423172487,1.8623199978781086,-12.301112120361092,3.3315588723138596,-0.7246399957562376,1.6747095479788712
-1.7237900097961862,1.8617321105349534,-12.302734452845911,3.3494190959577423,-0.7234642210699269,1.6742113166151493
-1.7357251130658504,1.8611938555344132,-12.304223171751376,3.3484226332302987,-0.7223877110688465,1.676285285333611
-1.746188800543976,1.8612787652353286,-12.30486539914659,3.352570570667222,-0.7225575304706772,1.6780847400995302
-1.7548486686648381,1.861436629482134,-12.305340315482015,3.3561694801990605,-0.7228732589642882,1.6831680619347482
-1.7601228945055443,1.8613393232465312,-12.306254740618757,3.3663361238694964,-0.7226786464930826,1.686927566736655
-1.7618428377109971,1.8605670907520577,-12.308164257099474,3.37385513347331,-0.7211341815041354,1.6852701475990344
-1.761795049788489,1.8599877077549443,-12.309769466621534,3.3705402951980687,-0.7199754155099086,1.6865633436626466
-1.7685596927514595,1.859637832727821,-12.311070224486713,3.373126687325293,-0.7192756654556619,1.6867809462011185
-1.7758299499424357,1.8588301022860727,-12.312984749959373,3.373561892402237,-0.7176602045721653,1.6899681589460278
-1.7801698052403445,1.8586586795510847,-12.314031006185088,3.3799363178920556,-0.7173173591021891,1.6975853364110436
-1.7820901325598797,1.8581622692247552,-12.315560507841992,3.395170672822087,-0.7163245384495304,1.699262588579072
-1.7761600467335619,1.8588168735266086,-12.315389382665014,3.398525177158144,-0.7176337470532373,1.7031082025172755
-1.7741095134264775,1.8581024730925906,-12.317231682793178,3.406216405034551,-0.7162049461852011,1.7027578392562155
-1.7621275015133975,1.8570822405636112,-12.31954381381552,3.405515678512431,-0.7141644811272423,1.7000395932622592
-1.7493348128200221,1.8568975619096568,-12.32051526987906,3.4000791865245183,-0.7137951238193334,1.7102367633720608
-1.7435887321279235,1.85684363662667,-12.32138963972671,3.4204735267441215,-0.7136872732533601,1.7129804359263374
-1.7338197679227534,1.8564132662140602,-12.322839303910705,3.425960871852675,-0.7128265324281404,1.7128692640493948
-1.718873133471046,1.855719388038803,-12.324695840988454,3.4257385280987895,-0.7114387760776258,1.7108098238968572
-1.701193226874551,1.8551953544119457,-12.326270055634462,3.4216196477937144,-0.7103907088239114,1.7089623761740729
-1.685280377335923,1.8550907951441482,-12.327214999791284,3.4179247523481457,-0.7101815902883162,1.715538408509813
-1.6721382838150731,1.8553262045732684,-12.327692894430022,3.431076817019626,-0.7106524091465566,1.7204362197064003
-1.6625322423408093,1.8546864884238183,-12.329485032572496,3.4408724394128005,-0.7093729768476563,1.718735003734869
-1.6466948812309585,1.8535925259697827,-12.33192000321899,3.437470007469738,-0.7071850519395851,1.7125858772947613
-1.6305259631771847,1.8535867239275698,-12.332793915786626,3.4251717545895226,-0.7071734478551592,1.7170511891965707
-1.623255060149555,1.852269396496086,-12.335541151491379,3.4341023783931415,-0.7045387929921915,1.7136084693111409
-1.6140578340190892,1.8512303472132619,-12.337870094054892,3.4272169386222817,-0.7024606944265435,1.7115378799548886
-1.6120053815483555,1.8515228380220148,-12.338278906894285,3.423075759909777,-0.7030456760440491,1.7179639616482607
-1.614951841959014,1.8505249128128547,-12.340590454427996,3.4359279232965214,-0.701049825625729,1.7147805385886623
-1.6106595519032592,1.8499279897650447,-12.342300810522522,3.4295610771773246,-0.699855979530109,1.7112067777221447
-1.6110402193574433,1.8489233979589537,-12.34456956360836,3.4224135554442894,-0.6978467959179271,1.7083530504588471
-1.6099091837108386,1.8491228777844273,-12.345064204518778,3.4167061009176942,-0.6982457555688742,1.7140977661372179
-1.6164131119488534,1.8494670568871405,-12.34535718449257,3.4281955322744357,-0.6989341137743007,1.7197358091961124
-1.6201881815803834,1.849607231613679,-12.346009517744282,3.4394716183922247,-0.6992144632273775,1.7237410296473623
-1.6256027225729497,1.8495304470834903,-12.346936248161207,3.4474820592947246,-0.6990608941670003,1.728225579096079
-1.6266315378206553,1.848408584739732,-12.34942224606273,3.456451158192158,-0.6968171694794836,1.724972118429751
-1.620757151005627,1.8481328991287544,-12.350656543502732,3.449944236859502,-0.6962657982575284,1.7247449274923563
-1.622010676851568,1.8474701145045924,-12.352459787337532,3.4494898549847126,-0.6949402290092044,1.726369109596872
-1.6238467822820137,1.848256840685121,-12.352146545349727,3.452738219193744,-0.6965136813702616,1.7322285517890608
-1.6307748197448078,1.8483927531384041,-12.352840131169055,3.4644571035781215,-0.696785506276828,1.7345655363547652
-1.6285749851233362,1.8482081429170223,-12.353997848156201,3.4691310727095304,-0.6964162858340643,1.7381196920910504
-1.622449436723354,1.8476413388035393,-12.355669515048726,3.476239384182101,-0.6952826776070984,1.7446867289713375
-1.6160630400885996,1.847650745844786,-12.35657981323011,3.489373457942675,-0.6953014916895918,1.7463078118932487
-1.6153608216213176,1.8477950348504044,-12.357226049901538,3.4926156237864974,-0.6955900697008288,1.746763369525931
-1.6119535575813373,1.8484399624054144,-12.357159469759509,3.493526739051862,-0.6968799248108489,1.7501652610678924
-1.6036905254153773,1.848336499897708,-12.358180834066891,3.5003305221357848,-0.6966729997954364,1.7495033475109352
-1.590216995216819,1.8476293273881659,-12.360108357332923,3.4990066950218703,-0.695258654776352,1.749073536814094
-1.5693690415313526,1.8475345082015726,-12.361132628471085,3.498147073628188,-0.6950690164031654,1.753863575520198
-1.5485485547123101,1.8473354347284472,-12.362374518192574,3.507727151040396,-0.6946708694569146,1.7527011681814701
-1.5296203330637557,1.8465526164661812,-12.364407023522205,3.5054023363629403,-0.6931052329323825,1.7507678223647893
-1.5055873596658564,1.8469537187684433,-12.364669473367849,3.5015356447295787,-0.6939074375369066,1.7538203951220395
-1.485682766240913,1.8468899575076387,-12.365656441828799,3.507640790244079,-0.6937799150152976,1.7508095367019416
-1.457780523278025,1.8463083592467116,-12.367427288870275,3.5016190734038832,-0.6926167184934434,1.7497820712458316
-1.430322305174542,1.8462004499050155,-12.368468747475244,3.4995641424916633,-0.6924008998100515,1.7513848857715515
-1.4092710334048721,1.84526360446508,-12.370729603471935,3.502769771543103,-0.6905272089301807,1.7464118716000911
-1.38798063583185,1.8461073418153546,-12.370348520292396,3.4928237432001823,-0.6922146836307299,1.7522164378950968
-1.3759625313659907,1.8469643312663264,-12.369960605861815,3.5044328757901937,-0.6939286625326734,1.7596467409608203
-1.3545139873685876,1.8469412276797084,-12.3709029696716,3.5192934819216406,-0.6938824553594374,1.7589426272576718
-1.3254842259385313,1.8472553704816383,-12.371315750322218,3.5178852545153436,-0.6945107409632975,1.7597598192127852
-1.2948179998447067,1.8462620574314812,-12.373652712431873,3.5195196384255705,-0.6925241148629829,1.7559355662848306
-1.2642636342076319,1.8459017975849148,-12.375051602916306,3.511871132569661,-0.6918035951698502,1.7592502199015065
-1.2417529598284496,1.8453850093336752,-12.376721409084386,3.518500439803013,-0.6907700186673713,1.755829999952294
-1.2206213620800348,1.8449651407816017,-12.378241223263757,3.511659999904588,-0.689930281563224,1.7518957387317997
-1.2004518393996282,1.8450646655840088,-12.379015382267658,3.5037914774635994,-0.6901293311680382,1.7537718364623645
-1.1847048296755176,1.8443656973947604,-12.380911714280963,3.507543672924729,-0.6887313947895415,1.7507288493928268
-1.1683054520829756,1.844786141058217,-12.3811645197063,3.5014576987856536,-0.6895722821164546,1.7540298026535233
-1.1626264673760378,1.8437492862443288,-12.383614483464687,3.5080596053070465,-0.6874985724886783,1.7485380440206557
-1.1516550921588138,1.8438533387321836,-12.384352306754804,3.4970760880413114,-0.6877066774643878,1.7493660928212076
-1.1461734400243788,1.8438002054462281,-12.385303899615089,3.498732185642415,-0.6876004108924769,1.7526575571716143
-1.14034430775612,1.844243409206225,-12.385569844805103,3.5053151143432286,-0.6884868184124705,1.7542095458292348
-1.135959644099703,1.8448591266570002,-12.385609561635654,3.5084190916584697,-0.6897182533140209,1.7552141660080505
-1.126746534042038,1.8443155845465116,-12.387388299089881,3.510428332016101,-0.6886311690930436,1.7496198742574074
-1.114403014919505,1.8445224787707375,-12.387955387790612,3.499239748514815,-0.6890449575414953,1.752910560790616
-1.1073031663887658,1.8440548770772036,-12.389453560735367,3.505821121581232,-0.6881097541544277,1.757558762756133
-1.0954777371194435,1.844134900146111,-12.390266337484372,3.515117525512266,-0.6882698002922424,1.7578840716125357
-1.0874804300299932,1.8438263253867146,-12.391633100098817,3.5157681432250714,-0.6876526507734496,1.7550663730004026
-1.074304453831406,1.8436767133926464,-12.392772781659271,3.510132746000805,-0.6873534267853132,1.7557059464215852
-1.0683050829136231,1.8433017836652876,-12.39424242018604,3.5114118928431703,-0.6866035673305956,1.7502117420603265
-1.0678258529546287,1.8436655825270565,-12.39458305220898,3.500423484120653,-0.6873311650541334,1.7534938330753742
-1.071703435054184,1.8434984934341145,-12.395776937196526,3.5069876661507484,-0.6869969868682493,1.7503151376501658
-1.0745933007386164,1.843344868177937,-12.396927904421936,3.5006302753003316,-0.6866897363558944,1.7484691171817066
-1.0740834506891872,1.843520345921139,-12.397530097975181,3.4969382343634132,-0.6870406918422983,1.7501173759241453
-1.0739010423871882,1.8432876016288382,-12.398695747139037,3.5002347518482906,-0.686575203257697,1.7544824823286396
-1.0696841763609264,1.843946077111409,-12.398651235718615,3.508964964657279,-0.6878921542228387,1.7571469369041108
-1.0670091773793615,1.8443547122305723,-12.39889326645016,3.5142938738082217,-0.6887094244611655,1.7638527013233576
-1.0611786776422214,1.8447106195879077,-12.399273108353057,3.527705402646715,-0.6894212391758363,1.7684658979730987
-1.0498656052742152,1.8449303819953136,-12.399875039380914,3.5369317959461974,-0.6898607639906478,1.7721071739975418
-1.0388105291698597,1.8448965693750725,-12.400891866284557,3.5442143479950836,-0.6897931387501658,1.772929923615151
-1.0211746522180079,1.845115988948343,-12.401464505576827,3.545859847230302,-0.6902319778967068,1.7762356853367072
-1.0052285125575455,1.8452630566693464,-12.402168368652418,3.5524713706734143,-0.6905261133387134,1.7735194361605098
-0.9879970448046418,1.8446186144388403,-12.404057628725415,3.5470388723210196,-0.6892372288777012,1.7693617202739813
-0.9706777555569044,1.8433053830510489,-12.406973928901172,3.5387234405479626,-0.6866107661021182,1.7589590364694003
-0.958444910855917,1.8437579308530179,-12.407219885187525,3.5179180729388007,-0.6875158617060562,1.7648662727858666
-0.9546668813342833,1.8439003293942404,-12.407886222585205,3.529732545571733,-0.6878006587885014,1.766364284737675
-0.9492665166043768,1.8431385849953708,-12.409977644311367,3.53272856947535,-0.686277169990762,1.7601036732183173
-0.9388634176719997,1.8425441804902762,-12.411755467972775,3.5202073464366346,-0.685088360980573,1.7579812697736088
-0.933460728876824,1.8425197254485757,-12.412741661131959,3.5159625395472176,-0.685039450897172,1.757192340694926
-0.9311874788178454,1.8434765871451797,-12.412243596933655,3.514384681389852,-0.6869531742903803,1.7610386957491342
-0.9311047368999716,1.844381668803589,-12.411836687002229,3.5220773914982684,-0.688763337607199,1.768249409522278
-0.9242668988746221,1.8448886492090388,-12.412041271521229,3.536498819044556,-0.6897772984180984,1.7691765967718656
-0.9138425044418437,1.8440214805123412,-12.414224513259285,3.538353193543731,-0.6880429610247032,1.7661797707421618
-0.8969544150035311,1.8444358325463563,-12.4145044011568,3.5323595414843236,-0.6888716650927333,1.7671669276787048
-0.8871114912112308,1.8445043666587346,-12.415350181603047,3.5343338553574095,-0.68900873331749,1.7660514775286433
-0.8755495901894097,1.844306598884835,-12.416460489587408,3.5321029550572867,-0.688613197769691,1.7689945048812987
-0.862398141059602,1.8443937164125008,-12.417241399170011,3.5379890097625974,-0.6887874328250225,1.7695112367542856
-0.8547611555630912,1.8440438797013048,-12.418683141023699,3.539022473508571,-0.6880877594026306,1.7670359438284295
-0.8481918785553759,1.8435487729498106,-12.420319255062171,3.534071887656859,-0.687097545899642,1.7686768641502955
-0.8453617742684703,1.8435006506203298,-12.421321573529575,3.537353728300591,-0.6870013012406803,1.7732604474344238
-0.8476837032222129,1.843473259831977,-12.42225885709376,3.5465208948688476,-0.6869465196639747,1.7711540740547658
-0.8506439424057834,1.8438999716502442,-12.42258099904219,3.5423081481095315,-0.6877999433005091,1.7733126545213787
-0.8563704426006531,1.8426902771660605,-12.425308015599049,3.5466253090427573,-0.6853805543321416,1.7638983979246978
-0.8569926559652199,1.843622392427278,-12.424787314119644,3.5277967958493957,-0.687244784854577,1.771681635156584
-0.8659902565171596,1.8438642044106743,-12.425354579280269,3.543363270313168,-0.6877284088213695,1.770299085962534
-0.8622608954549857,1.8447640197015245,-12.424988385960793,3.540598171925068,-0.68952803940307,1.7719662060230204
-0.8614562670371431,1.8454917194065086,-12.424864894866868,3.5439324120460407,-0.6909834388130381,1.7755403623321826
-0.856437288542347,1.8458202259989123,-12.425319644163537,3.551080724664365,-0.6916404519978456,1.7759031539068864
-0.8431051748728748,1.846306312791588,-12.42552507852906,3.5518063078137727,-0.6926126255831968,1.7794293390448803
-0.8257556822921206,1.8462301022873728,-12.426611803984475,3.5588586780897606,-0.6924602045747663,1.7801003373467337
-0.8045382726077293,1.8471955711896217,-12.426110259838698,3.5602006746934673,-0.694391142379264,1.7842771979227066
-0.7916378959207115,1.8479323223956918,-12.42596315024096,3.568554395845413,-0.6958646447914042,1.7868599347826704
-0.7781204149359233,1.8482749597196768,-12.42636034859394,3.5737198695653407,-0.6965499194393744,1.7891871154919414
-0.762747795297031,1.848992871111787,-12.42623452989049,3.578374230983883,-0.6979857422235946,1.7920047497674774
-0.7426232568250608,1.8485167931546616,-12.42788961046586,3.5840094995349547,-0.697033586309344,1.7897071049178173
-0.7182272866474921,1.848348770260094,-12.429120647767569,3.5794142098356345,-0.6966975405202088,1.7861489973696898
-0.6975992237902044,1.8488176771872005,-12.429357770419465,3.5722979947393796,-0.6976353543744216,1.7856230448344503
-0.6788275233849266,1.8495121211346035,-12.429265404806475,3.5712460896689007,-0.6990242422692274,1.7904638218499322
-0.6590282299693833,1.850165602677657,-12.429238473395666,3.5809276436998645,-0.7003312053553342,1.7936128119260208
-0.6342040018953305,1.8501651192209567,-12.430171250929266,3.5872256238520417,-0.7003302384419337,1.7940766186496235
-0.6024077701458985,1.8507287672873391,-12.430312124647065,3.588153237299247,-0.7014575345746984,1.7957442606810496
-0.5722318739383336,1.8505273504263775,-12.431536525558728,3.5914885213620993,-0.7010547008527751,1.7942713911478634
-0.537758628415677,1.8506462537390365,-12.432275443949669,3.5885427822957268,-0.7012925074780931,1.796341732217372
-0.5079197949014169,1.8510291962327934,-12.432678923741577,3.592683464434744,-0.7020583924656068,1.7938628519191724
-0.47310519572495835,1.8515000630335507,-12.432927359254183,3.5877257038383448,-0.7030001260671215,1.7945646779306546
-0.4422685873398038,1.8516515581649862,-12.433606174011299,3.589129355861309,-0.7033031163299922,1.7986429023346477
-0.41043009603888514,1.8526417026064164,-12.43307823206262,3.5972858046692955,-0.7052834052128525,1.8019253031362237
-0.3855241526903228,1.8520255714092053,-12.434928535634182,3.6038506062724474,-0.7040511428184304,1.7951549982134345
-0.3562752293113469,1.852430661781932,-12.43531854024964,3.590309996426869,-0.7048613235638835,1.79351138560605
-0.33524025609511376,1.8519238837414416,-12.437001412174368,3.5870227712121,-0.7038477674829027,1.7892281306317286
-0.31355210391921773,1.852152698133393,-12.437560764395197,3.578456261263457,-0.7043053962668056,1.7929871388129275
-0.29694223187883395,1.8530065496425816,-12.43722176828506,3.585974277625855,-0.7060130992851829,1.7969193313440743
-0.28684047523136513,1.853230065792814,-12.437866056276434,3.5938386626881487,-0.7064601315856478,1.7948854841397153
-0.2756433977282349,1.8535181422855755,-12.438370955452621,3.5897709682794305,-0.7070362845711708,1.794703443712589
-0.2663917110590077,1.854168295594421,-12.438337955691205,3.589406887425178,-0.7083365911888617,1.7958742429704304
-0.26138721164706524,1.854295057605841,-12.439182123299112,3.591748485940861,-0.7085901152117016,1.796003859677
-0.2504710493794171,1.854294168425002,-12.440154366932155,3.592007719354,-0.7085883368500235,1.7953908009018718
-0.23889607547296698,1.854932538718136,-12.440123886435133,3.5907816018037435,-0.7098650774362912,1.7977620523201097
-0.23235447186076286,1.8547907505802237,-12.441291682260996,3.5955241046402193,-0.7095815011604666,1.7989767836719541
-0.22513531746714577,1.8549621872026605,-12.441966895724045,3.5979535673439083,-0.7099243744053401,1.79825203065009
-0.22371453079417591,1.8555854164354961,-12.442002575598467,3.59650406130018,-0.7111708328710116,1.7975542374666957
-0.22347170209459577,1.855565116964426,-12.442956450488769,3.5951084749333915,-0.7111302339288714,1.799760347668791
-0.22221972066978601,1.855831308815316,-12.443515657632169,3.599520695337582,-0.7116626176306513,1.7991859685044167
-0.2215573551407637,1.8563519892010492,-12.443696528753184,3.5983719370088334,-0.7127039784021177,1.8003357902415331
-0.22150223485465048,1.8570926881951668,-12.443532891592703,3.6006715804830662,-0.7141853763903533,1.8056029337996538
-0.2219421079608015,1.8572972569316082,-12.444212270921515,3.6112058675993075,-0.7145945138632361,1.8037677254961604
-0.22015029642005324,1.8577778823489797,-12.44448283422482,3.6075354509923208,-0.7155557646979789,1.8030893582067076
-0.2192624460155539,1.8584973592503695,-12.444400618991978,3.606178716413415,-0.7169947185007586,1.804624719233014
-0.2220669719444519,1.858689255696856,-12.445061816030705,3.609249438466028,-0.7173785113937314,1.8027232846299115
-0.21732057087008627,1.859515181020541,-12.444768529564891,3.605446569259823,-0.7190303620411017,1.8067910427126284
-0.21551118543996672,1.8593778003647299,-12.445920272301803,3.6135820854252567,-0.7187556007294792,1.807091688032958
-0.20484433042026673,1.8593918914612768,-12.446820962172021,3.614183376065916,-0.7187837829225731,1.8051976647553887
-0.19657349090664944,1.8598371355321417,-12.447132599221536,3.6103953295107774,-0.7196742710643026,1.8051876796955293
-0.19379724824696432,1.8613279055601377,-12.445869158270224,3.6103753593910586,-0.7226558111202946,1.807759384033702
-0.1926763208363873,1.8621000856363643,-12.445718107792016,3.615518768067404,-0.7242001712727478,1.805970082350448
-0.1833907936413688,1.8628811826900373,-12.445491761189333,3.611940164700896,-0.7257623653800939,1.806495321273746
-0.17365880903129138,1.8632979273695494,-12.44578524048694,3.612990642547492,-0.7265958547391177,1.806777021473417
-0.15980275029539293,1.86401983730044,-12.445662014859803,3.613554042946834,-0.728039674600899,1.8062974985255225
-0.14469246824008586,1.8644897170550598,-12.445914458299798,3.612594997051045,-0.7289794341101389,1.8070115866004473
-0.12863452601689396,1.8642246306574362,-12.44725633277081,3.6140231732008945,-0.7284492613148915,1.8016263536600998
-0.10784245159967298,1.864033163041481,-12.448475303484884,3.6032527073201996,-0.7280663260829813,1.7963886432995695
-0.08954341135559396,1.864869010277773,-12.448125879047147,3.592777286599139,-0.7297380205555652,1.7993785698008409
-0.07812065093859388,1.864984151277401,-12.448939560710977,3.5987571396016818,-0.7299683025548215,1.7944054616876373
-0.06069559634348387,1.8648974573100856,-12.44993936957741,3.5888109233752745,-0.7297949146201905,1.7936984626266952
-0.043902841346152854,1.8646476696198229,-12.451274491451763,3.5873969252533904,-0.7292953392396653,1.7883913304782966
-0.02994877799179818,1.8652271571807222,-12.451331198809124,3.576782660956593,-0.7304543143614639,1.7897775797313042
-0.023407630458057938,1.8651582638539577,-12.452332248331263,3.5795551594626085,-0.7303165277079351,1.7881132803694255
-0.013744958804595697,1.866285935715222,-12.451634449316222,3.576226560738851,-0.7325718714304637,1.7894147637965532
-0.010103406822135952,1.866770584207219,-12.451867885189083,3.5788295275931064,-0.733541168414458,1.787969313869041
-0.003106688529364021,1.8660610674985902,-12.453860251251257,3.575938627738082,-0.7321221349972002,1.7855636623388778
0.007898536400656297,1.8673902647610625,-12.45282240764297,3.5711273246777555,-0.7347805295221447,1.7903211618683368
0.005844917780981618,1.8681359975714782,-12.452624711613215,3.5806423237366736,-0.7362719951429761,1.7932570489818338
0.012367068710469553,1.8689808664291387,-12.452309608163093,3.5865140979636676,-0.7379617328582974,1.7987179278522187
0.021963203925603025,1.8703675921255944,-12.451226667282018,3.5974358557044375,-0.7407351842512089,1.8024195386089457
0.031918173237402314,1.8716092435240728,-12.45028789689543,3.6048390772178913,-0.7432184870481655,1.80337736275791
0.04115980094321792,1.8726111799784788,-12.449776262697979,3.60675472551582,-0.7452223599569774,1.8037720153537076
0.053156080339654466,1.872982631271597,-12.45014236769309,3.607544030707415,-0.7459652625432136,1.80375103737703
0.06739169931361566,1.8727831732181062,-12.451416673566888,3.60750207475406,-0.7455663464362323,1.7970933263145146
0.08242312914542005,1.8740791273247006,-12.450466018848395,3.594186652629029,-0.7481582546494212,1.800315467140136
0.08867524212533695,1.8736031169330207,-12.452095528071103,3.600630934280272,-0.7472062338660613,1.7950195107797238
0.10322217458977079,1.8734718855087649,-12.45321997746966,3.5900390215594475,-0.7469437710175497,1.7929262068952712
0.11548863619876926,1.87309648096447,-12.454733964685216,3.5858524137905423,-0.7461929619289597,1.7884246945833804
0.12825857695002796,1.8730776498369555,-12.455624936853473,3.5768493891667608,-0.7461552996739307,1.7860202886891685
0.13361935470049247,1.8731178371332775,-12.456423402901661,3.572040577378337,-0.7462356742665749,1.782749407837557
0.1377651955912551,1.8733295505312009,-12.45700689690658,3.565498815675114,-0.7466591010624215,1.7812573566148666
0.14175682251151578,1.873605605404155,-12.457497614433501,3.5625147132297332,-0.7472112108083298,1.7811647260563808
0.14748256858209885,1.8741989339762735,-12.457526051143915,3.5623294521127615,-0.7483978679525667,1.7809941638116438
0.15057247572517518,1.87461257926118,-12.457809622348623,3.5619883276232875,-0.7492251585223798,1.7826860557873938
0.157074678618784,1.8748482330333682,-12.458373929866134,3.5653721115747876,-0.7496964660667559,1.782095145542809
0.1599997918268894,1.8760785533544637,-12.457469560083904,3.564190291085618,-0.752157106708947,1.785848556344235
0.15889627805484885,1.8764537535767767,-12.457795466503473,3.57169711268847,-0.7529075071535727,1.7855522223540976
0.1692679567006632,1.8772249092989077,-12.457541181643192,3.571104444708195,-0.7544498185978347,1.7883479202382495
0.17336198640196443,1.8773994748459377,-12.458201125178027,3.576695840476499,-0.7547989496918946,1.786690878865769
0.1788045495710886,1.8771014826665775,-12.45955381951623,3.573381757731538,-0.7542029653331742,1.781061036225591
0.18170284559935368,1.8774996437305655,-12.459863270333056,3.562122072451182,-0.7549992874611504,1.7803960453124525
0.1739330413718836,1.8783446654802178,-12.459534990200575,3.560792090624905,-0.7566893309604549,1.781685532414655
0.1603586999617228,1.8783012392078224,-12.460529424073298,3.56337106482931,-0.756602478415664,1.7759786478323052
0.14791439516094051,1.8783741193348054,-12.461291150188215,3.5519572956646104,-0.75674823866963,1.7728218004830119
0.13287639895841252,1.8797468674663913,-12.46016322383584,3.5456436009660237,-0.7594937349328019,1.776197598916101
0.11583822507550856,1.8798473733172385,-12.460923130789805,3.552395197832202,-0.7596947466344962,1.7721057299597784
0.10234096334693277,1.8806304420016904,-12.460622903164118,3.544211459919557,-0.7612608840033999,1.773319438871908
0.08987123575969491,1.8804962078129819,-12.461662509357982,3.546638877743816,-0.7609924156259831,1.773137034358428
0.0843451029648925,1.8807480719878422,-12.462192166115553,3.546274068716856,-0.7614961439757039,1.7722176776477516
0.07922018776707951,1.8813064799697867,-12.462237313278083,3.5444353552955032,-0.7626129599395929,1.772219624432907
0.07483224293003232,1.8813429525826988,-12.463066947488604,3.544439248865814,-0.7626859051654168,1.7700956055730883
0.07457513116351322,1.881840558731871,-12.463195607478012,3.5401912111461766,-0.7636811174637612,1.7712396679048255
0.07253159138646126,1.8817538921923758,-12.464218706156226,3.542479335809651,-0.763507784384771,1.765470779425535
0.07334261283695831,1.8819995741091915,-12.46471196159348,3.53094155885107,-0.7639991482184024,1.7652046537415798
0.0701591498708769,1.882195734773492,-12.465292625076632,3.5304093074831595,-0.7643914695470033,1.7666710310277618
0.06654107068984416,1.8812118663636763,-12.467652569608648,3.5333420620555236,-0.7624237327273723,1.7575428548509315
0.06598311436362003,1.882122814842053,-12.467224653536158,3.515085709701863,-0.7642456296841256,1.758533473113943
0.05003872096365569,1.8831154515591202,-12.466639970117834,3.517066946227886,-0.7662309031182599,1.7599305703555985
0.036938329156447125,1.8828341048202297,-12.467932648699566,3.519861140711197,-0.7656682096404791,1.753669052245007
0.028537457313220216,1.8834167589426252,-12.467912403454289,3.507338104490014,-0.7668335178852699,1.7573633981939953
0.016141218185588002,1.8835856420032357,-12.468511137966878,3.5147267963879907,-0.7671712840064909,1.7554220209774123
0.00959785824663939,1.8830539040307608,-12.47014715630506,3.5108440419548246,-0.7661078080615408,1.7525312208004127
0.0041194855016541965,1.8836132826806522,-12.470101957391941,3.5050624416008254,-0.7672265653613237,1.756954903033959
-0.010526262826157762,1.8843751219138467,-12.469862923910643,3.513909806067918,-0.7687502438277126,1.7575688377337277
-0.022093180783834043,1.885319398066181,-12.469308690122217,3.5151376754674555,-0.7706387961323814,1.7646656098896374
-0.0301859475253341,1.885512159015471,-12.469930642572391,3.5293312197792748,-0.7710243180309613,1.7623321324537746
-0.03826874634071942,1.8852762084740893,-12.471103873223015,3.5246642649075492,-0.7705524169481975,1.7581845916742396
-0.0444956464934787,1.8864794529621394,-12.470239135836556,3.516369183348479,-0.7729589059242978,1.7584153001687006
-0.05894747307970505,1.8865645368886304,-12.470951126504778,3.5168306003374012,-0.7731290737772797,1.7575899073792187
-0.06338123929302597,1.8873026248773155,-12.470726998513456,3.5151798147584374,-0.7746052497546498,1.758192856736767
-0.06982098891827171,1.887534937330255,-12.471264528490316,3.516385713473534,-0.7750698746605289,1.7567770237608944
-0.07363519837660348,1.8881525792991871,-12.471169007695988,3.513554047521789,-0.776305158598393,1.7581314675743893
-0.07706979008397852,1.8890370800485297,-12.47071336991891,3.5162629351487786,-0.7780741600970779,1.7620497316918142
-0.08007441852860353,1.889016297081545,-12.471633350339498,3.5240994633836284,-0.7780325941631085,1.758092498966935
-0.07538597323899054,1.8888984080178866,-12.472593873253448,3.51618499793387,-0.777796816035792,1.7576294455199861
-0.0714403731988078,1.88835961948577,-12.474239234291938,3.5152588910399722,-0.7767192389715586,1.7533854596315803
-0.06751522571449087,1.8884278019431875,-12.474980474076244,3.5067709192631606,-0.7768556038863936,1.7516903754386504
-0.06264003489892112,1.8885927411830745,-12.475603804243814,3.5033807508773007,-0.7771854823661679,1.7501906982519282
-0.06193136192221793,1.88862640891459,-12.476386171484538,3.5003813965038564,-0.777252817829199,1.7515730625385617
-0.06490184633412888,1.8884943366268607,-12.477460206786366,3.5031461250771234,-0.7769886732537403,1.7480081011552313
